0.007656033
0.007949885
0.02302027
0.02722042
0.02948685
0.0358267
0.04068222
0.04824895
0.05207776
0.06357158
0.06452142
0.07624798
0.0711544
0.082848
0.0957541
0.09448754
0.1080849
0.1106893
0.1147763
0.1239805
0.1253054
0.1362325
0.1354322
0.1483128
0.1480964
0.1586859
0.1566795
0.1720042
0.1685208
0.1806373
0.1770229
0.1941642
0.1921578
0.2091368
0.204139
0.223366
0.2186384
0.2355426
0.2272342
0.2480419
0.2403862
0.2621419
0.2489754
0.2724895
0.2612394
0.2844328
0.2702812
0.2964929
0.2806516
0.3050449
0.2893724
0.3135654
0.3031743
0.3201399
0.3148924
0.3265675
0.3245715
0.3372904
0.3381565
0.3508087
0.3508504
0.3613644
0.3620228
0.3719769
0.3745725
0.3868286
0.3867492
0.3953761
0.3953137
0.4039363
0.4066382
0.4125092
0.4205713
0.4248358
0.4292089
0.4388294
0.4412082
0.451277
0.4478186
0.4643078
0.4605994
0.4768716
0.4706075
0.4834762
0.4798994
0.4926365
0.4915824
0.5058255
0.5019463
0.5182713
0.5122692
0.5298625
0.5238979
0.5423664
0.5324481
0.5515934
0.5409808
0.5626385
0.5520932
0.5692702
0.5643138
0.5791324
0.5760925
0.590207
0.5886901
0.6034316
0.59724
0.6170271
0.6079794
0.6262895
0.6182937
0.6448746
0.6311617
0.6569283
0.6377664
0.6683717
0.649695
0.6813672
0.6600863
0.6931421
0.6666907
0.7069582
0.6755633
0.7135707
0.686069
0.7253309
0.6979291
0.7389618
0.7098333
0.747503
0.7183958
0.7541593
0.7303743
0.7681924
0.7447054
0.7790003
0.7578343
0.7876986
0.7678652
0.8015957
0.7801485
0.8134956
0.7928671
0.8254763
0.8039017
0.8363388
0.8162994
0.848549
0.8281015
0.8626254
0.838897
0.8747212
0.8511654
0.8881022
0.8646754
0.8970937
0.876642
0.9091684
0.8877083
0.9181994
0.9022309
0.9271674
0.9127284
0.9338614
0.9237074
0.9463008
0.9351506
0.9585358
0.9419067
0.9718271
0.9483566
0.981877
0.9569712
0.997735
0.9677063
1.007612
0.9812374
1.020699
0.9928309
1.033809
1.002364
1.047623
1.011297
1.061334
1.024084
1.07322
1.034971
1.084287
1.043532
1.095741
1.055065
1.108284
1.06741
1.12119
1.078283
1.134534
1.090193
1.14755
1.102768
1.160071
1.115674
1.170631
1.124821
1.183733
1.133534
1.19552
1.143505
1.207286
1.157504
1.216063
1.169266
1.227629
1.183143
1.237363
1.191788
1.249821
1.201674
1.260204
1.210272
1.268879
1.223624
1.280361
1.234035
1.286942
1.246204
1.293522
1.252945
1.302131
1.259368
1.308694
1.265808
1.317277
1.275022
1.325894
1.283544
1.332685
1.290144
1.341253
1.296551
1.347993
1.305094
1.354389
1.315364
1.36096
1.321989
1.369607
1.330591
1.380855
1.339212
1.387426
1.345793
1.396025
1.357166
1.402648
1.363736
1.411317
1.370136
1.417915
1.376545
1.429526
1.38589
1.436158
1.394501
1.448187
1.403088
1.456872
1.411654
1.463449
1.422281
1.472061
1.430883
1.484257
1.437433
1.492825
1.443832
1.501758
1.450251
1.508354
1.458899
1.516976
1.465657
1.523733
1.474215
1.533024
1.48329
1.539787
1.491931
1.552076
1.498673
1.558666
1.507271
1.568682
1.517785
1.57731
1.524364
1.584069
1.530764
1.59314
1.537203
1.601954
1.548563
1.610533
1.560282
1.617108
1.57076
1.625662
1.577342
1.634555
1.585894
1.643155
1.596208
1.649727
1.602762
1.656288
1.609162
1.662688
1.615559
1.671288
1.622012
1.683469
1.630878
1.692116
1.637613
1.699087
1.644022
1.711003
1.652561
1.717754
1.661317
1.727149
1.672148
1.735718
1.680667
1.748438
1.687226
1.755196
1.693654
1.765194
1.70042
1.777314
1.710936
1.783906
1.717516
1.794473
1.726934
1.80346
1.733494
1.812753
1.739886
1.81933
1.746465
1.825727
1.755269
1.832353
1.773595
1.840926
1.78016
1.849521
1.786727
1.856086
1.79336
1.864673
1.804809
1.871608
1.81338
1.882526
1.822459
1.889084
1.829026
1.895485
1.837871
1.904085
1.844425
1.912684
1.859544
1.919257
1.87072
1.925663
1.879316
1.93435
1.885891
1.941119
1.89471
1.951269
1.903424
1.957999
1.910007
1.964416
1.918715
1.971004
1.925328
1.979589
1.933862
1.988141
1.940423
1.996703
1.950058
2.005399
1.956677
2.011986
1.965539
2.022867
1.972089
2.033779
1.978687
2.043731
1.987221
2.052319
1.993821
2.063947
2.000376
2.073862
2.006754
2.082482
2.013156
2.093657
2.019573
2.100469
2.02849
2.112267
2.035089
2.118873
2.041683
2.131081
2.050556
2.13785
2.064278
2.148189
2.072939
2.154913
2.083055
2.161481
2.089665
2.170774
2.098243
2.179322
2.106821
2.18588
2.118088
2.194503
2.126713
2.206546
2.136337
2.213144
2.14555
2.221787
2.154153
2.230639
2.160886
2.237197
2.167472
2.243774
2.188209
2.254366
2.196752
2.263011
2.203338
2.269834
2.21331
2.281971
2.224352
2.288726
2.233002
2.298402
2.241589
2.307008
2.250151
2.317598
2.260736
2.326343
2.267311
2.337775
2.275877
2.348851
2.282457
2.355409
2.292948
2.364142
2.299517
2.372705
2.308124
2.379276
2.314873
2.389698
2.323485
2.396277
2.332145
2.406893
2.341085
2.415782
2.349617
2.422343
2.356217
2.430993
2.362617
2.439524
2.369185
2.448117
2.37575
2.455194
2.384336
2.461587
2.394417
2.468009
2.403114
2.474408
2.415137
2.484098
2.423749
2.496194
2.432382
2.504806
2.44128
2.515341
2.460663
2.52193
2.469271
2.53054
2.479339
2.537099
2.486081
2.543509
2.49488
2.552807
2.501457
2.561383
2.507866
2.568002
2.518076
2.577171
2.530584
2.586072
2.540279
2.592805
2.546846
2.599256
2.55324
2.607859
2.559677
2.619576
2.568314
2.626138
2.574879
2.634825
2.583439
2.641582
2.590055
2.651702
2.601541
2.658648
2.608105
2.671577
2.614478
2.681241
2.620936
2.687972
2.629457
2.694376
2.638012
2.702976
2.644733
2.711578
2.651125
2.718132
2.657546
2.724525
2.663946
2.731138
2.672575
2.742183
2.683145
2.748737
2.693332
2.755137
2.704065
2.76411
2.710847
2.77067
2.724705
2.779203
2.73325
2.787697
2.739833
2.794301
2.746393
2.807603
2.752783
2.814177
2.759389
2.820736
2.767943
2.829736
2.774505
2.839496
2.780899
2.848462
2.787276
2.855054
2.793732
2.863668
2.802267
2.872228
2.808851
2.878801
2.818661
2.887455
2.828006
2.896036
2.834562
2.902657
2.840941
2.912494
2.847341
2.919067
2.853741
2.927727
2.86234
2.93797
2.869074
2.946553
2.877717
2.953109
2.884271
2.959666
2.890709
2.968599
2.899274
2.97839
2.907832
2.984932
2.916386
2.991357
2.924998
3.000398
2.933854
3.011188
2.940576
3.019781
2.946979
3.028383
2.955741
3.036926
2.964272
3.043483
2.970996
3.049865
2.977569
3.056266
2.986158
3.06284
2.992767
3.071592
3.001321
3.084092
3.009865
3.09671
3.018981
3.103331
3.025581
3.114245
3.034139
3.123716
3.04273
3.133358
3.049472
3.142253
3.05804
3.151963
3.075182
3.160682
3.083738
3.167263
3.0971
3.173662
3.108835
3.180063
3.117454
3.188657
3.127097
3.201596
3.133653
3.210662
3.140042
3.217252
3.146443
3.225841
3.164024
3.236116
3.172713
3.244661
3.181327
3.251221
3.190268
3.257617
3.196844
3.26623
3.203248
3.2749
3.212201
3.285979
3.218776
3.294612
3.22738
3.301193
3.233934
3.307789
3.240324
3.318616
3.246899
3.328315
3.256556
3.335084
3.263123
3.341482
3.271723
3.35018
3.281864
3.358696
3.291269
3.365306
3.301437
3.373844
3.310376
3.382447
3.318905
3.393612
3.327507
3.400383
3.339021
3.408974
3.347934
3.419147
3.354534
3.425726
3.363235
3.436627
3.375289
3.443187
3.383904
3.449575
3.396999
3.455979
3.403577
3.464792
3.412399
3.476777
3.421705
3.489347
3.432781
3.49592
3.439332
3.504497
3.445732
3.515895
3.454252
3.52439
3.460829
3.535431
3.471064
3.542019
3.482891
3.552575
3.489514
3.561116
3.498311
3.57122
3.504863
3.579745
3.511248
3.588255
3.518044
3.599522
3.532263
3.608097
3.542854
3.618987
3.554916
3.625577
3.561487
3.634155
3.569981
3.645506
3.580684
3.655693
3.58724
3.664741
3.593663
3.673289
3.600063
3.683522
3.608967
3.696769
3.620796
3.705305
3.627396
3.715109
3.639512
3.727102
3.656555
3.733708
3.662972
3.742304
3.675176
3.754162
3.68643
3.765653
3.696771
3.774586
3.708294
3.783116
3.720481
3.794013
3.729633
3.802563
3.736194
3.813902
3.744683
3.825946
3.753161
3.837823
3.759774
3.846341
3.771303
3.856984
3.779836
3.865513
3.789901
3.872084
3.798415
3.880578
3.808231
3.891473
3.816781
3.903283
3.826925
3.91434
3.838754
3.92616
3.847257
3.934716
3.855791
3.946361
3.864282
3.952918
3.87279
3.959336
3.884859
3.968244
3.895613
3.980249
3.90416
3.99194
3.913894
4.002614
3.922451
4.013894
3.931916
4.024849
3.941991
4.036364
3.950576
4.048816
3.95909
4.059707
3.968167
4.070817
3.976681
4.083806
3.98519
4.092802
3.997837
4.105021
4.004416
4.112181
4.01296
4.125626
4.024189
4.134217
4.032722
4.142738
4.039322
4.151244
4.052406
4.163029
4.058988
4.174083
4.065406
4.180646
4.073915
4.192554
4.085121
4.204072
4.096568
4.218966
4.103347
4.229365
4.116672
4.236011
4.129039
4.248977
4.141205
4.261446
4.152902
4.2745
4.164102
4.284712
4.172652
4.294062
4.18116
4.307032
4.190251
4.323036
4.20247
4.330151
4.211049
4.343711
4.221786
4.355844
4.238319
4.370176
4.244963
4.379929
4.257415
4.393137
4.264185
4.402134
4.276739
4.415144
4.283345
4.425828
4.296118
4.439015
4.304765
4.45435
4.319207
4.46916
4.333975
4.484466
4.34484
4.499797
4.355641
4.514277
4.366352
4.530002
4.378305
4.545335
4.398622
4.558345
4.413072
4.57264
4.425034
4.590544
4.435534
4.605098
4.449648
4.623125
4.456537
4.636808
4.472543
4.652957
4.486037
4.663838
4.498703
4.686097
4.514036
4.705605
4.525881
4.7219
4.535902
4.743037
4.548477
4.755766
4.563447
4.771501
4.576068
4.785998
4.588226
4.800102
4.610219
4.816698
4.626446
4.831616
4.63997
4.846395
4.65287
4.8711
4.666303
4.888158
4.682065
4.905091
4.696307
4.920878
4.717977
4.936136
4.744507
4.950034
4.761555
4.966233
4.776175
4.97979
4.798298
4.994233
4.814435
5.012933
4.832328
5.026699
4.850209
5.047086
4.867011
5.056427
4.886706
5.076131
4.900341
5.091285
4.912999
5.105959
4.929801
5.123753
4.947634
5.136988
4.963881
5.151948
4.977488
5.168129
4.993818
5.181057
5.015834
5.195214
5.028147
5.21023
5.043751
5.230588
5.059151
5.24501
5.078856
5.257562
5.098258
5.272929
5.113146
5.284662
5.132542
5.302547
5.144694
5.314663
5.158831
5.333396
5.17836
5.348408
5.196299
5.363264
5.209405
5.378351
5.228167
5.392959
5.242723
5.406059
5.260604
5.420917
5.276134
5.436292
5.296428
5.452152
5.314896
5.466718
5.32869
5.482486
5.345289
5.498723
5.362139
5.521594
5.378695
5.536787
5.398344
5.560509
5.425756
5.576711
5.442006
5.597067
5.458472
5.614127
5.498094
5.635416
5.519489
5.659953
5.544326
5.683859
5.565874
5.710447
5.593267
5.73582
5.61647
5.757943
5.637466
5.783352
5.658799
5.808122
5.677288
5.836388
5.705215
5.857386
5.72762
5.877
5.786121
5.903503
5.814997
5.939607
5.838151
5.971416
5.861882
6.008883
5.937726
6.033917
5.998414
6.077145
6.041888
6.111342
6.079326
6.144908
6.164124
6.17772
6.189548
6.216202
6.220486
6.240117
6.240246
6.276206
6.26848
6.304632
6.300921
6.333916
6.32581
6.375834
6.357051
6.402604
6.426272
6.450643
6.548134
6.486959
6.57779
6.536119
6.609206
6.586406
6.643744
6.636838
6.682254
6.687204
6.71691
6.736703
6.859389
6.787123
6.909578
6.837259
6.959601
6.88722
7.009665
6.936851
7.059739
6.987064
7.109838
7.037177
7.160041
7.087432
7.210536
7.137658
7.26072
7.237329
7.310667
7.287613
7.361128
7.337966
7.411527
7.387967
7.461838
7.438324
7.512329
7.488458
7.562107
7.538622
7.612586
7.588617
7.662254
7.638742
7.712565
7.688854
7.762327
7.738763
7.812059
7.788387
7.861852
7.838716
7.912186
7.889155
7.962655
7.93909
8.062455
7.989382
8.112706
8.039161
8.162449
8.088895
8.212827
8.138772
8.263238
8.189007
8.313758
8.238769
8.363784
8.288482
8.413516
8.338245
8.463635
8.388396
8.513247
8.438139
8.563244
8.487817
8.613643
8.538133
8.71415
8.58781
8.764106
8.63784
8.814042
8.687639
8.864439
8.738061
8.914068
8.788222
8.964499
8.83847
9.014892
8.888701
9.064557
8.938549
9.114277
8.988501
9.16437
9.087925
9.21417
9.137808
9.264031
9.187486
9.314335
9.237217
9.364755
9.336797
9.415022
9.38725
9.465396
9.437382
9.515698
9.487066
9.565629
9.537398
9.615553
9.587023
9.665347
9.686393
9.716863
9.736134
9.76596
9.786819
9.816561
9.837152
9.865728
9.887147
9.915719
9.936843
9.965691
9.986513
10.01565
10.03688
10.06528
10.08727
10.11546
10.13719
10.1654
10.18688
10.21577
10.23688
10.26547
10.28668
10.31541
10.33654
10.36553
10.38644
10.41566
10.43652
10.4654
10.48699
10.51588
10.58752
10.56606
10.63781
10.61599
10.68794
10.66567
10.73817
10.71607
10.78839
10.76588
10.83807
10.8156
10.88849
10.86547
10.93812
10.91518
10.98857
11.01518
11.03839
11.0654
11.08806
11.1152
11.13791
11.16567
11.18831
11.21587
11.23797
11.26632
11.28791
11.31644
11.33785
11.3668
11.38824
11.41719
11.43812
11.46747
11.48838
11.51773
11.53802
11.56786
11.58828
11.66839
11.63843
11.71885
11.68858
11.76923
11.73884
11.81968
11.78851
11.8695
11.83896
11.91955
11.88932
11.96966
11.93957
12.01992
11.98998
12.0701
12.03963
12.11998
12.0893
12.17021
12.1392
12.22029
12.18894
12.25564
12.22443
12.30563
12.27403
12.35594
12.32375
12.40608
12.37343
12.45651
12.42377
12.50668
12.47417
12.55664
12.52462
12.60655
12.57441
12.65636
12.62477
12.70631
12.67517
12.75651
12.72532
12.80691
12.77536
12.85708
12.82539
12.90746
12.87523
12.95709
12.92564
13.00742
12.97575
13.05766
13.02614
13.10824
13.07589
13.1587
13.12606
13.20875
13.17768
13.25817
13.22634
13.30803
13.27679
13.35796
13.32683
13.40788
13.37698
13.45763
13.42716
13.5073
13.47709
13.55715
13.52756
13.607
13.57718
13.65732
13.62679
13.70709
13.67714
13.75672
13.72744
13.80648
13.77766
13.85662
13.82727
13.90649
13.87746
13.95633
13.92748
14.00642
13.97719
14.05619
14.02708
14.10635
14.07724
14.15658
14.12752
14.20619
14.1772
14.25649
14.22758
14.30664
14.27784
14.35693
14.32807
14.40734
14.37845
14.45781
14.42874
14.50814
14.47891
14.55785
14.52901
14.60833
14.57877
14.65872
14.629
14.70907
14.67878
14.75934
14.77854
14.80966
14.82865
14.85937
14.87843
14.9093
14.9285
14.95945
14.97876
15.00965
15.02856
15.05961
15.07883
15.10925
15.12856
15.15954
15.17892
15.20966
15.22859
15.26011
15.27899
15.3104
15.32924
15.36059
15.37944
15.4103
15.42919
15.46052
15.47946
15.51019
15.52972
15.55998
15.58002
15.60969
15.63009
15.65998
15.67991
15.70964
15.72963
15.75936
15.77979
15.8092
15.82964
15.85936
15.87998
15.90939
15.93023
15.95974
15.98049
16.01003
16.03078
16.06025
16.08091
16.11065
16.13105
16.1609
16.18135
16.21109
16.23177
16.26132
16.28205
16.31137
16.33245
16.3615
16.38215
16.41185
16.43185
16.46218
16.4833
16.51258
16.53178
16.56237
16.58174
16.61205
16.63182
16.66197
16.68171
16.7124
16.73203
16.76221
16.78183
16.81264
16.83224
16.86229
16.88231
16.91256
16.93195
16.96261
16.98229
17.01255
17.0325
17.06264
17.08289
17.11297
17.1328
17.16277
17.18297
17.21264
17.23309
17.2627
17.2834
17.31269
17.33305
17.36283
17.38322
17.41281
17.4334
17.46323
17.48309
17.51323
17.53327
17.56301
17.58308
17.61282
17.63279
17.65755
17.68252
17.70779
17.73265
17.75826
17.78282
17.80865
17.83246
17.85829
17.88266
17.90849
17.93294
17.95859
17.98308
18.00879
18.03292
18.05894
18.08327
18.10865
18.13345
18.15844
18.18308
18.20815
18.23304
18.2586
18.28266
18.30834
18.3326
18.35852
18.38258
18.40825
18.43221
18.45839
18.4825
18.50845
18.53274
18.55878
18.58287
18.60915
18.63271
18.65879
18.68288
18.70906
18.73274
18.75955
18.78299
18.80988
18.83305
18.85965
18.88318
18.90954
18.9334
18.9592
18.98386
19.00945
19.03403
19.05989
19.0844
19.10966
19.1348
19.15962
19.18491
19.21007
19.2352
19.26021
19.28563
19.31032
19.33596
19.36027
19.38637
19.41047
19.43623
19.46039
19.48643
19.5108
19.53677
19.56057
19.58706
19.61092
19.63729
19.6607
19.68742
19.71033
19.73758
19.7604
19.78763
19.81083
19.83799
19.86065
19.88802
19.91086
19.93824
19.96069
19.98945
20.01064
20.03859
20.06118
20.08832
20.11113
20.13878
20.16086
20.18855
20.21099
20.23895
20.26115
20.28914
20.31125
20.33943
20.36143
20.38987
20.41174
20.43958
20.46188
20.48978
20.51155
20.54008
20.56182
20.59011
20.61189
20.64034
20.66155
20.69057
20.71129
20.74095
20.76096
20.79095
20.81136
20.84134
20.86181
20.89168
20.91158
20.94173
20.96116
20.99183
21.0115
21.0416
21.06114
21.09187
21.16129
21.14184
21.211
21.19143
21.26149
21.24179
21.31193
21.29182
21.36233
21.34229
21.41201
21.39195
21.4623
21.44183
21.51254
21.49221
21.5627
21.54247
21.6129
21.59269
21.66253
21.64285
21.71223
21.69279
21.76209
21.74247
21.81247
21.79282
21.86281
21.84262
21.91262
21.89279
21.96229
21.94302
22.01208
21.99327
22.06235
22.04315
22.11278
22.09347
22.16269
22.14374
22.21269
22.19367
22.26278
22.2438
22.31311
22.29348
22.41322
22.34359
22.46342
22.39331
22.51335
22.44301
22.56368
22.49267
22.61388
22.54305
22.66414
22.59327
22.71394
22.64354
22.7642
22.69324
22.81453
22.74361
22.86466
22.79374
22.91514
22.84365
22.96554
22.89359
23.01548
22.99327
23.06513
23.04317
23.11479
23.0933
23.16452
23.13997
23.21261
23.18426
23.2627
23.22953
23.31257
23.27916
23.36264
23.32966
23.41287
23.37966
23.46291
23.42933
23.51258
23.47946
23.56297
23.53082
23.61338
23.57986
23.66332
23.62964
23.70706
23.67833
23.75723
23.72846
23.8074
23.7779
23.85758
23.82803
23.9076
23.87802
23.95744
23.92765
24.00724
23.97799
24.05749
24.07778
24.1073
24.12759
24.15725
24.17768
24.20708
24.22775
24.25675
24.27796
24.30671
24.32758
24.35703
24.37789
24.40691
24.4281
24.45684
24.47823
24.50677
24.52847
24.55697
24.5785
24.60688
24.62844
24.6571
24.67834
24.70688
24.71841
24.75702
24.76834
24.80702
24.8187
24.85695
24.86904
24.90677
24.91928
24.95684
24.96895
25.0065
25.06921
25.0565
25.11923
25.10664
25.16943
25.15635
25.21968
25.20644
25.26979
25.25675
25.31973
25.30662
25.36979
25.35649
25.41988
25.40624
25.47035
25.45587
25.5207
25.50599
25.57048
25.55629
25.62029
25.60668
25.67069
25.65707
25.72043
25.70689
25.77073
25.7573
25.82116
25.80757
25.87161
25.8574
25.92155
25.90746
25.97119
25.95761
26.0208
26.00749
26.07092
26.05742
26.12094
26.10736
26.17132
26.15743
26.22128
26.20786
26.27139
26.25792
26.32148
26.30814
26.37112
26.35776
26.42078
26.40809
26.47058
26.45774
26.52032
26.5082
26.5706
26.5584
26.62101
26.60825
26.6714
26.65814
26.72187
26.70851
26.77228
26.75892
26.82277
26.80901
26.87231
26.85901
26.92257
26.9094
26.97233
26.95906
27.02217
27.00946
27.07232
27.0595
27.12207
27.1097
27.17354
27.15986
27.22244
27.20983
27.27231
27.26027
27.32229
27.31007
27.37157
27.36
27.42199
27.4101
27.47171
27.46014
27.52204
27.51006
27.57239
27.56037
27.62259
27.61053
27.67225
27.66044
27.7219
27.71026
27.77157
27.76044
27.82132
27.81073
27.87128
27.86099
27.92143
27.91119
27.97179
27.96153
28.02152
28.012
28.07112
28.0623
28.12135
28.11217
28.17148
28.16243
28.22169
28.21278
28.2713
28.26298
28.32155
28.31318
28.3717
28.36329
28.42208
28.41302
28.47216
28.46289
28.52215
28.51284
28.57236
28.5629
28.6221
28.61311
28.71801
28.66275
28.7682
28.71277
28.81802
28.76321
28.8678
28.81294
28.91744
28.85709
28.96787
28.90757
28.99777
28.9573
29.04806
29.00708
29.07793
29.0569
29.12454
29.10703
29.17437
29.1573
29.22409
29.20695
29.27381
29.25698
29.3237
29.30724
29.37383
29.3577
29.42363
29.40781
29.4738
29.45796
29.52396
29.50799
29.57422
29.55809
29.62442
29.60802
29.67475
29.65802
29.72473
29.70826
29.77495
29.75833
29.82532
29.8082
29.87572
29.85795
29.92589
29.90774
29.97632
29.95776
30.02639
30.00806
30.07601
30.05826
30.12592
30.10801
30.1764
30.15821
30.22687
30.20646
30.27678
30.30598
30.32648
30.35573
30.37611
30.40589
30.42599
30.45571
30.4624
30.50601
30.51242
30.55588
30.56225
30.60622
30.61254
30.65621
30.66219
30.75707
30.71232
30.80838
30.7621
30.85714
30.81377
30.90695
30.86241
30.95735
30.91227
31.00715
30.96191
31.05698
31.01153
31.10728
31.06157
31.15698
31.112
31.20738
31.16165
31.2576
31.21184
31.3074
31.26187
31.3576
31.31206
31.40804
31.36225
31.45837
31.46202
31.50865
31.51247
31.55831
31.56212
31.60844
31.6118
31.65807
31.66213
31.70856
31.71184
31.75818
31.76233
31.80824
31.81257
31.85844
31.86286
31.90882
31.91252
31.95844
31.96234
32.00877
32.01208
32.05904
32.06237
32.10933
32.1125
32.15899
32.16221
32.20871
32.21237
32.25833
32.26252
32.30844
32.31036
32.3557
32.3433
32.40575
32.39337
32.45559
32.44321
32.50551
32.54312
32.55569
32.59275
32.60588
32.64315
32.65628
32.69347
32.70642
32.7431
32.75611
32.79281
32.80627
32.8427
32.85647
32.89316
32.9067
32.94334
32.95721
32.99383
33.00684
33.0443
33.05669
33.09443
33.10684
33.14441
33.15651
33.19408
33.20617
33.24394
33.2566
33.29376
33.30688
33.34382
33.35688
33.39396
33.40727
33.44436
33.45751
33.49435
33.50749
33.59422
33.55721
33.64395
33.60746
33.69387
33.65789
33.74409
33.7038
33.79419
33.75415
33.84448
33.80381
33.89471
33.85394
33.94495
33.90366
33.99513
33.95409
34.04514
34.00396
34.09515
34.05375
34.14561
34.10406
34.19598
34.15628
34.24639
34.20486
34.29681
34.30496
34.34689
34.35456
34.39655
34.40416
34.44655
34.454
34.49647
34.50418
34.54638
34.55381
34.59615
34.60414
34.6462
34.65431
34.69613
34.70411
34.74625
34.75375
34.79654
34.85429
34.84698
34.90468
34.89707
34.9551
34.94733
35.00541
34.99773
35.05554
35.04739
35.10535
35.09781
35.15579
35.14814
35.20615
35.19852
35.25587
35.24878
35.30574
35.29865
35.35547
35.3485
35.40587
35.39867
35.4558
35.44905
35.50584
35.49937
35.55592
35.54972
35.60613
35.59966
35.65646
35.64933
35.7065
35.69966
35.75698
35.74985
35.80664
35.80023
35.85664
35.85052
35.90673
35.90072
35.95706
35.95099
36.00726
36.00115
36.05713
36.05092
36.10698
36.10083
36.15663
36.15046
36.20679
36.20011
36.25658
36.25036
36.30679
36.3003
36.35696
36.35023
36.40692
36.40031
36.45736
36.45074
36.50769
36.50038
36.55779
36.55029
36.60816
36.60009
36.65823
36.65042
36.70828
36.70011
36.75788
36.75018
36.80805
36.79998
36.85838
36.84956
36.90861
36.89949
36.95844
36.94982
37.0083
37.00015
37.05823
37.10051
37.10791
37.15017
37.15762
37.19977
37.20805
37.24995
37.25838
37.30019
37.30841
37.35041
37.35824
37.40057
37.4079
37.45074
37.45756
37.50117
37.50861
37.55102
37.5578
37.6023
37.60759
37.65126
37.65737
37.70137
37.7068
37.75159
37.7572
37.80139
37.80764
37.85139
37.85764
37.90135
37.90796
37.95176
37.95783
38.00194
38.00781
38.05236
38.05812
38.10209
38.10862
38.15212
38.15873
38.20208
38.20839
38.25196
38.25872
38.30199
38.30895
38.35216
38.35923
38.40221
38.40905
38.45218
38.45928
38.50212
38.50969
38.55178
38.56008
38.60198
38.61034
38.65242
38.66065
38.70224
38.71101
38.75188
38.76125
38.80155
38.81091
38.85126
38.8606
38.90099
38.91022
38.95127
38.96025
39.00167
39.01059
39.05207
39.06045
39.10191
39.11021
39.15154
39.16028
39.20167
39.21046
39.25181
39.26048
39.30212
39.31074
39.35225
39.36094
39.40217
39.41119
39.45253
39.4612
39.50298
39.51151
39.55299
39.60125
39.60343
39.63343
39.65344
39.68336
39.69703
39.71707
39.74723
39.76677
39.79039
39.8171
39.84072
39.86697
39.8904
39.91609
39.94078
39.95898
39.97753
40.00497
40.02724
40.02844
40.06231
40.12862
40.10073
40.16275
40.14442
40.18496
40.17869
40.22638
40.22575
40.25811
40.26735
40.29053
40.30115
40.33784
40.35081
40.38786
40.40063
40.43765
40.45035
40.48812
40.5001
40.53817
40.55028
40.58829
40.60063
40.63819
40.65096
40.68841
40.70063
40.73825
40.75042
40.78821
40.80016
40.83782
40.85002
40.88794
40.90008
40.93768
40.94983
40.98817
41.00027
41.03857
41.05069
41.08845
41.10047
41.13809
41.20026
41.18828
41.25043
41.23817
41.30037
41.28828
41.35037
41.33829
41.4003
41.38829
41.45064
41.43791
41.5009
41.48786
41.55116
41.53791
41.60147
41.58821
41.6512
41.63797
41.70088
41.68782
41.75101
41.73816
41.80079
41.7879
41.85115
41.83828
41.90123
41.88824
41.95142
41.93847
42.00105
41.98815
42.05113
42.0383
42.10133
42.08807
42.151
42.138
42.20102
42.18776
42.25093
42.2376
42.30081
42.28813
42.35092
42.33789
42.40135
42.38829
42.45142
42.43829
42.50148
42.48813
42.55127
42.53853
42.60115
42.58855
42.6512
42.63887
42.7015
42.68893
42.75133
42.73889
42.80141
42.78914
42.85184
42.83945
42.90166
42.88985
42.95193
42.93967
43.00214
42.98994
43.05181
43.04018
43.1018
43.09012
43.15157
43.14007
43.2014
43.18987
43.25179
43.23979
43.30167
43.28988
43.35207
43.33979
43.40231
43.43978
43.45229
43.48978
43.50259
43.54007
43.55254
43.59051
43.60303
43.64017
43.65343
43.69032
43.70343
43.74076
43.75392
43.791
43.80418
43.84079
43.85386
43.8908
43.90356
43.94094
43.95396
43.99057
44.00416
44.04095
44.05448
44.09084
44.10443
44.19086
44.15476
44.24071
44.20499
44.29033
44.25545
44.34077
44.30519
44.39084
44.35492
44.44124
44.40525
44.49101
44.45532
44.54097
44.50555
44.59139
44.55582
44.64146
44.60582
44.69177
44.65756
44.74123
44.70589
44.79165
44.75631
44.84167
44.8063
44.8913
44.85615
44.94175
44.90664
45.04162
44.95669
45.09198
45.00631
45.14162
45.05669
45.19168
45.10691
45.24144
45.15733
45.29165
45.20766
45.34154
45.25776
45.3916
45.3082
45.44181
45.35853
45.4921
45.40829
45.54176
45.45876
45.59187
45.50916
45.64175
45.55917
45.69166
45.60913
45.74183
45.65926
45.79169
45.70902
45.84171
45.75935
45.89173
45.80913
45.9417
45.85872
45.99194
45.90916
46.04205
45.95905
46.09216
46.00919
46.14217
46.05968
46.19262
46.11001
46.24281
46.21035
46.29319
46.26061
46.34346
46.31094
46.39366
46.36092
46.44336
46.41115
46.49309
46.46149
46.54315
46.51191
46.59279
46.61235
46.64251
46.66208
46.69262
46.71232
46.74296
46.76271
46.79332
46.813
46.84341
46.86291
46.89362
46.91286
46.94346
46.96254
46.99319
47.01292
47.04338
47.06278
47.09345
47.11318
47.14387
47.16333
47.19418
47.21337
47.2438
47.26368
47.29401
47.31393
47.34417
47.36381
47.3942
47.41413
47.444
47.46443
47.49424
47.51452
47.54465
47.5647
47.59478
47.6145
47.64466
47.6648
47.69479
47.71477
47.74478
47.7647
47.79451
47.81507
47.84499
47.86506
47.89547
47.91518
47.94733
47.96555
47.99577
48.01597
48.04569
48.06597
48.09546
48.1166
48.14526
48.16586
48.19566
48.21563
48.24566
48.26565
48.29573
48.31579
48.34546
48.36606
48.39557
48.41639
48.44537
48.46609
48.49511
48.51579
48.54477
48.56579
48.59439
48.6155
48.64443
48.66558
48.69476
48.71602
48.74469
48.76628
48.79491
48.81655
48.84458
48.86655
48.89429
48.91642
48.94397
48.96607
48.99362
49.01604
49.04332
49.0657
49.09378
49.11557
49.14423
49.16531
49.19407
49.21578
49.24378
49.26609
49.29349
49.31615
49.34335
49.36597
49.39317
49.41587
49.44357
49.46603
49.49346
49.51615
49.54331
49.56617
49.59378
49.61646
49.64339
49.66656
49.69328
49.71696
49.74368
49.76728
49.79411
49.81703
49.84442
49.86676
49.8947
49.91657
49.94501
49.96689
49.99529
50.01656
50.04554
50.06696
50.09544
50.11692
50.19542
50.16676
50.24587
50.21667
50.2956
50.26651
50.34542
50.31626
50.39507
50.36593
50.4447
50.41565
50.49499
50.46601
50.54521
50.51641
50.59523
50.56633
50.64561
50.61601
50.69539
50.66646
50.74515
50.71666
50.79479
50.767
50.84461
50.81721
50.89478
50.86766
50.94514
50.91732
50.9954
50.96751
51.04558
51.01727
51.09613
51.06698
51.14648
51.11673
51.19655
51.16713
51.24602
51.2179
51.29575
51.2683
51.34538
51.31877
51.39554
51.36844
51.44518
51.41841
51.49561
51.46774
51.54586
51.51791
51.59612
51.56763
51.64654
51.61805
51.69634
51.66814
51.74599
51.71851
51.79623
51.76886
51.84645
51.81847
51.89644
51.86811
51.94666
51.91837
51.99666
52.01916
52.04704
52.06899
52.09746
52.11863
52.14716
52.16886
52.19759
52.21871
52.24733
52.26913
52.29696
52.31936
52.34682
52.36919
52.39657
52.41919
52.44687
52.46938
52.49725
52.51911
52.54742
52.56915
52.59715
52.61931
52.6471
52.66914
52.69732
52.71902
52.7475
52.76923
52.79775
52.81945
52.84772
52.86989
52.89762
52.92018
52.94806
52.9699
52.99823
53.01952
53.04845
53.06983
53.09889
53.12025
53.1489
53.17048
53.19925
53.22011
53.24958
53.26996
53.29942
53.31956
53.3497
53.36937
53.39957
53.41903
53.44997
53.46917
53.49997
53.51887
53.55001
53.56896
53.60015
53.6188
53.65007
53.66923
53.69794
53.71964
53.7476
53.76991
53.798
53.8198
53.84797
53.8695
53.8976
53.91967
53.94783
53.96987
53.99787
54.02013
54.04763
54.07056
54.09809
54.12036
54.14849
54.17075
54.19894
54.2204
54.29823
54.27043
54.34881
54.3204
54.39859
54.37038
54.44868
54.42016
54.49876
54.47
54.54863
54.52031
54.5986
54.5702
54.64847
54.62082
54.69833
54.67009
54.74832
54.71988
54.79839
54.76979
54.84811
54.81985
54.89774
54.86964
54.94752
54.91973
54.99761
54.97007
55.04733
55.01987
55.09699
55.06959
55.14662
55.11928
55.19633
55.16901
55.24681
55.21931
55.29652
55.26913
55.34686
55.31885
55.39667
55.36853
55.44704
55.41888
55.49737
55.46919
55.54737
55.51964
55.59741
55.57001
55.6477
55.6203
55.69753
55.67007
55.74773
55.71985
55.79817
55.7697
55.84794
55.81963
55.89791
55.86934
55.94772
55.91976
55.99814
55.96965
56.04803
56.0197
56.09824
56.06932
56.14859
56.1196
56.19892
56.16991
56.24932
56.22016
56.29924
56.27058
56.34953
56.32044
56.39927
56.37066
56.44967
56.42071
56.49933
56.47093
56.54897
56.57049
56.5993
56.62065
56.64944
56.67064
56.69976
56.72078
56.74957
56.77097
56.79935
56.82104
56.84942
56.87071
56.89984
56.92042
56.94952
56.97055
56.99928
57.02083
57.04923
57.07118
57.09915
57.1215
57.14964
57.17121
57.19965
57.22154
57.24929
57.27121
57.29949
57.32151
57.34915
57.37138
57.39894
57.42109
57.44201
57.46764
57.49188
57.51808
57.54168
57.56796
57.5921
57.61794
57.64251
57.66763
57.69301
57.7177
57.74269
57.76816
57.7932
57.81783
57.84256
57.86814
57.89223
57.91863
57.94254
57.97007
57.99274
58.01855
58.09296
58.06903
58.14314
58.1189
58.193
58.16841
58.24307
58.21848
58.29314
58.26849
58.34347
58.31842
58.39349
58.36476
58.44386
58.41446
58.49397
58.46412
58.54435
58.51373
58.59483
58.56348
58.64526
58.61313
58.69536
58.66329
58.74569
58.71346
58.79576
58.76355
58.8462
58.81341
58.89653
58.86348
58.94702
58.91379
58.99733
58.96432
59.04725
59.01399
59.09686
59.06429
59.14648
59.11428
59.19674
59.16448
59.24688
59.21471
59.2972
59.26448
59.34725
59.31427
59.39687
59.36403
59.44688
59.41424
59.49667
59.46461
59.547
59.51503
59.5974
59.56491
59.64718
59.66432
59.697
59.71471
59.74678
59.76436
59.7966
59.81464
59.84694
59.86501
59.89685
59.91477
59.94718
59.9652
59.99734
60.01552
60.04734
60.06573
60.09698
60.11607
60.14692
60.16617
60.19691
60.21646
60.247
60.2668
60.29673
60.31693
60.34684
60.36665
60.39647
60.41637
60.44677
60.46604
60.49656
60.51588
60.54633
60.56566
60.59679
60.61537
60.6464
60.66525
60.69646
60.71529
60.74632
60.76565
60.79676
60.81594
60.84639
60.86582
60.89602
60.91625
60.94638
60.96652
60.99665
61.0167
61.04706
61.06712
61.09727
61.11755
61.14727
61.16785
61.19678
61.21829
61.24689
61.26871
61.29724
61.31864
61.34735
61.36885
61.39749
61.41922
61.44776
61.46884
61.49798
61.51861
61.54831
61.56894
61.59861
61.61928
61.64891
61.66908
61.69865
61.71875
61.7483
61.76894
61.79838
61.81864
61.84844
61.86868
61.89871
61.91904
61.94871
61.9688
61.99851
62.01841
62.0485
62.06849
62.09877
62.11867
62.14863
62.16834
62.19883
62.21849
62.24908
62.26889
62.29921
62.3186
62.34883
62.36862
62.39914
62.41886
62.44888
62.46875
62.49881
62.51846
62.54855
62.56888
62.59895
62.61913
62.64866
62.66949
62.69833
62.71916
62.74816
62.76938
62.79856
62.81973
62.8484
62.86935
62.89869
62.91962
62.94915
62.96928
62.99955
63.01968
63.04959
63.06997
63.09968
63.11968
63.15012
63.1696
63.19978
63.2196
63.24314
63.27005
63.29325
63.32038
63.34368
63.37075
63.39334
63.42052
63.44311
63.47091
63.49287
63.52125
63.54255
63.57174
63.59281
63.62151
63.64325
63.67123
63.69292
63.72166
63.74335
63.77208
63.79381
63.82243
63.84352
63.87256
63.89381
63.92221
63.94347
63.97233
63.99326
64.02258
64.04365
64.07291
64.094
64.12329
64.14445
64.17313
64.1948
64.22351
64.24513
64.27332
64.29543
64.32305
64.34506
64.3734
64.39553
64.42319
64.44573
64.47283
64.4956
64.52249
64.5453
64.57336
64.59495
64.62292
64.64536
64.67319
64.69531
64.72299
64.74579
64.77319
64.79625
64.82365
64.84666
64.87405
64.89632
64.92431
64.94597
64.97404
64.99644
65.02384
65.04677
65.07368
65.09724
65.12328
65.12669
65.16964
65.17171
65.21568
65.21278
65.26377
65.26319
65.31362
65.31236
65.36329
65.36244
65.41297
65.41285
65.44955
65.46325
65.49942
65.5129
65.54916
65.56252
65.59955
65.61237
65.64984
65.66204
65.6995
65.71238
65.74929
65.76269
65.79951
65.81303
65.84924
65.8633
65.89956
65.91361
65.94968
65.96383
65.99988
66.01357
66.04957
66.05226
66.07953
66.10193
66.11919
66.13297
66.16579
66.18289
66.19784
66.2329
66.24772
66.28297
66.29807
66.33317
66.34789
66.38351
66.39835
66.43349
66.44808
66.48344
66.49854
66.53339
66.54855
66.58322
66.59872
66.63353
66.64906
66.68327
66.69922
66.73347
66.74949
66.78355
66.79932
66.83373
66.84941
66.88355
66.89986
66.93362
66.95015
66.98399
67.00022
67.03429
67.04987
67.08449
67.09966
67.13478
67.14982
67.18465
67.20021
67.23462
67.25058
67.28469
67.30053
67.33472
67.35045
67.38482
67.40031
67.4352
67.45071
67.48531
67.50046
67.53533
67.55028
67.58531
67.6004
67.63547
67.65056
67.68513
67.7006
67.73541
67.75069
67.7856
67.851
67.83573
67.90112
67.8858
67.95141
67.93619
68.00152
67.98648
68.0518
68.03676
68.10159
68.08652
68.15205
68.13681
68.20246
68.18673
68.25218
68.2371
68.3022
68.2864
68.35245
68.33612
68.40303
68.3858
68.45358
68.43559
68.50311
68.48533
68.55272
68.53531
68.60317
68.58499
68.65332
68.6348
68.70375
68.68452
68.75403
68.73451
68.80382
68.78438
68.85378
68.83475
68.90402
68.88503
68.95404
68.93531
69.00451
68.98575
69.05482
69.03595
69.1053
69.08611
69.15557
69.13615
69.20597
69.18637
69.25642
69.23659
69.3065
69.28684
69.35629
69.33676
69.40598
69.38705
69.45642
69.43739
69.50608
69.48782
69.55577
69.53765
69.6055
69.58761
69.65576
69.63741
69.70556
69.68728
69.7556
69.73694
69.80556
69.78728
69.85527
69.83754
69.90536
69.88728
69.95573
69.93697
70.00591
69.98676
70.05622
70.03661
70.10587
70.08634
70.15587
70.13013
70.20589
70.17834
70.25593
70.22833
70.30595
70.27883
70.3564
70.32912
70.4067
70.37876
70.45654
70.42919
70.50636
70.47936
70.55627
70.52963
70.60667
70.58008
70.65707
70.63049
70.70689
70.68037
70.75682
70.73039
70.80688
70.78015
70.85716
70.83055
70.90739
70.88056
70.95712
70.98045
71.00536
71.03061
71.05412
71.08041
71.10434
71.13065
71.15427
71.18053
71.20039
71.23065
71.25034
71.28095
71.30054
71.33128
71.35081
71.38148
71.4006
71.43168
71.4509
71.48188
71.50055
71.53152
71.55032
71.63158
71.59998
71.68167
71.65031
71.7318
71.70004
71.78146
71.74984
71.83147
71.79597
71.87267
71.84592
71.92277
71.89623
71.97321
71.94662
72.02299
71.99703
72.07265
72.04674
72.12225
72.09651
72.17245
72.14679
72.22261
72.19678
72.27237
72.24639
72.32224
72.2961
72.37199
72.34538
72.42178
72.39517
72.47211
72.44479
72.52198
72.49483
72.57192
72.54459
72.62187
72.59423
72.66647
72.64436
72.71684
72.69472
72.76665
72.74492
72.81657
72.79463
72.86677
72.84488
72.91657
72.89511
72.96638
72.94489
73.01606
72.99471
73.06638
73.04436
73.11618
73.09459
73.16631
73.14451
73.21677
73.19484
73.26698
73.24522
73.31719
73.29504
73.36736
73.34509
73.41725
73.39545
73.46755
73.44589
73.51723
73.49616
73.56723
73.54594
73.61771
73.59569
73.66744
73.64544
73.71717
73.69582
73.76682
73.74601
73.81673
73.79636
73.86636
73.84674
73.9167
73.89646
73.9671
73.94681
74.01678
73.99724
74.06718
74.04736
74.11697
74.09764
74.16669
74.14761
74.21714
74.19786
74.26749
74.24801
74.3176
74.29848
74.3681
74.34887
74.41773
74.3987
74.46761
74.44897
74.51781
74.49868
74.56763
74.54836
74.61772
74.59809
74.66743
74.6981
74.71763
74.74775
74.76797
74.7981
74.81828
74.84782
74.86848
74.89795
74.91843
74.94814
74.96869
74.99786
75.01885
75.04752
75.06859
75.09763
75.119
75.14803
75.16909
75.19832
75.2194
75.24837
75.26975
75.29805
75.32151
75.34834
75.37058
75.3988
75.42094
75.44942
75.47022
75.49951
75.51992
75.54987
75.5702
75.59978
75.61994
75.64944
75.66974
75.69953
75.71965
75.74947
75.76935
75.79985
75.81978
75.85007
75.87014
75.89972
75.92032
75.94954
75.97007
75.9992
76.01986
76.04955
76.0698
76.09927
76.11958
76.14964
76.16985
76.19997
76.21952
76.25006
76.26913
76.3004
76.31886
76.35
76.4184
76.4003
76.46806
76.45072
76.51777
76.50109
76.56739
76.55072
76.61732
76.60107
76.66714
76.65071
76.71683
76.70113
76.76727
76.75083
76.81772
76.80122
76.86752
76.85169
76.91751
76.90209
76.96777
76.9521
77.01745
77.00214
77.06726
77.05185
77.11758
77.10215
77.16745
77.15192
77.21785
77.20228
77.26826
77.2523
77.31866
77.30259
77.36888
77.35292
77.41876
77.40263
77.46849
77.45299
77.51818
77.50323
77.56843
77.55349
77.61829
77.60335
77.6683
77.65338
77.71836
77.70351
77.76842
77.75353
77.81842
77.80382
77.86809
77.85364
77.9183
77.90356
77.96801
77.95347
78.01784
78.0035
78.06757
78.05342
78.11763
78.10336
78.16808
78.15369
78.21787
78.20342
78.26814
78.2533
78.31884
78.3029
78.36876
78.35294
78.41856
78.4026
78.46849
78.50281
78.51886
78.5529
78.56879
78.58939
78.61517
78.63039
78.6653
78.68055
78.71496
78.73063
78.76479
78.78061
78.81493
78.83059
78.86469
78.88094
78.91456
78.93096
78.96453
78.98129
79.01461
79.03147
79.06198
79.08128
79.11192
79.13089
79.16232
79.18089
79.21262
79.23058
79.26234
79.28034
79.31213
79.33078
79.36198
79.38044
79.4118
79.43027
79.46174
79.48021
79.51212
79.53006
79.56188
79.57994
79.61205
79.62971
79.6618
79.67967
79.71218
79.73012
79.76186
79.77991
79.81211
79.82999
79.862
79.87975
79.91238
79.93011
79.9628
79.98059
80.01257
80.03101
80.06232
80.08137
80.11273
80.13154
80.16258
80.18133
80.21253
80.2318
80.26273
80.28163
80.31281
80.33164
80.36251
80.3816
80.41218
80.43129
80.46258
80.4809
80.51223
80.5313
80.56252
80.58173
80.61293
80.63152
80.6627
80.68143
80.71313
80.73151
80.76327
80.78156
80.81323
80.83144
80.86332
80.88126
80.91357
80.93093
80.9633
80.98135
81.01304
81.03178
81.06329
81.08191
81.11324
81.13179
81.16325
81.18211
81.21316
81.23177
81.26317
81.28152
81.31336
81.33184
81.36395
81.38164
81.41369
81.43189
81.46379
81.48181
81.51332
81.53251
81.56322
81.58229
81.6627
81.63222
81.6999
81.68215
81.75003
81.72708
81.8001
81.77715
81.84997
81.82742
81.89987
81.8775
81.94975
81.92757
81.99944
81.97744
82.04988
82.0276
82.0995
82.07731
82.14934
82.12714
82.19894
82.17691
82.24893
82.22713
82.29884
82.27696
82.34927
82.32681
82.3991
82.37682
82.44949
82.42709
82.49953
82.47723
82.5499
82.52721
82.60007
82.57755
82.64989
82.62728
82.69956
82.67717
82.74922
82.72704
82.79934
82.7768
82.84973
82.87648
82.89986
82.92646
82.9498
82.97615
82.99949
83.02647
83.04928
83.07692
83.09967
83.12705
83.15012
83.17667
83.19986
83.22646
83.24973
83.27676
83.29992
83.32661
83.35028
83.37634
83.39995
83.42668
83.45026
83.47688
83.49998
83.52679
83.54982
83.57679
83.60016
83.62651
83.65031
83.67647
83.7
83.72672
83.74973
83.77652
83.79945
83.82632
83.84995
83.87614
83.90024
83.92598
83.95058
83.97578
84.00101
84.02617
84.05064
84.0759
84.1003
84.12632
84.15026
84.17666
84.2
84.22678
84.29984
84.27698
84.34979
84.32719
84.39951
84.37725
84.44993
84.4274
84.5002
84.47783
84.5505
84.52779
84.60084
84.57759
84.6511
84.62733
84.7013
84.67719
84.7514
84.72697
84.80158
84.77731
84.85099
84.82772
84.90067
84.87842
84.95063
84.92879
85.00063
84.97871
85.05029
85.02824
85.09998
85.07813
85.14977
85.12789
85.19946
85.17828
85.24977
85.22823
85.29982
85.27857
85.35012
85.32896
85.39986
85.37902
85.44966
85.42918
85.49946
85.47938
85.54939
85.52925
85.5991
85.57929
85.64938
85.62932
85.69906
85.67957
85.74915
85.72995
85.79924
85.7803
85.84924
85.83044
85.89832
85.88003
85.94857
85.93024
85.99829
85.98064
86.04825
86.02357
86.07947
86.05321
86.12957
86.10011
86.16157
86.14997
86.19624
86.17844
86.22874
86.21451
86.25724
86.24893
86.28487
86.2831
86.31354
86.30808
86.32896
86.33304
86.3505
86.35806
86.36784
86.38044
86.39178
86.39857
86.41483
86.4209
86.43616
86.43634
86.45515
86.45261
86.47229
86.46901
86.48782
86.48537
86.50275
86.50349
86.52517
86.52
86.54221
86.53816
86.55583
86.55373
86.57097
86.5663
86.58619
86.58017
86.60066
86.59519
86.61268
86.60623
86.62833
86.61689
86.63975
86.63012
86.65139
86.64149
86.66619
86.65633
86.67374
86.66715
86.68603
86.68269
86.69872
86.68956
86.71117
86.7028
86.72459
86.71286
86.7357
86.72672
86.74846
86.74043
86.7607
86.75261
86.77403
86.7663
86.78645
86.78036
86.79903
86.78923
86.81349
86.80279
86.82726
86.81683
86.8419
86.83223
86.85621
86.84563
86.8699
86.86309
86.8841
86.87712
86.89767
86.89225
86.91258
86.90458
86.9224
86.91773
86.9364
86.93216
86.9511
86.94073
86.9641
86.95454
86.97669
86.96668
86.98403
86.97789
86.99954
86.98743
87.01266
87.00089
87.02588
87.01472
87.0378
87.02652
87.05328
87.03965
87.06359
87.05225
87.07701
87.06463
87.08926
87.07549
87.09666
87.08923
87.10626
87.09882
87.11972
87.11318
87.13222
87.12431
87.14458
87.13889
87.15823
87.14928
87.17233
87.16209
87.18463
87.17325
87.20319
87.188
87.21393
87.19903
87.2287
87.21295
87.24273
87.22032
87.25789
87.23705
87.26959
87.25398
87.28445
87.2648
87.2949
87.27782
87.30869
87.29243
87.32101
87.30195
87.33056
87.31113
87.34492
87.32608
87.35423
87.34015
87.36849
87.35864
87.3818
87.37218
87.39339
87.37955
87.40504
87.39035
87.41468
87.39962
87.42731
87.41133
87.44142
87.42522
87.45519
87.43774
87.46915
87.44989
87.48248
87.46348
87.49409
87.47738
87.50629
87.48749
87.51881
87.49986
87.53201
87.51228
87.55536
87.52148
87.56556
87.53074
87.57275
87.54401
87.58353
87.55428
87.5976
87.56646
87.60786
87.57565
87.61514
87.58487
87.62436
87.59407
87.63174
87.60412
87.64095
87.61579
87.65355
87.62605
87.66275
87.63631
87.67307
87.6481
87.68422
87.65529
87.69444
87.66547
87.70364
87.67501
87.71284
87.68731
87.72456
87.69762
87.73175
87.71047
87.74168
87.71775
87.74905
87.72797
87.75826
87.73722
87.76559
87.74747
87.7728
87.76108
87.78515
87.7726
87.79675
87.78255
87.80698
87.79575
87.81664
87.805
87.8268
87.81895
87.83595
87.83155
87.84333
87.84408
87.85504
87.8544
87.86813
87.86712
87.8859
87.8835
87.90202
87.89868
87.91877
87.91368
87.93069
87.93069
87.94475
87.94591
87.95862
87.96338
87.96887
87.97847
87.98011
87.98579
87.99334
88.00088
88.00788
88.01533
88.02998
88.03741
88.0478
88.05944
88.06033
88.07145
88.07298
88.0886
88.08677
88.11313
88.09745
88.12244
88.12035
88.13588
88.13384
88.15514
88.15317
88.1695
88.16075
88.18636
88.17804
88.20238
88.18688
88.21507
88.20152
88.22832
88.22275
88.23579
88.23497
88.25161
88.25039
88.26334
88.26566
88.27599
88.27832
88.28336
88.28833
88.29601
88.3039
88.30525
88.31728
88.31264
88.32475
88.33304
88.33717
88.34651
88.34639
88.35389
88.35915
88.366
88.37041
88.37526
88.38224
88.38556
88.3997
88.41146
88.41506
88.42485
88.43352
88.4352
88.45113
88.44796
88.46526
88.47116
88.47884
88.48707
88.49212
88.49746
88.50394
88.51147
88.52093
88.5255
88.53603
88.53942
88.55274
88.55438
88.56626
88.57574
88.58405
88.58447
88.60332
88.60174
88.61514
88.6128
88.63183
88.62805
88.64366
88.6371
88.65752
88.65294
88.67203
88.66543
88.68387
88.67591
88.69127
88.69129
88.70516
88.71426
88.71637
88.726
88.72705
88.73631
88.73879
88.74886
88.7506
88.75993
88.7666
88.77699
88.78359
88.79102
88.80022
88.80518
88.82936
88.83666
88.84707
88.85885
88.86552
88.87217
88.8858
88.8951
88.8971
88.90769
88.91315
88.92404
88.93263
88.9322
88.9452
88.94766
88.9656
88.95836
88.9774
88.97309
88.99222
88.98737
89.00222
88.99904
89.01499
89.01462
89.02835
89.02192
89.039
89.03373
89.04766
89.05311
89.06264
89.06484
89.07391
89.07542
89.08125
89.08466
89.09398
89.09633
89.1066
89.10555
89.11829
89.11473
89.12749
89.12391
89.13465
89.1331
89.14185
89.14566
89.15519
89.15489
89.16233
89.16516
89.16915
89.17435
89.17995
89.18152
89.19165
89.19068
89.19884
89.19786
89.21285
89.20705
89.22208
89.21623
89.23228
89.22883
89.2445
89.23617
89.25586
89.24644
89.26569
89.25762
89.27905
89.2692
89.29066
89.28309
89.29807
89.29717
89.31136
89.31058
89.31876
89.32223
89.32803
89.33426
89.33542
89.34349
89.34466
89.35089
89.35397
89.36012
89.36572
89.36938
89.37473
89.37679
89.38757
89.38852
89.39679
89.39883
89.4085
89.40911
89.41573
89.41837
89.42503
89.42877
89.43533
89.44045
89.44455
89.45106
89.45176
89.46027
89.46335
89.47052
89.47445
89.47778
89.48366
89.49043
89.49293
89.49966
89.50012
89.50707
89.50722
89.52041
89.51412
89.52768
89.52664
89.53939
89.53692
89.54663
89.54416
89.55585
89.55444
89.56618
89.5617
89.57583
89.57484
89.58612
89.58883
89.59957
89.60045
89.60986
89.60792
89.61912
89.62083
89.63252
89.62971
89.64626
89.63911
89.65649
89.64959
89.66396
89.65699
89.67664
89.66639
89.68585
89.67581
89.69612
89.68925
89.70538
89.70117
89.7171
89.71063
89.72775
89.72495
89.74187
89.73505
89.75502
89.74923
89.76772
89.75871
89.77498
89.77155
89.78762
89.78201
89.79694
89.79252
89.81289
89.80674
89.8256
89.81954
89.83897
89.83245
89.85133
89.84365
89.86375
89.85549
89.87821
89.86494
89.89084
89.88065
89.90176
89.89141
89.91238
89.9051
89.91981
89.9187
89.93314
89.92632
89.94054
89.93691
89.94976
89.94752
89.95901
89.95952
89.96642
89.96708
89.97363
89.97454
89.98085
89.98385
89.98804
89.99317
89.99525
