0.007762032
0.007638614
0.02757026
0.01894665
0.04032579
0.03607124
0.05471298
0.04923766
0.07253137
0.06402478
0.08371435
0.0769037
0.09677459
0.08999474
0.1096931
0.1032926
0.122951
0.1171339
0.1387611
0.1290958
0.1513171
0.1357525
0.1605857
0.1485875
0.1758624
0.1598017
0.1889283
0.1710369
0.195558
0.1820117
0.2079177
0.1942842
0.2190135
0.2049362
0.2310194
0.2180044
0.2433694
0.2305335
0.256452
0.2452891
0.2717102
0.2581954
0.2829185
0.2716659
0.2951284
0.2842173
0.3051842
0.2951944
0.3149028
0.3090649
0.327361
0.3235351
0.3374233
0.3344828
0.3506998
0.3462889
0.3620453
0.360397
0.374647
0.3725944
0.3869739
0.3831298
0.3998798
0.3959938
0.4116483
0.4085248
0.4254921
0.4238887
0.4365248
0.4305367
0.4519808
0.4422158
0.4630641
0.4546904
0.4760407
0.4684547
0.4914446
0.4812234
0.5026504
0.4944064
0.5168086
0.5033565
0.5284414
0.5159639
0.5411789
0.5304826
0.5537577
0.5437383
0.5683095
0.5551568
0.5837404
0.5638484
0.598692
0.5757627
0.611625
0.5897356
0.6265185
0.6034285
0.6411828
0.6166241
0.6533803
0.6284824
0.6644903
0.6398944
0.6789191
0.6529379
0.6932542
0.6663604
0.7081808
0.6803522
0.7233784
0.6948118
0.7368802
0.7078804
0.7470154
0.7209843
0.7596237
0.734213
0.7752068
0.7490458
0.789373
0.7652167
0.8030455
0.7778018
0.8173559
0.7913492
0.8302908
0.8057594
0.8431634
0.821311
0.8530736
0.8358172
0.8670419
0.8495267
0.8793501
0.8561581
0.8907371
0.8684912
0.9037825
0.8783242
0.915976
0.8923156
0.9297841
0.9098006
0.9425837
0.9221359
0.956046
0.9374146
0.9669833
0.9491498
0.9786163
0.9720097
0.991841
0.9831259
1.005633
0.9924216
1.018972
1.005663
1.029844
1.018854
1.043307
1.03251
1.058283
1.044862
1.072477
1.058333
1.082972
1.066532
1.096359
1.075605
1.11057
1.117148
1.121001
1.12702
1.134486
1.140805
1.148416
1.155486
1.162073
1.168286
1.173699
1.181953
1.185957
1.194465
1.195045
1.206619
1.209678
1.218804
1.220777
1.228351
1.233427
1.237276
1.245698
1.24624
1.255466
1.257399
1.267355
1.266017
1.275963
1.27465
1.282572
1.283636
1.295159
1.293708
1.303909
1.305406
1.314625
1.312179
1.3246
1.324272
1.333643
1.333282
1.342297
1.34234
1.349043
1.352311
1.357741
1.362546
1.366795
1.371348
1.375411
1.381279
1.387223
1.389943
1.394017
1.398706
1.403358
1.40738
1.410108
1.413949
1.418883
1.422597
1.430629
1.432978
1.441362
1.442917
1.45002
1.453869
1.456803
1.46061
1.46544
1.467214
1.472198
1.473808
1.482879
1.482439
1.489493
1.491147
1.496092
1.50147
1.506639
1.51008
1.517633
1.522547
1.526324
1.53119
1.536441
1.539813
1.54847
1.548479
1.557151
1.558771
1.565773
1.570479
1.572544
1.581128
1.583225
1.587878
1.591871
1.59653
1.600829
1.60517
1.612073
1.615511
1.620638
1.622263
1.627268
1.630877
1.635901
1.637465
1.648017
1.646136
1.657104
1.654743
1.665993
1.661331
1.672567
1.670006
1.679344
1.681062
1.69016
1.68981
1.699903
1.699876
1.706836
1.708913
1.713595
1.718077
1.722328
1.72466
1.731028
1.731277
1.743334
1.740964
1.755296
1.751456
1.762056
1.763233
1.768626
1.774849
1.775225
1.783542
1.78695
1.790132
1.79628
1.798788
1.803026
1.807742
1.809597
1.816342
1.816167
1.823104
1.822767
1.831773
1.829167
1.842703
1.835742
1.849453
1.842323
1.85798
1.84889
1.86476
1.855502
1.873407
1.866164
1.882541
1.8749
1.891784
1.883501
1.902473
1.892221
1.909073
1.89879
1.920175
1.905367
1.928839
1.914007
1.935455
1.922665
1.944062
1.931367
1.952739
1.943269
1.961851
1.952881
1.968653
1.959664
1.980592
1.968299
1.987175
1.980032
1.998296
1.989032
2.008598
1.995613
2.015404
2.004227
2.022133
2.012965
2.034828
2.019681
2.043472
2.026407
2.052605
2.035364
2.061205
2.041945
2.069871
2.048345
2.07849
2.054935
2.087131
2.06548
2.095783
2.072066
2.104446
2.082347
2.113041
2.091004
2.119802
2.097586
2.129784
2.106255
2.136528
2.115029
2.145168
2.128333
2.155696
2.136929
2.166107
2.145683
2.179125
2.156203
2.185862
2.165207
2.192441
2.173951
2.201111
2.184763
2.207687
2.191396
2.216335
2.202096
2.225049
2.211725
2.234467
2.21846
2.244982
2.225091
2.253619
2.236659
2.2623
2.243401
2.269125
2.252061
2.282156
2.26079
2.290838
2.270944
2.297622
2.280757
2.306312
2.29056
2.314932
2.297135
2.323524
2.303733
2.332217
2.31536
2.340909
2.326053
2.350646
2.332812
2.359656
2.343266
2.368383
2.354592
2.37702
2.364692
2.383756
2.371425
2.392391
2.378002
2.40109
2.384602
2.412317
2.397008
2.419065
2.405753
2.428984
2.412491
2.438485
2.423557
2.445065
2.430313
2.456798
2.44218
2.467464
2.450878
2.474197
2.459534
2.480826
2.469004
2.493832
2.475558
2.500626
2.482146
2.509263
2.490856
2.515848
2.501291
2.524462
2.51393
2.533195
2.522957
2.539929
2.52969
2.546529
2.536265
2.557112
2.544927
2.565843
2.553957
2.577546
2.56521
2.584291
2.571941
2.592881
2.578356
2.599661
2.588945
2.608315
2.595689
2.619577
2.604274
2.630012
2.612955
2.640516
2.623488
2.649516
2.635051
2.658082
2.643996
2.664882
2.652639
2.674461
2.65926
2.681048
2.667887
2.689857
2.676483
2.69977
2.686537
2.708714
2.69538
2.71526
2.704792
2.72186
2.714128
2.730927
2.723723
2.742849
2.730456
2.751438
2.73685
2.757993
2.743418
2.764611
2.753218
2.773167
2.760004
2.779744
2.768587
2.788777
2.777551
2.795525
2.784143
2.804237
2.792819
2.814258
2.803725
2.823416
2.813073
2.836568
2.822071
2.84658
2.834868
2.855215
2.841464
2.86179
2.853203
2.870456
2.861884
2.877021
2.870932
2.88364
2.879588
2.896543
2.889938
2.903123
2.898602
2.913756
2.909673
2.922364
2.918283
2.931976
2.92695
2.93889
2.937935
2.947513
2.947453
2.958298
2.956082
2.966952
2.964815
2.975569
2.978267
2.984166
2.988715
2.990922
2.998591
3.001389
3.00534
3.01002
3.013935
3.02049
3.022656
3.029241
3.033855
3.037854
3.040614
3.044442
3.05188
3.053077
3.05848
3.064694
3.065065
3.07532
3.073654
3.083987
3.080407
3.092568
3.09085
3.101253
3.099481
3.113766
3.108147
3.122434
3.11472
3.132953
3.121125
3.141652
3.129742
3.150306
3.13648
3.158983
3.145097
3.171091
3.153769
3.179718
3.165378
3.186301
3.174915
3.196341
3.185533
3.205374
3.194533
3.213984
3.201268
3.222577
3.207848
3.232384
3.216541
3.24105
3.227903
3.249676
3.239455
3.256249
3.250765
3.26691
3.257379
3.27562
3.26881
3.287276
3.278677
3.298474
3.285271
3.307094
3.295203
3.313671
3.303876
3.322716
3.315768
3.329308
3.323876
3.337896
3.334648
3.346514
3.347261
3.35557
3.358044
3.365339
3.371039
3.373981
3.382341
3.385103
3.393426
3.391676
3.402659
3.400315
3.414009
3.408877
3.424126
3.420563
3.434394
3.429177
3.440994
3.439626
3.452594
3.446181
3.46506
3.454747
3.47366
3.465972
3.48691
3.474536
3.497655
3.48318
3.506207
3.492621
3.518321
3.499246
3.527073
3.510779
3.538495
3.521077
3.545073
3.530162
3.556258
3.543159
3.565851
3.549761
3.577424
3.562607
3.584005
3.569211
3.594649
3.57775
3.604831
3.584311
3.615625
3.592844
3.624194
3.605145
3.636786
3.614379
3.648433
3.626297
3.657987
3.639645
3.670403
3.653101
3.679161
3.665111
3.693161
3.673671
3.701716
3.682577
3.708288
3.689206
3.716823
3.701148
3.725404
3.709672
3.736185
3.72082
3.74531
3.733359
3.754228
3.742001
3.765097
3.75542
3.773699
3.764442
3.785964
3.774958
3.79263
3.786477
3.806166
3.796025
3.812735
3.808674
3.821356
3.820816
3.83512
3.829374
3.845837
3.841886
3.858717
3.850373
3.868861
3.859436
3.880844
3.873821
3.89225
3.886072
3.900867
3.899026
3.912047
3.91142
3.923062
3.92344
3.935789
3.930079
3.948969
3.939421
3.955584
3.950996
3.964598
3.962094
3.977852
3.974081
3.991119
3.986089
3.999758
3.995166
4.010664
4.003824
4.023291
4.017413
4.034063
4.029971
4.047167
4.042556
4.058221
4.05361
4.069719
4.060393
4.081908
4.072887
4.095381
4.081405
4.106093
4.088032
4.114693
4.100743
4.127509
4.108938
4.140307
4.117488
4.149221
4.129133
4.158196
4.137679
4.170516
4.146235
4.182118
4.158547
4.196149
4.170859
4.208416
4.185261
4.22342
4.194767
4.230127
4.206659
4.241823
4.221536
4.255661
4.232529
4.266817
4.246968
4.278032
4.26087
4.292913
4.273567
4.306101
4.284826
4.318411
4.299963
4.331315
4.310852
4.339619
4.322425
4.351525
4.333191
4.369628
4.347766
4.38448
4.364596
4.398965
4.377542
4.412623
4.391548
4.424046
4.405791
4.437383
4.418164
4.450716
4.433868
4.459457
4.448715
4.473951
4.460921
4.486576
4.475927
4.499584
4.498212
4.513275
4.527339
4.5269
4.542563
4.540977
4.55534
4.555045
4.570827
4.566759
4.588073
4.579636
4.621801
4.595181
4.635607
4.609962
4.647936
4.62435
4.66193
4.64156
4.675065
4.656386
4.68615
4.674361
4.69962
4.690273
4.712978
4.710092
4.741884
4.728853
4.772554
4.742432
4.805928
4.758319
4.826942
4.775307
4.837
4.789973
4.85842
4.805141
4.877185
4.819572
4.889585
4.838238
4.909182
4.851561
4.926257
4.862415
4.94115
4.884983
4.95812
4.896202
4.969853
4.921018
4.986222
4.936951
5.003192
4.951817
5.020346
4.970544
5.034775
4.989237
5.057707
5.002299
5.079988
5.026419
5.105613
5.051677
5.120394
5.066227
5.141806
5.090899
5.158049
5.107207
5.174315
5.132015
5.192336
5.153964
5.213788
5.170045
5.23352
5.187899
5.259324
5.205474
5.282484
5.222492
5.298675
5.239571
5.329249
5.254972
5.343384
5.291619
5.360471
5.319167
5.381073
5.349351
5.40168
5.381109
5.421933
5.406702
5.440807
5.44081
5.461503
5.468147
5.481164
5.497434
5.507854
5.531874
5.539611
5.561074
5.572389
5.586873
5.595516
5.611805
5.617844
5.630832
5.633198
5.653671
5.654736
5.666194
5.756508
5.695217
5.784138
5.714766
5.811707
5.736207
5.842583
5.758955
5.867341
5.81643
5.906782
5.841255
5.952914
5.926034
5.993198
5.950673
6.030264
6.010807
6.072865
6.037264
6.104804
6.105736
6.145447
6.131466
6.180715
6.165755
6.223528
6.197626
6.258575
6.236291
6.295183
6.314027
6.336088
6.359804
6.378396
6.400425
6.429029
6.443936
6.474931
6.505339
6.52378
6.575423
6.573581
6.662817
6.623127
6.70186
6.67346
6.748617
6.723835
6.798807
6.774236
6.848946
6.824325
6.89919
6.874519
6.949346
6.924747
6.999707
6.975144
7.049789
7.025587
7.099577
7.076025
7.149635
7.12643
7.200046
7.176644
7.249911
7.226444
7.30024
7.276316
7.350499
7.32604
7.400322
7.375716
7.45064
7.426106
7.50033
7.476543
7.550704
7.526283
7.601166
7.576626
7.651517
7.62651
7.701336
7.676511
7.750968
7.726706
7.800778
7.777175
7.850601
7.827618
7.900399
7.87804
7.950166
7.928343
7.999931
7.978173
8.049584
8.028572
8.099931
8.078939
8.149863
8.129436
8.199724
8.179369
8.249917
8.229453
8.299712
8.329617
8.350057
8.379699
8.399897
8.429765
8.449896
8.47954
8.549723
8.5294
8.599641
8.579713
8.650094
8.679328
8.700481
8.72972
8.750881
8.779758
8.800878
8.83015
8.850918
8.879942
8.900583
8.92993
8.950315
8.979725
9.000083
9.02944
9.050303
9.079216
9.10024
9.12898
9.150434
9.178805
9.20042
9.228748
9.250911
9.278442
9.300543
9.328862
9.350556
9.378582
9.40051
9.428548
9.450271
9.478532
9.500096
9.52832
9.551497
9.578433
9.600598
9.628812
9.65117
9.679396
9.751093
9.729326
9.801417
9.779121
9.851393
9.829037
9.901675
9.878929
9.951698
9.928896
10.00215
9.979196
10.05234
10.02901
10.15236
10.07864
10.20273
10.12864
10.25254
10.17909
10.30222
10.22951
10.35194
10.27958
10.40179
10.32993
10.45215
10.37952
10.5024
10.42918
10.55268
10.47946
10.60255
10.52917
10.65253
10.6291
10.70286
10.67935
10.75306
10.7297
10.80271
10.77938
10.85238
10.82911
10.90224
10.8795
10.95212
10.92959
11.00241
10.97929
11.0521
11.02943
11.10215
11.07936
11.15197
11.12959
11.2022
11.17939
11.25181
11.2293
11.30184
11.27948
11.35218
11.32925
11.40231
11.37962
11.45193
11.42944
11.50224
11.47908
11.55204
11.52871
11.60191
11.57898
11.65177
11.62875
11.70227
11.67913
11.75204
11.72889
11.80245
11.77868
11.85232
11.82844
11.90196
11.87857
11.95205
11.9288
12.00191
11.97912
12.04858
12.01616
12.09825
12.06584
12.14856
12.11614
12.19818
12.16581
12.2483
12.2157
12.29863
12.26541
12.34838
12.31541
12.44792
12.36563
12.49805
12.41542
12.54771
12.46568
12.59742
12.51533
12.64739
12.56575
12.69719
12.616
12.74712
12.66583
12.79709
12.71562
12.84761
12.76596
12.89788
12.81955
12.94796
12.86639
12.99808
12.91669
13.04843
12.96674
13.09822
13.0168
13.14821
13.0672
13.19803
13.117
13.24764
13.16738
13.29808
13.21701
13.34771
13.26687
13.39755
13.31658
13.4472
13.36638
13.49687
13.41612
13.5473
13.46661
13.59703
13.51658
13.64687
13.56663
13.69657
13.61658
13.74694
13.6663
13.79702
13.71677
13.84743
13.76653
13.89734
13.81671
13.947
13.86666
13.99666
13.91679
14.04642
13.9668
14.09612
14.01694
14.14629
14.06697
14.1963
14.11679
14.24634
14.16716
14.2964
14.21756
14.34675
14.26779
14.39709
14.31785
14.44706
14.41805
14.49703
14.46771
14.54675
14.51744
14.597
14.56737
14.64697
14.61729
14.69687
14.66769
14.74666
14.71744
14.797
14.76744
14.84681
14.86699
14.89706
14.91703
14.94714
14.96709
14.99735
15.01709
15.04748
15.06699
15.09774
15.11685
15.14772
15.16661
15.19805
15.21663
15.24785
15.26701
15.29763
15.31701
15.33881
15.36683
15.38916
15.41691
15.43957
15.46652
15.48998
15.51624
15.54043
15.56642
15.59066
15.61651
15.64059
15.66673
15.69078
15.71691
15.74126
15.7669
15.79167
15.81661
15.84198
15.91642
15.89207
15.96646
15.94247
16.01662
15.99287
16.06666
16.04289
16.11693
16.09316
16.16757
16.14336
16.21777
16.19333
16.26799
16.2436
16.31817
16.34351
16.36781
16.39313
16.41743
16.44331
16.46728
16.49306
16.51699
16.54332
16.56686
16.59369
16.61654
16.64404
16.66682
16.69426
16.71679
16.74435
16.767
16.79399
16.81748
16.84395
16.86727
16.89382
16.91748
16.99424
16.96748
17.04415
17.01779
17.09444
17.06768
17.14447
17.11752
17.19409
17.16796
17.24415
17.21779
17.29381
17.26765
17.34381
17.31767
17.39423
17.36771
17.44416
17.41747
17.49378
17.46714
17.54424
17.51728
17.59457
17.56764
17.64504
17.61728
17.69474
17.6676
17.74504
17.718
17.79477
17.76787
17.84521
17.81778
17.89502
17.86743
17.94213
17.91707
17.99193
17.96688
18.03393
18.01683
18.08382
18.067
18.13401
18.11683
18.18414
18.16693
18.23396
18.21726
18.28433
18.26764
18.33465
18.3174
18.38427
18.36787
18.43443
18.41827
18.48436
18.46842
18.534
18.51878
18.58433
18.56843
18.63413
18.61893
18.68444
18.6686
18.73467
18.71823
18.78516
18.7683
18.83548
18.81851
18.88578
18.86837
18.93547
18.91866
18.98554
18.96886
19.03566
19.01885
19.08602
19.06908
19.13618
19.11899
19.18648
19.16938
19.23663
19.21969
19.28667
19.26991
19.33667
19.31982
19.387
19.37018
19.43738
19.41982
19.48757
19.52168
19.53777
19.57018
19.58814
19.61995
19.63786
19.6699
19.68819
19.71927
19.73787
19.76971
19.78777
19.81965
19.83752
19.87004
19.88737
19.92036
19.93756
19.97055
19.98758
20.02053
20.03791
20.0708
20.0884
20.1212
20.13846
20.1713
20.18846
20.22148
20.23889
20.27167
20.28897
20.32162
20.33878
20.37157
20.38866
20.42186
20.43912
20.47202
20.48913
20.52177
20.53937
20.57183
20.5895
20.62188
20.63922
20.67154
20.73957
20.72143
20.79001
20.77141
20.84001
20.82179
20.89046
20.87219
20.94085
20.9222
20.99058
20.97253
21.0409
21.02287
21.09052
21.07249
21.14085
21.12289
21.19075
21.17311
21.24103
21.22342
21.29128
21.27385
21.3417
21.32427
21.39148
21.37434
21.44182
21.42477
21.49197
21.47506
21.54229
21.52542
21.59197
21.57552
21.64161
21.62515
21.69194
21.67513
21.74169
21.72531
21.79216
21.77504
21.84248
21.82545
21.89282
21.87518
21.94301
21.92546
21.99334
21.97557
22.04329
22.02563
22.09368
22.0752
22.14367
22.12554
22.19336
22.17521
22.24323
22.22534
22.29356
22.27573
22.34336
22.32607
22.39363
22.37652
22.4437
22.4269
22.49407
22.4769
22.54396
22.52664
22.59409
22.57704
22.64406
22.62717
22.69394
22.67752
22.74379
22.7274
22.79409
22.77725
22.82554
22.82545
22.87572
22.87569
22.92621
22.92598
22.97598
22.97635
23.02592
23.02648
23.07592
23.07671
23.12648
23.12704
23.1768
23.17655
23.22646
23.22644
23.27626
23.2769
23.32631
23.35649
23.37668
23.38856
23.42698
23.43851
23.4771
23.48844
23.527
23.53834
23.5768
23.5886
23.62728
23.63867
23.6776
23.68885
23.72747
23.73889
23.77752
23.78868
23.82736
23.83893
23.87757
23.88891
23.92777
23.9313
23.97799
23.98108
24.02773
24.03143
24.07819
24.08167
24.12838
24.13129
24.1783
24.18141
24.22816
24.23149
24.27778
24.2812
24.32751
24.33101
24.37778
24.38104
24.42758
24.4311
24.47772
24.48132
24.5281
24.53101
24.57792
24.58067
24.62837
24.63038
24.67866
24.6807
24.7291
24.73075
24.77872
24.78108
24.87888
24.8307
24.92917
24.88096
24.97958
24.93141
25.02971
24.98116
25.07939
25.03126
25.12955
25.08129
25.17936
25.13179
25.22972
25.18152
25.27937
25.23196
25.32918
25.28188
25.37965
25.33195
25.42938
25.38235
25.47922
25.4326
25.52963
25.48301
25.5797
25.53266
25.63002
25.58281
25.68034
25.63294
25.73035
25.68273
25.78083
25.73245
25.83047
25.78207
25.88063
25.88211
25.93028
25.93207
25.98067
25.98203
26.03067
26.03251
26.08089
26.08247
26.1307
26.13219
26.18069
26.18233
26.23033
26.23237
26.28023
26.28261
26.33008
26.3327
26.38049
26.38267
26.43019
26.43258
26.48053
26.48258
26.53066
26.53283
26.58094
26.58267
26.63096
26.63219
26.6814
26.73185
26.73156
26.78183
26.78152
26.83206
26.83125
26.88229
26.88093
26.93236
26.93084
26.98246
26.98128
27.03276
27.03115
27.08303
27.08092
27.13326
27.13137
27.18332
27.18141
27.23332
27.23115
27.28296
27.28135
27.33325
27.33174
27.38303
27.38198
27.43331
27.43201
27.48344
27.48218
27.53368
27.53221
27.58415
27.58232
27.63389
27.63247
27.68358
27.68259
27.7333
27.73294
27.78303
27.78273
27.83324
27.83292
27.88293
27.88317
27.93343
27.93352
27.98383
27.98354
28.03423
28.03357
28.08428
28.08345
28.13457
28.1339
28.18484
28.17363
28.23451
28.22379
28.27782
28.27359
28.32817
28.37425
28.3782
28.42396
28.42786
28.46204
28.47416
28.5055
28.52455
28.54406
28.55576
28.59389
28.60553
28.64303
28.65513
28.69283
28.70501
28.74265
28.75537
28.7929
28.80572
28.84262
28.85573
28.89252
28.90536
28.99292
28.95559
29.04305
29.00522
29.09289
29.05509
29.14258
29.10489
29.19282
29.15461
29.24321
29.20463
29.29321
29.25481
29.34315
29.30472
29.4435
29.35512
29.49371
29.40554
29.54363
29.45562
29.59356
29.50533
29.64347
29.55493
29.69314
29.60511
29.74322
29.65491
29.79289
29.70517
29.83076
29.75487
29.88096
29.80507
29.93113
29.85522
29.98133
29.88697
30.02724
29.93719
30.077
29.97017
30.12527
30.0963
30.17513
30.14627
30.22493
30.19665
30.27537
30.24648
30.32523
30.29634
30.37562
30.34644
30.42552
30.39687
30.47594
30.447
30.52616
30.49672
30.57652
30.54713
30.62627
30.59696
30.67678
30.6968
30.72688
30.74673
30.7772
30.79649
30.82686
30.84617
30.87708
30.89579
30.92675
30.94604
30.97692
30.99649
31.02665
31.04606
31.07707
31.09578
31.12671
31.14591
31.17708
31.19582
31.22681
31.29583
31.27708
31.34596
31.32753
31.39617
31.37781
31.44592
31.42825
31.49575
31.47835
31.54558
31.52871
31.59592
31.57901
31.64614
31.62863
31.69657
31.67874
31.74636
31.72839
31.79652
31.77854
31.84657
31.8283
31.89651
31.8693
31.94593
31.91243
31.996
31.96272
32.04538
32.01252
32.09517
32.0628
32.14487
32.11244
32.19482
32.16216
32.24495
32.21179
32.29489
32.26213
32.3451
32.36266
32.3949
32.41265
32.44482
32.46269
32.49509
32.51297
32.54484
32.56295
32.5949
32.613
32.64496
32.66276
32.69534
32.71273
32.74563
32.76265
32.79567
32.8131
32.84576
32.86291
32.89582
32.91297
32.94613
32.96311
32.99606
33.01344
33.0461
33.06315
33.09652
33.1129
33.14621
33.16331
33.19635
33.21329
33.24621
33.26372
33.29607
33.31374
33.34595
33.36348
33.39599
33.41229
33.44632
33.46257
33.49629
33.51275
33.54655
33.61274
33.59668
33.66284
33.64645
33.71295
33.69648
33.7632
33.74613
33.81275
33.79587
33.8631
33.84551
33.91274
33.89545
33.96243
33.94507
34.01214
33.99481
34.06208
34.04446
34.11233
34.09454
34.16226
34.14494
34.21235
34.1951
34.26208
34.24532
34.31234
34.2954
34.36199
34.34501
34.41228
34.39484
34.46267
34.44534
34.51297
34.49554
34.56295
34.54525
34.61287
34.59552
34.66253
34.64591
34.71289
34.69633
34.763
34.74666
34.81326
34.79676
34.86342
34.84658
34.91376
34.89702
34.96372
34.94691
35.01361
34.99664
35.06321
35.04685
35.11354
35.09688
35.16339
35.14723
35.21312
35.19759
35.26354
35.24802
35.31398
35.29778
35.36367
35.34766
35.41388
35.39782
35.46405
35.44815
35.51437
35.49789
35.56424
35.54814
35.61412
35.59792
35.66432
35.69727
35.71444
35.74696
35.76421
35.79665
35.81467
35.84652
35.86494
35.89642
35.91474
35.94675
35.96444
35.99685
36.01456
36.04671
36.06446
36.09716
36.11419
36.14694
36.16419
36.1971
36.21393
36.24741
36.26413
36.29749
36.314
36.34781
36.36373
36.39784
36.41337
36.44801
36.46373
36.49808
36.51413
36.54844
36.56387
36.59861
36.61406
36.64876
36.6645
36.69863
36.7145
36.74888
36.7643
36.80081
36.81459
36.84952
36.86456
36.90003
36.91499
36.99957
36.96695
37.04956
37.01552
37.09982
37.06548
37.15009
37.11596
37.20015
37.16558
37.25048
37.21537
37.30068
37.26563
37.35043
37.3159
37.40028
37.36609
37.45061
37.41618
37.50027
37.46609
37.55066
37.51622
37.60059
37.56614
37.65027
37.61587
37.70061
37.66631
37.75041
37.71668
37.80008
37.76649
37.85031
37.81647
37.90026
37.86674
37.95071
37.91655
38.00045
37.96666
38.05031
38.01649
38.09663
38.06667
38.14671
38.11681
38.19694
38.16668
38.2469
38.21673
38.29728
38.26649
38.34737
38.31637
38.39759
38.36602
38.44726
38.41582
38.49751
38.4662
38.54717
38.51633
38.59752
38.56622
38.64717
38.61621
38.6974
38.66639
38.74769
38.71631
38.7979
38.76662
38.84757
38.86634
38.89787
38.91653
38.9482
38.96659
38.99844
39.0166
39.04869
39.06679
39.09896
39.11696
39.14911
39.16694
39.19894
39.21714
39.23664
39.25033
39.28658
39.29972
39.33695
39.35015
39.38732
39.40054
39.43748
39.45018
39.47482
39.50031
39.52348
39.53648
39.5473
39.57039
39.59735
39.61344
39.63305
39.64046
39.65956
39.68843
39.70303
39.71452
39.73374
39.75772
39.77974
39.80392
39.82143
39.85161
39.85907
39.88588
39.90883
39.93573
39.95868
39.97979
40.00874
40.02987
40.05874
40.0801
40.10917
40.13039
40.15958
40.18078
40.20982
40.23098
40.25982
40.28144
40.31017
40.3318
40.35997
40.38184
40.41
40.43191
40.46004
40.48225
40.51017
40.53244
40.5602
40.5829
40.60996
40.63304
40.66024
40.6828
40.71017
40.73298
40.75997
40.78259
40.8098
40.83253
40.85968
40.88292
40.95988
40.93273
41.00967
40.98237
41.05963
41.03272
41.10965
41.08309
41.15967
41.13345
41.20935
41.18341
41.24368
41.23304
41.29401
41.28268
41.34362
41.33308
41.394
41.3835
41.44398
41.43361
41.49421
41.48398
41.54402
41.53371
41.59448
41.58408
41.64474
41.63441
41.69449
41.68408
41.74438
41.73429
41.79465
41.78427
41.84428
41.83442
41.89455
41.88409
41.9444
41.93451
41.99468
41.9845
42.04488
42.03468
42.09512
42.08434
42.14513
42.13446
42.1949
42.18427
42.24493
42.23395
42.2949
42.28407
42.34531
42.33419
42.3955
42.38395
42.44513
42.4843
42.49483
42.53469
42.54526
42.5845
42.59526
42.63467
42.64554
42.68473
42.69573
42.73435
42.74604
42.78482
42.7957
42.83523
42.84533
42.88529
42.89497
42.93526
42.94534
42.98513
42.9956
43.03482
43.04586
43.08495
43.0956
43.13472
43.14556
43.18464
43.19532
43.23471
43.24545
43.28453
43.29584
43.33437
43.3462
43.38467
43.39592
43.43512
43.44564
43.4854
43.49551
43.53568
43.54562
43.586
43.59589
43.63643
43.64571
43.68672
43.69602
43.73714
43.74571
43.78739
43.79625
43.83774
43.84672
43.88798
43.8972
43.93831
43.94687
43.9881
43.99683
44.03852
44.04698
44.08807
44.09701
44.13846
44.14704
44.1881
44.19749
44.23817
44.24781
44.28844
44.2975
44.33838
44.34769
44.38807
44.39793
44.43804
44.44813
44.48837
44.4981
44.53843
44.54851
44.58853
44.5983
44.63837
44.64876
44.68866
44.69864
44.73904
44.74846
44.78871
44.79861
44.83839
44.84824
44.88816
44.89854
44.93835
44.94875
44.98831
44.99909
45.03872
45.04935
45.08908
45.09962
45.13883
45.14979
45.18919
45.19996
45.23916
45.29976
45.28899
45.34961
45.33908
45.45018
45.38892
45.50016
45.43869
45.55005
45.48878
45.6
45.53889
45.65004
45.58918
45.70008
45.63903
45.75031
45.68898
45.80014
45.73891
45.85048
45.78934
45.90018
45.83968
45.95021
45.88942
46.00021
45.93904
46.05063
45.98918
46.10028
46.03882
46.15054
46.08862
46.20028
46.13841
46.25005
46.18828
46.29977
46.23803
46.35013
46.28807
46.40053
46.3378
46.45033
46.38829
46.50047
46.43793
46.55083
46.4877
46.60076
46.53776
46.65093
46.58809
46.70057
46.63823
46.75079
46.68815
46.80069
46.78814
46.85096
46.83848
46.9012
46.88826
46.95136
46.93851
47.00147
46.98896
47.05192
47.03899
47.10232
47.08886
47.154
47.13856
47.20245
47.23841
47.25224
47.28902
47.3018
47.33936
47.3521
47.38947
47.40251
47.43952
47.45251
47.4896
47.50219
47.53922
47.55228
47.5896
47.60237
47.63978
47.65269
47.6896
47.70244
47.73952
47.75275
47.7896
47.80268
47.83974
47.85275
47.88939
47.90281
47.93924
47.95319
47.98891
48.00298
48.03851
48.05283
48.08857
48.10331
48.13874
48.15345
48.1884
48.20316
48.23877
48.25364
48.28854
48.30394
48.33846
48.3541
48.38845
48.40417
48.43887
48.50434
48.48847
48.55462
48.5381
48.60431
48.58784
48.65461
48.63816
48.70483
48.68846
48.75523
48.7382
48.80548
48.78864
48.85511
48.83891
48.90509
48.88923
48.95517
48.9395
49.0049
48.98986
49.0553
49.0395
49.10529
49.08916
49.15503
49.13914
49.20496
49.18889
49.25473
49.23872
49.30449
49.28886
49.35421
49.3387
49.40409
49.38845
49.45442
49.43832
49.50423
49.48822
49.55465
49.53825
49.60498
49.58802
49.65462
49.63797
49.70427
49.68776
49.75407
49.73811
49.80395
49.78784
49.8536
49.83762
49.90394
49.88791
49.95441
49.93754
50.00455
49.98741
50.05452
50.03748
50.10422
50.08764
50.15402
50.13741
50.20406
50.18751
50.25581
50.23721
50.30453
50.28687
50.35471
50.33703
50.4044
50.3875
50.45443
50.43776
50.50481
50.48833
50.5548
50.53813
50.60501
50.58814
50.65527
50.6375
50.70554
50.68755
50.75537
50.73769
50.80577
50.78789
50.85613
50.83815
50.9064
50.88833
50.95644
50.93828
51.0065
50.98836
51.0565
51.03816
51.10682
51.08847
51.15691
51.13809
51.20676
51.188
51.2571
51.23798
51.30746
51.28834
51.35791
51.33802
51.40829
51.38773
51.458
51.43813
51.50818
51.48811
51.55855
51.53781
51.60889
51.58822
51.65924
51.63811
51.7089
51.68842
51.75856
51.73814
51.80841
51.78778
51.85863
51.8374
51.90877
51.88704
51.95903
51.93691
52.00872
51.98691
52.05837
52.03726
52.10798
52.08766
52.15781
52.13758
52.20811
52.18723
52.25804
52.23712
52.30769
52.28701
52.35761
52.33698
52.40804
52.38681
52.45837
52.43658
52.50798
52.48653
52.55821
52.53687
52.60828
52.5872
52.65804
52.63755
52.70795
52.68793
52.7584
52.73827
52.80803
52.78813
52.85815
52.8384
52.90787
52.88843
52.9577
52.93829
53.00787
52.98858
53.05776
53.03858
53.1076
53.0885
53.15792
53.13856
53.20788
53.18849
53.258
53.23889
53.30839
53.28891
53.35803
53.33849
53.40815
53.38883
53.45988
53.4385
53.50828
53.48818
53.55849
53.53862
53.60822
53.58863
53.658
53.63825
53.7084
53.68818
53.75884
53.74009
53.80899
53.78907
53.85888
53.83949
53.90928
53.88918
53.95891
53.93902
54.009
53.98947
54.05915
54.03964
54.10892
54.08938
54.15915
54.1398
54.20932
54.19023
54.259
54.24067
54.30912
54.29036
54.35946
54.34002
54.40988
54.43944
54.45993
54.4893
54.50993
54.53965
54.56024
54.58949
54.61038
54.63923
54.66034
54.68927
54.71011
54.7397
54.76034
54.78992
54.81016
54.84032
54.85978
54.8905
54.9102
54.94095
54.96053
54.99115
55.01072
55.04094
55.06098
55.09067
55.11071
55.14094
55.16049
55.19054
55.21029
55.23934
55.26022
55.28916
55.31036
55.33898
55.3601
55.38876
55.40977
55.43891
55.46011
55.48875
55.51036
55.53913
55.55998
55.58955
55.61026
55.63921
55.66029
55.68962
55.71066
55.73925
55.76091
55.78952
55.81091
55.83983
55.86122
55.8896
55.91123
55.94001
55.96158
55.99034
56.06099
56.03999
56.11129
56.08959
56.16137
56.13987
56.21155
56.19036
56.26184
56.2407
56.3117
56.29066
56.3619
56.34094
56.41156
56.39143
56.46194
56.44117
56.51221
56.49113
56.562
56.54097
56.61217
56.59065
56.66182
56.64096
56.71202
56.69062
56.76224
56.74089
56.81217
56.7913
56.86204
56.84157
56.91246
56.89204
56.9621
56.93996
56.99994
56.98726
57.04956
57.03762
57.07562
57.0873
57.12569
57.138
57.17583
57.1879
57.22587
57.23866
57.27567
57.28806
57.3254
57.33817
57.37502
57.38852
57.4248
57.43889
57.47512
57.48919
57.52528
57.53932
57.57493
57.58977
57.62468
57.64024
57.67501
57.69017
57.72535
57.74009
57.77532
57.7903
57.82541
57.8407
57.87532
57.88754
57.92493
57.93755
57.97454
57.98754
58.0244
58.03761
58.07481
58.08794
58.12452
58.13788
58.17494
58.18797
58.22479
58.23803
58.27441
58.28844
58.3246
58.3386
58.37467
58.38907
58.42479
58.43884
58.47503
58.48933
58.5254
58.53908
58.57532
58.58957
58.62505
58.63988
58.6749
58.68984
58.72483
58.7397
58.77503
58.78937
58.82491
58.8392
58.87477
58.88886
58.92494
58.93862
58.97539
58.98914
59.02564
59.03883
59.07604
59.08913
59.12585
59.13906
59.1763
59.18872
59.22627
59.23846
59.32597
59.28883
59.37639
59.33895
59.42683
59.38936
59.47723
59.43969
59.52742
59.48994
59.57772
59.54018
59.62806
59.59053
59.67773
59.64034
59.72763
59.69059
59.77746
59.74092
59.82776
59.79095
59.87806
59.84113
59.92839
59.89141
59.9783
59.94175
60.02848
59.99217
60.07859
60.04258
60.1283
60.09301
60.1799
60.14333
60.22841
60.19358
60.27855
60.2432
60.32894
60.29298
60.37871
60.343
60.42849
60.39327
60.47875
60.44461
60.52881
60.49373
60.57924
60.54407
60.62931
60.59418
60.67937
60.64334
60.72984
60.69367
60.78024
60.7436
60.83051
60.79344
60.88074
60.84326
60.93093
60.89319
60.98136
60.94284
61.03101
60.99299
61.08136
61.04282
61.13174
61.09285
61.18208
61.1429
61.23179
61.19338
61.28181
61.24333
61.33162
61.29343
61.3818
61.34357
61.43213
61.39319
61.48262
61.44296
61.53296
61.49299
61.58342
61.54269
61.63369
61.59234
61.68376
61.64224
61.73408
61.69205
61.78442
61.7419
61.8346
61.79159
61.88456
61.8413
61.93502
61.89098
61.98481
61.94124
62.03468
61.99115
62.08498
62.04155
62.13478
62.09188
62.18448
62.19211
62.23418
62.24221
62.28381
62.29182
62.33371
62.34221
62.38346
62.39197
62.43314
62.44178
62.48301
62.49155
62.53337
62.54137
62.58305
62.59121
62.63274
62.6417
62.68307
62.69167
62.73308
62.74216
62.78341
62.79221
62.83358
62.84247
62.88391
62.89267
62.93417
62.94312
62.98434
62.99287
63.03437
63.04249
63.08477
63.09295
63.13516
63.14306
63.18483
63.19341
63.23486
63.24342
63.28451
63.29323
63.33469
63.34334
63.3847
63.39303
63.43517
63.44279
63.48653
63.49247
63.53509
63.5424
63.5848
63.59229
63.63488
63.64253
63.68473
63.69228
63.73519
63.74202
63.78552
63.79241
63.83569
63.84205
63.88609
63.89161
63.93638
63.94121
63.98661
63.99105
64.03683
64.04147
64.08684
64.09184
64.13728
64.14233
64.18717
64.19206
64.23756
64.24224
64.28783
64.29256
64.33794
64.34227
64.38757
64.39272
64.43801
64.44281
64.48788
64.4931
64.53822
64.54347
64.58857
64.59312
64.63896
64.64292
64.6889
64.68732
64.73923
64.71666
64.76926
64.76504
64.81896
64.81486
64.85994
64.85439
64.90631
64.90464
64.95608
64.95444
65.006
65.00458
65.05621
65.05491
65.10609
65.10458
65.156
65.15429
65.20568
65.20405
65.25562
65.2545
65.3054
65.3045
65.35556
65.35491
65.40593
65.40535
65.4558
65.45523
65.50588
65.50545
65.55623
65.55561
65.60608
65.59755
65.65625
65.63188
65.68621
65.67312
65.73272
65.72095
65.76972
65.76285
65.81949
65.81284
65.86971
65.8625
65.91992
65.91245
65.97025
65.96262
66.01985
66.01262
66.06956
66.0629
66.11951
66.11261
66.16925
66.16235
66.21954
66.2123
66.2696
66.26234
66.31947
66.31243
66.36964
66.36275
66.42004
66.41251
66.47033
66.46268
66.52045
66.51311
66.57018
66.56288
66.62038
66.61288
66.67068
66.6625
66.72046
66.71236
66.77021
66.76241
66.82053
66.81255
66.87019
66.86269
66.91685
66.9129
66.96678
66.96304
67.01681
67.01273
67.06712
67.06248
67.11966
67.11219
67.16753
67.16237
67.21777
67.21253
67.26792
67.26227
67.31758
67.31249
67.36686
67.36253
67.4173
67.41279
67.46699
67.46243
67.51729
67.51247
67.56712
67.56255
67.61745
67.61205
67.66706
67.66182
67.71669
67.7122
67.76662
67.76227
67.81632
67.81213
67.86666
67.86195
67.91644
67.91235
67.96655
67.9622
68.01671
68.01186
68.06659
68.06158
68.11701
68.1113
68.16666
68.16165
68.21645
68.21201
68.26646
68.26231
68.31609
68.31197
68.3663
68.36237
68.4164
68.41246
68.46658
68.46264
68.5665
68.51286
68.6162
68.56264
68.66636
68.61227
68.71622
68.66233
68.76611
68.71204
68.81616
68.76241
68.8658
68.81217
68.91567
68.86224
68.96601
68.91269
69.01626
68.96259
69.06641
69.01304
69.1161
69.06329
69.16657
69.11324
69.21702
69.16338
69.26687
69.21325
69.31696
69.2636
69.36657
69.30765
69.41644
69.35764
69.46619
69.40775
69.51656
69.45751
69.56689
69.50786
69.61723
69.53072
69.65196
69.58068
69.69854
69.61357
69.74386
69.66375
69.79392
69.7643
69.84402
69.81418
69.89428
69.86388
69.94392
69.91378
69.99432
69.96349
70.04459
70.01394
70.09439
70.06435
70.14408
70.11462
70.19373
70.16444
70.24416
70.21483
70.29395
70.2646
70.34364
70.31437
70.39348
70.36456
70.44338
70.41498
70.49311
70.46487
70.54344
70.5151
70.5933
70.56541
70.63667
70.61529
70.68684
70.66474
70.73672
70.71435
70.78835
70.76461
70.8371
70.81436
70.88694
70.8643
70.93691
70.91424
70.98647
70.96462
71.03632
71.01485
71.08605
71.06537
71.13593
71.1152
71.1863
71.16444
71.23643
71.21475
71.28632
71.30734
71.33609
71.35779
71.3865
71.40765
71.43642
71.45731
71.48609
71.50702
71.53603
71.55722
71.58646
71.6074
71.63657
71.65759
71.68693
71.70741
71.73656
71.74174
71.77165
71.79168
71.82156
71.82874
71.87143
71.87872
71.92126
71.96958
71.97109
72.00571
72.02131
72.05544
72.07102
72.09658
72.12016
72.14678
72.17058
72.19705
72.22028
72.24713
72.27077
72.29727
72.32045
72.34734
72.37037
72.39745
72.42077
72.44784
72.47064
72.49818
72.5211
72.54807
72.5715
72.59772
72.62194
72.6475
72.67207
72.69724
72.72228
72.74745
72.77256
72.79793
72.82294
72.84779
72.87337
72.89752
72.92329
72.94727
72.9736
72.99699
73.02377
73.04687
73.07356
73.09646
73.12324
73.14613
73.17369
73.19627
73.22334
73.24651
73.27348
73.29696
73.32366
73.34686
73.37407
73.3973
73.42395
73.44731
73.52422
73.49735
73.57388
73.54743
73.62356
73.59705
73.67374
73.64745
73.72346
73.69711
73.77386
73.74749
73.82386
73.79722
73.87355
73.84719
73.92348
73.89706
73.97365
73.9475
74.02389
73.99749
74.07392
74.04712
74.12405
74.09737
74.17382
74.14742
74.22413
74.19735
74.27415
74.24702
74.32405
74.29671
74.37441
74.34675
74.42488
74.39689
74.47515
74.44691
74.52547
74.49662
74.57554
74.54702
74.62534
74.59841
74.67525
74.6469
74.72539
74.69678
74.77571
74.74664
74.82572
74.79663
74.87534
74.84627
74.92558
74.89635
74.97574
74.94621
75.02607
74.99587
75.0757
75.0456
75.12533
75.09574
75.17499
75.14587
75.22546
75.19556
75.27544
75.24535
75.32523
75.29542
75.37519
75.34567
75.42489
75.39587
75.47478
75.44613
75.52451
75.49622
75.5748
75.54623
75.62482
75.59615
75.67493
75.64594
75.72466
75.69559
75.77431
75.74548
75.82445
75.84547
75.8743
75.8952
75.92478
75.94485
75.97456
75.99474
76.02431
76.04494
76.07478
76.09467
76.12496
76.145
76.17491
76.19488
76.22461
76.24532
76.27456
76.29507
76.32501
76.34528
76.37479
76.39488
76.42472
76.44524
76.47455
76.49541
76.52496
76.54581
76.57491
76.5956
76.62473
76.64553
76.67516
76.69514
76.72508
76.74503
76.77496
76.79479
76.82483
76.84521
76.8748
76.89534
76.9251
76.94521
76.97488
76.99531
77.02491
77.0452
77.07524
77.09496
77.12563
77.14479
77.1754
77.19473
77.22523
77.24519
77.27524
77.29492
77.32564
77.34538
77.3757
77.395
77.42544
77.4449
77.4753
77.49482
77.52527
77.54469
77.57515
77.59435
77.6256
77.64436
77.67503
77.69426
77.72509
77.74452
77.77528
77.79506
77.82552
77.84423
77.87526
77.89462
77.92494
77.94441
77.97508
77.99411
78.02553
78.04422
78.07558
78.09461
78.12534
78.14434
78.17551
78.19402
78.22549
78.24377
78.27524
78.29366
78.32538
78.34389
78.37499
78.3942
78.4152
78.44407
78.46513
78.49423
78.51532
78.54396
78.56532
78.59367
78.61539
78.64335
78.66534
78.69331
78.71526
78.74366
78.76555
78.79349
78.81564
78.84274
78.85599
78.89271
78.90636
78.94237
78.95654
78.99206
79.0068
79.04206
79.05683
79.09209
79.1071
79.14193
79.15753
79.19217
79.20757
79.24242
79.25799
79.2926
79.30764
79.34301
79.35778
79.39296
79.40773
79.44276
79.45786
79.49239
79.5083
79.54221
79.60785
79.5919
79.65784
79.64162
79.7077
79.69135
79.7582
79.74101
79.80843
79.79128
79.85806
79.83366
79.90823
79.93375
79.95862
79.98348
80.00895
80.0334
80.05942
80.08362
80.10923
80.13361
80.1589
80.18366
80.20869
80.23342
80.25849
80.28325
80.30811
80.333
80.35803
80.38339
80.40792
80.43373
80.45762
80.48351
80.50732
80.53391
80.55695
80.5836
80.60704
80.63367
80.65685
80.6835
80.70688
80.73338
80.75677
80.78317
80.80718
80.83334
80.85691
80.88353
80.9069
80.93367
80.95664
80.9837
81.00624
81.03381
81.05601
81.08385
81.1059
81.1343
81.15561
81.18398
81.2054
81.2337
81.25542
81.28377
81.30556
81.3338
81.35555
81.3835
81.40541
81.43317
81.4554
81.48296
81.50572
81.51147
81.54681
81.56162
81.59686
81.61185
81.647
81.66223
81.6971
81.71263
81.74707
81.76308
81.7971
81.81293
81.84689
81.86285
81.8967
81.91289
81.94648
81.96319
81.9964
82.01289
82.04616
82.06279
82.09656
82.11271
82.14652
82.16241
82.19678
82.21219
82.24706
82.26209
82.29678
82.31194
82.34667
82.36224
82.39713
82.41196
82.44742
82.46162
82.49732
82.51196
82.54722
82.56216
82.59724
82.61256
82.64702
82.66244
82.69735
82.7125
82.74711
82.76283
82.79735
82.81301
82.84773
82.8632
82.89738
82.91349
82.94772
82.96362
82.99751
83.014
83.0479
83.06393
83.09831
83.11367
83.14854
83.16409
83.19883
83.214
83.24877
83.26389
83.29857
83.31433
83.34819
83.36427
83.39791
83.41394
83.4477
83.46412
83.49786
83.51382
83.54766
83.56343
83.59758
83.61356
83.64751
83.66332
83.69779
83.71378
83.74797
83.76422
83.79826
83.81398
83.84819
83.86419
83.89825
83.91441
83.94946
83.96429
83.99791
84.01385
84.0481
84.06366
84.09858
84.11406
84.14829
84.16452
84.19859
84.21451
84.24835
84.26265
84.29814
84.31271
84.34797
84.36208
84.39768
84.41258
84.44752
84.46291
84.4975
84.51334
84.54723
84.5636
84.59723
84.61359
84.64736
84.66397
84.69723
84.76341
84.74695
84.81313
84.84637
84.86279
84.89687
84.91264
84.94727
84.96252
84.997
85.01292
85.04736
85.06264
85.09727
85.1127
85.14764
85.16319
85.19767
85.21293
85.24777
85.66283
85.29797
85.94656
85.34804
85.97602
85.39837
85.99849
85.44864
86.02088
85.49841
86.05781
85.5481
86.07658
85.59542
86.09385
85.6457
86.11182
85.6833
86.13079
85.71268
86.14583
85.74967
86.17439
85.77708
86.1881
85.79943
86.20289
85.82161
86.21616
85.86823
86.22923
85.89314
86.24497
85.92252
86.25885
85.9527
86.2747
85.96814
86.28799
85.98388
86.30116
85.99716
86.31431
86.01182
86.32896
86.02641
86.34055
86.04109
86.35364
86.06095
86.36483
86.08769
86.38023
86.10233
86.38688
86.11865
86.39557
86.13322
86.41263
86.14767
86.42465
86.16
86.44104
86.1965
86.45319
86.21221
86.46043
86.22616
86.46905
86.23576
86.4817
86.25014
86.49036
86.26269
86.49982
86.27655
86.50991
86.29061
86.51858
86.3022
86.53357
86.31575
86.5411
86.33067
86.55498
86.33825
86.5657
86.35056
86.57515
86.36389
86.58958
86.37582
86.59634
86.38882
86.60503
86.39841
86.61804
86.40922
86.62872
86.42229
86.64076
86.43575
86.65047
86.44742
86.66267
86.45628
86.67134
86.46993
86.68005
86.48222
86.69205
86.49013
86.70336
86.50442
86.71591
86.51615
86.72689
86.53049
86.73971
86.53742
86.74847
86.55187
86.76041
86.55885
86.77191
86.56808
86.78066
86.58369
86.78951
86.59435
86.79875
86.60775
86.8123
86.62142
86.82507
86.63387
86.83743
86.64695
86.84636
86.66228
86.86144
86.67531
86.87033
86.74288
86.88523
86.81853
86.89494
86.90108
86.90923
86.9273
86.91637
86.9401
86.93118
86.95287
86.9429
86.96787
86.9565
86.979
86.96844
86.98641
86.98274
86.99981
86.9978
87.01971
87.01129
87.03194
87.02389
87.04501
87.03584
87.05755
87.04563
87.07101
87.05701
87.08184
87.06837
87.0966
87.07767
87.10716
87.09063
87.12018
87.10353
87.12978
87.1146
87.14478
87.12896
87.15686
87.14056
87.17039
87.1512
87.18261
87.16313
87.19052
87.17344
87.20545
87.18585
87.21658
87.1991
87.2252
87.21263
87.23795
87.22341
87.24957
87.23536
87.25699
87.24904
87.26841
87.25937
87.28243
87.2709
87.29468
87.28303
87.30794
87.29429
87.32078
87.30755
87.33224
87.32161
87.34619
87.33477
87.35709
87.34986
87.37154
87.36716
87.38457
87.38177
87.397
87.395
87.40437
87.40387
87.41779
87.41782
87.43103
87.42688
87.44231
87.43803
87.45262
87.454
87.46677
87.46595
87.47602
87.48081
87.48827
87.49416
87.49867
87.50504
87.51456
87.51763
87.52838
87.52968
87.53839
87.54031
87.5487
87.55421
87.56189
87.56468
87.57118
87.57561
87.58412
87.58842
87.59331
87.6009
87.606
87.61341
87.61992
87.62681
87.63407
87.63939
87.64877
87.64865
87.66414
87.66195
87.67844
87.67203
87.69219
87.68279
87.704
87.69601
87.71846
87.70634
87.73226
87.71959
87.74151
87.72686
87.7518
87.73611
87.76343
87.74902
87.77374
87.76195
87.78545
87.77426
87.7957
87.78596
87.80492
87.79621
87.81413
87.8065
87.82391
87.81813
87.8332
87.82739
87.84653
87.84245
87.864
87.85569
87.87669
87.87336
87.88988
87.88756
87.90592
87.9024
87.9184
87.9098
87.9287
87.92414
87.94118
87.93156
87.95071
87.94591
87.96195
87.95625
87.96917
87.97009
87.98353
87.97932
87.99107
87.9896
87.9982
87.99683
88.00829
88.00709
88.01546
88.0163
88.02251
88.02594
88.02972
88.03762
88.03693
88.04682
88.04732
88.05608
88.0547
88.06529
88.06743
88.07455
88.07479
88.08548
88.08398
88.09472
88.09117
88.10209
88.0984
88.10928
88.10758
88.11649
88.12432
88.12574
88.13157
88.13496
88.14077
88.14527
88.14996
88.15702
88.15733
88.16974
88.16457
88.18246
88.17178
88.19169
88.18206
88.20673
88.19553
88.21844
88.20799
88.22588
88.22184
88.23855
88.23116
88.25195
88.24512
88.26362
88.26352
88.2728
88.27298
88.27998
88.28236
88.2892
88.29212
88.29839
88.30399
88.30555
88.31679
88.31259
88.32612
88.31976
88.33351
88.32681
88.34086
88.33598
88.35021
88.34333
88.35952
88.35502
88.36701
88.36732
88.37432
88.37459
88.38361
88.39044
88.39297
88.40394
88.40492
88.42157
88.41805
88.44348
88.43148
88.45605
88.44772
88.46778
88.46065
88.4818
88.47961
88.49574
88.49419
88.51424
88.50801
88.52598
88.53883
88.53528
88.55209
88.55819
88.56908
88.574
88.58352
88.58928
88.60052
88.60945
88.60992
88.61808
88.62624
88.63165
88.63645
88.64417
88.65099
88.65611
88.66283
88.6699
88.67863
88.67724
88.69362
88.6875
88.70744
88.69775
88.71476
88.70802
88.72196
88.71724
88.72925
88.7275
88.74314
88.73923
88.75288
88.75355
88.76804
88.76968
88.77537
88.79634
88.81339
88.8215
88.82674
88.84952
88.86607
88.87827
88.88982
88.89739
88.90598
88.9155
88.92905
88.93825
88.94752
88.9582
88.9745
88.97434
88.99216
88.99033
89.00903
89.00954
89.02817
89.02411
89.0387
89.03854
89.05054
89.05247
89.05865
89.06425
89.07365
89.07863
89.09354
89.08987
89.10415
89.10016
89.11581
89.11359
89.1275
89.1274
89.13676
89.1348
89.14596
89.14819
89.15797
89.16273
89.16537
89.16993
89.17705
89.18014
89.18938
89.19027
89.19658
89.19743
89.20373
89.20458
89.21291
89.2116
89.22551
89.22494
89.23478
89.23213
89.2491
89.23919
89.26089
89.24649
89.27404
89.26031
89.28528
89.27063
89.29271
89.28054
89.30322
89.29454
89.31047
89.30782
89.31971
89.31814
89.33
89.32747
89.33924
89.33775
89.3485
89.34518
89.36053
89.35672
89.36797
89.36598
89.3783
89.37523
89.38986
89.38491
89.39728
89.39466
89.40448
89.40504
89.4137
89.41527
89.42088
89.42456
89.43011
89.43491
89.4375
89.4423
89.44674
89.44951
89.45924
89.45673
89.46658
89.46364
89.47577
89.47798
89.48499
89.4872
89.49422
89.49645
89.50472
89.50389
89.51396
89.51565
89.5232
89.52599
89.53247
89.53519
89.54472
89.54241
89.55215
89.54969
89.56245
89.56316
89.5749
89.57239
89.58414
89.5858
89.59341
89.59512
89.60701
89.60769
89.61446
89.617
89.62943
89.63219
89.63689
89.64386
89.64867
89.65788
89.6625
89.68029
89.67521
89.69279
89.68694
89.70602
89.69729
89.71861
89.71182
89.73259
89.72287
89.74595
89.73632
89.7561
89.74552
89.7647
89.75823
89.77644
89.76743
89.78843
89.7799
89.80318
89.79156
89.81384
89.80406
89.82819
89.81503
89.83956
89.82848
89.85069
89.84023
89.86312
89.85217
89.87679
89.8595
89.89001
89.87472
89.89865
89.88488
89.90897
89.89932
89.92315
89.90663
89.93271
89.91693
89.93992
89.93092
89.94715
89.94267
89.95639
89.95003
89.96363
89.95927
89.97037
89.97096
89.98396
89.97841
89.99324
89.99242
