0.007496687
0.0297506
0.02239186
0.05668335
0.03512516
0.06305605
0.04800588
0.07548303
0.0621621
0.09999476
0.07640562
0.1061946
0.09346119
0.1185924
0.1029257
0.1247987
0.1161397
0.1456758
0.1275832
0.1603207
0.1411831
0.1665475
0.1549743
0.1908512
0.1653262
0.2094799
0.175497
0.2275813
0.1873779
0.2460648
0.1959798
0.2543372
0.2086421
0.2669432
0.2211251
0.273145
0.2307998
0.2853887
0.2429183
0.2998798
0.2564239
0.3060797
0.269832
0.3122793
0.2835109
0.3184794
0.2980335
0.3246798
0.3111851
0.3309441
0.3256285
0.3391998
0.3391012
0.3517451
0.3520676
0.3788487
0.3645338
0.3912444
0.3734903
0.4140102
0.3821314
0.4203855
0.3942001
0.4265829
0.4074661
0.43901
0.4200556
0.4452096
0.4286678
0.4514288
0.4385989
0.4596968
0.4482884
0.4660986
0.4598589
0.4722987
0.4702003
0.4784945
0.4808229
0.484676
0.4941183
0.4907234
0.5055097
0.4969209
0.5145556
0.5031644
0.5264531
0.5093645
0.5389841
0.5217621
0.5475984
0.5279638
0.5617209
0.5342054
0.5716563
0.5404032
0.584639
0.5466097
0.5912436
0.5548944
0.6002598
0.5610945
0.6122634
0.5735338
0.621426
0.5797335
0.6355692
0.5859333
0.6503544
0.5921355
0.6673539
0.5983748
0.681987
0.6045766
0.69362
0.610787
0.7036889
0.616985
0.7178193
0.6230076
0.7287815
0.6292328
0.7411749
0.6375406
0.7497938
0.6437696
0.7628435
0.6499758
0.7766306
0.6561795
0.7895614
0.6623926
0.8017175
0.670713
0.8137944
0.6770728
0.8272335
0.6832727
0.8370896
0.6894726
0.8506893
0.6956724
0.8637263
0.7019203
0.875147
0.7081265
0.8881594
0.7143282
0.9016359
0.7205392
0.9133209
0.7288389
0.9237102
0.7371362
0.9388581
0.7435092
0.9567618
0.7497298
0.9684448
0.761461
0.9813902
0.7697875
0.995371
0.7761625
1.005515
0.7823684
1.018756
0.7885852
1.031431
0.7968643
1.047724
0.805158
1.059628
0.8134596
1.071565
0.8217299
1.083638
0.8366024
1.096923
0.8428213
1.109556
0.8490209
1.122095
0.8552313
1.128766
0.8614334
1.139151
0.8676705
1.152703
0.8738961
1.164055
0.8832202
1.173975
0.8896036
1.184854
0.8979052
1.195983
0.9042696
1.208416
0.9104906
1.219253
0.918736
1.227968
0.9251257
1.237697
0.931382
1.249315
0.9396687
1.259053
0.9458899
1.267688
0.9541351
1.277879
0.9605245
1.286448
0.9667729
1.296103
0.9750637
1.302651
0.9814326
1.309087
0.9876344
1.318114
0.9938385
1.327276
1.000068
1.335876
1.00629
1.344504
1.012496
1.35504
1.018707
1.363698
1.024906
1.372279
1.031134
1.378841
1.037354
1.385252
1.043571
1.394318
1.049772
1.405084
1.055981
1.414718
1.062185
1.423651
1.068437
1.432317
1.076707
1.438887
1.083086
1.445469
1.089293
1.454036
1.095501
1.462893
1.101732
1.475783
1.107955
1.485163
1.114174
1.491972
1.122448
1.502207
1.12865
1.508944
1.141104
1.515346
1.149376
1.521915
1.155751
1.528544
1.170599
1.537436
1.176972
1.5461
1.183169
1.554964
1.18938
1.561581
1.197696
1.57023
1.210265
1.576808
1.224732
1.58538
1.233035
1.59198
1.239397
1.59838
1.251622
1.606954
1.25782
1.613513
1.264049
1.620113
1.270249
1.631898
1.288827
1.642445
1.301087
1.649045
1.315577
1.660762
1.344905
1.669399
1.357297
1.676155
1.363488
1.686965
1.394498
1.698826
1.444119
1.709279
1.468926
1.718937
1.481321
1.727512
1.508445
1.736177
1.514641
1.746557
1.551823
1.753156
1.55803
1.764617
1.578894
1.771213
1.608034
1.782136
1.62042
1.788864
1.666122
1.795294
1.67232
1.801689
1.721898
1.808288
1.728107
1.819802
1.742767
1.832299
1.74896
1.840889
1.755149
1.847442
1.761356
1.853843
1.769645
1.862597
1.776006
1.871168
1.782186
1.881109
1.794582
1.890041
1.800813
1.896842
1.825586
1.906264
1.844187
1.91482
1.862782
1.921395
1.881386
1.929974
1.912385
1.936556
1.943385
1.945196
1.949585
1.951765
1.95578
1.958343
1.961984
1.966972
1.980611
1.975573
1.992984
1.986841
2.011629
1.993441
2.019917
1.999896
2.051093
2.013154
2.057288
2.019814
2.06348
2.031026
2.069715
2.039947
2.084229
2.050888
2.142138
2.06264
2.175231
2.071283
2.218614
2.080427
2.249607
2.090951
2.270313
2.099531
2.284964
2.108126
2.297379
2.118105
2.303578
2.124665
2.328338
2.131105
2.377943
2.139746
2.402736
2.148356
2.40893
2.157092
2.427501
2.167304
2.433728
2.177193
2.439927
2.185764
2.44611
2.19481
2.4585
2.203351
2.47091
2.211997
2.485376
2.220598
2.510363
2.227615
2.522757
2.234346
2.53109
2.24094
2.549842
2.253435
2.558108
2.266472
2.564348
2.277689
2.570541
2.286301
2.576732
2.295036
2.616173
2.303734
2.622373
2.314538
2.634791
2.323286
2.690555
2.336169
2.727729
2.34275
2.73396
2.351469
2.740154
2.360164
2.777326
2.370635
2.82896
2.377395
2.868296
2.386101
2.880679
2.398767
2.886873
2.407392
2.905487
2.413961
2.911679
2.422585
2.93648
2.431219
2.948868
2.441858
2.967469
2.448433
2.986034
2.457005
3.035496
2.463765
3.066498
2.470345
3.07269
2.478899
3.078883
2.487534
3.085075
2.498217
3.103683
2.504965
3.149152
2.514879
3.155344
2.523819
3.173956
2.532416
3.180158
2.539154
3.209293
2.547698
3.24649
2.556297
3.258875
2.567653
3.265095
2.577669
3.271296
2.589229
3.279562
2.600482
3.292095
2.610756
3.352456
2.622999
3.364876
2.629781
3.377259
2.638393
3.383453
2.646959
3.389645
2.653547
3.395828
2.663322
3.410346
2.671925
3.416694
2.682919
3.435318
2.689494
3.441514
2.698095
3.447693
2.704685
3.453893
2.714606
3.460093
2.721162
3.468397
2.729762
3.474757
2.740536
3.480953
2.747282
3.487146
2.755867
3.49334
2.762491
3.499559
2.77381
3.505759
2.78036
3.511955
2.786761
3.518146
2.795427
3.524342
2.802027
3.530558
2.81412
3.536758
2.822751
3.542958
2.831422
3.555345
2.840332
3.561543
2.846892
3.567785
2.853292
3.576053
2.861915
3.582415
2.872477
3.588622
2.881127
3.59689
2.889654
3.60329
2.898357
3.609483
2.904937
3.615677
2.913979
3.62187
2.922738
3.628075
2.929359
3.636355
2.940865
3.64273
2.949473
3.648922
2.959358
3.655111
2.966081
3.661288
2.972487
3.66754
2.981091
3.673734
2.989824
3.679928
3.000824
3.686121
3.007424
3.692323
3.018878
3.700652
3.02749
3.707023
3.036075
3.715283
3.044658
3.721643
3.051223
3.727841
3.059848
3.73407
3.070912
3.740264
3.084045
3.746459
3.09267
3.75265
3.101222
3.758844
3.107805
3.765073
3.116457
3.77128
3.125688
3.779552
3.134596
3.785914
3.143337
3.792108
3.152346
3.79835
3.16362
3.812974
3.172247
3.819153
3.180865
3.825353
3.187419
3.837788
3.194019
3.843982
3.200601
3.850178
3.209219
3.856384
3.217736
3.871048
3.226321
3.877219
3.233049
3.88345
3.239462
3.889641
3.249487
3.895818
3.256087
3.902066
3.265376
3.908257
3.274941
3.914451
3.284438
3.920655
3.290992
3.928915
3.297948
3.935311
3.306742
3.941507
3.317538
3.947702
3.326152
3.953883
3.334787
3.960083
3.343345
3.96615
3.349884
3.972343
3.356309
3.978537
3.365261
3.984551
3.373778
3.990752
3.382309
3.996951
3.390915
4.003018
3.399483
4.011284
3.406073
4.017653
3.415104
4.023844
3.423677
4.030042
3.434749
4.036267
3.445149
4.042463
3.454349
4.048656
3.462974
4.05485
3.471815
4.061046
3.480403
4.067284
3.491904
4.075581
3.504414
4.081975
3.512927
4.093524
3.521527
4.099924
3.53007
4.106119
3.538612
4.112313
3.549099
4.118506
3.557636
4.124702
3.566413
4.130931
3.5797
4.137125
3.593131
4.143323
3.604264
4.149518
3.614993
4.15571
3.626645
4.170242
3.639128
4.186801
3.648044
4.193147
3.657796
4.20768
3.666376
4.214059
3.675256
4.222346
3.687123
4.230946
3.700079
4.237167
3.711745
4.245471
3.718328
4.251672
3.726878
4.257878
3.7354
4.264121
3.741971
4.27437
3.750573
4.284997
3.75961
4.291214
3.768508
4.300515
3.775077
4.30688
3.786795
4.31308
3.800743
4.321383
3.811743
4.33211
3.820795
4.338474
3.834458
4.34467
3.841046
4.350866
3.850662
4.357066
3.861902
4.363274
3.873987
4.371582
3.884791
4.377945
3.89397
4.386243
3.906276
4.394848
3.919342
4.401252
3.9292
4.407471
3.939408
4.416811
3.945998
4.425867
3.956408
4.43561
3.966529
4.443935
3.976124
4.454676
3.984859
4.460906
3.999074
4.471276
4.01099
4.479569
4.023386
4.487871
4.032933
4.494269
4.039516
4.506181
4.051783
4.512567
4.062053
4.520875
4.071189
4.529497
4.083832
4.541474
4.092472
4.549788
4.106671
4.558128
4.115204
4.570561
4.125317
4.580673
4.137385
4.5897
4.150204
4.598037
4.158828
4.606742
4.165406
4.615039
4.173939
4.623385
4.182539
4.634874
4.193738
4.647674
4.207538
4.655976
4.216054
4.66433
4.224645
4.673007
4.233935
4.681726
4.244603
4.691873
4.256439
4.70071
4.271263
4.712649
4.285631
4.719043
4.295715
4.730001
4.309037
4.742826
4.322455
4.755405
4.333447
4.764738
4.348838
4.774071
4.36069
4.785671
4.37539
4.794358
4.3862
4.804966
4.401491
4.81447
4.414466
4.828336
4.427653
4.841294
4.442692
4.854377
4.454702
4.865904
4.470781
4.879158
4.483558
4.887531
4.4966
4.900429
4.509114
4.909431
4.522643
4.921403
4.533986
4.927719
4.547023
4.939403
4.561427
4.948132
4.571789
4.958846
4.586118
4.971669
4.599706
4.978093
4.613459
4.991643
4.627778
5.002497
4.640852
5.014134
4.65063
5.027307
4.663839
5.035703
4.674851
5.047981
4.683462
5.061733
4.695316
5.073843
4.709318
5.084093
4.720311
5.094888
4.734159
5.10824
4.747231
5.116598
4.75826
5.128713
4.770854
5.141397
4.785787
5.151665
4.801049
5.165218
4.815919
5.177593
4.832106
5.190017
4.848897
5.201038
4.860364
5.212907
4.875576
5.221252
4.889047
5.232644
4.90669
5.24296
4.923623
5.255947
4.93761
5.265303
4.953057
5.273633
4.967245
5.283753
4.978351
5.295459
4.993182
5.306571
5.00511
5.316965
5.022099
5.325662
5.043443
5.339308
5.058322
5.350572
5.073092
5.361703
5.09901
5.374484
5.121449
5.383834
5.139493
5.397646
5.160107
5.410994
5.174815
5.421908
5.191075
5.433126
5.206477
5.445507
5.227853
5.456793
5.241053
5.468574
5.261644
5.482219
5.286558
5.494946
5.303614
5.512591
5.320509
5.522827
5.341851
5.539684
5.363108
5.554793
5.383508
5.566823
5.396349
5.581571
5.416845
5.590766
5.435515
5.60451
5.45685
5.617297
5.485843
5.629924
5.504582
5.643943
5.524378
5.659238
5.559308
5.671356
5.581414
5.681154
5.604559
5.695041
5.638421
5.70977
5.662012
5.722574
5.685749
5.737615
5.706838
5.829836
5.734908
5.870297
5.764099
5.883897
5.79028
5.897541
5.811729
5.911607
5.846843
5.9265
5.886176
5.970472
5.904946
6.035535
5.928964
6.064201
5.954799
6.093753
5.984005
6.12055
6.00706
6.135091
6.032478
6.161751
6.052812
6.176563
6.069811
6.189234
6.093025
6.201515
6.11961
6.227016
6.151371
6.254033
6.175429
6.331751
6.202802
6.345799
6.230167
6.360096
6.261902
6.383619
6.296006
6.397708
6.321767
6.459569
6.35634
6.479165
6.400701
6.50141
6.4503
6.53182
6.488899
6.555409
6.535831
6.579162
6.58563
6.606299
6.636006
6.702106
6.68623
6.743304
6.736027
6.786936
6.785894
6.826869
6.835627
6.876957
6.885886
6.919136
6.936019
6.965467
6.98615
7.014227
7.03609
7.058159
7.086222
7.107939
7.136547
7.150937
7.186949
7.201021
7.237331
7.248919
7.28773
7.298798
7.387076
7.349386
7.437004
7.399645
7.48707
7.449476
7.537214
7.499227
7.587322
7.549285
7.637385
7.598951
7.687522
7.648787
7.737904
7.699155
7.837876
7.748796
7.888241
7.798719
7.938759
7.848939
7.989074
7.899271
8.039238
7.949574
8.089314
7.999586
8.139165
8.049678
8.189593
8.099744
8.23972
8.149726
8.289603
8.199947
8.339602
8.250237
8.389513
8.299856
8.439322
8.350177
8.538666
8.39987
8.588517
8.450327
8.638183
8.500786
8.688502
8.550463
8.738091
8.600929
8.788238
8.650781
8.837956
8.750825
8.887822
8.850897
8.938122
8.901304
8.988192
8.951661
9.038633
9.001431
9.088856
9.051637
9.138756
9.101974
9.188424
9.152256
9.238912
9.202385
9.289046
9.252592
9.339452
9.352796
9.389851
9.402728
9.439483
9.45231
9.489269
9.502526
9.539067
9.552345
9.58889
9.60209
9.638755
9.652053
9.688948
9.752493
9.740157
9.802879
9.78904
9.852638
9.838911
9.903051
9.888244
9.952682
9.938356
10.00294
9.988168
10.05331
10.03808
10.10337
10.08804
10.20325
10.13807
10.25356
10.18829
10.30336
10.23833
10.35358
10.2881
10.40384
10.33783
10.45404
10.38822
10.5043
10.43782
10.55494
10.48774
10.60522
10.5374
10.65571
10.5879
10.70557
10.63809
10.75523
10.6884
10.80567
10.73888
10.85587
10.7888
10.90623
10.83898
10.95637
10.88943
11.00647
10.93985
11.0569
10.98995
11.10694
11.03989
11.15677
11.08982
11.20694
11.14008
11.25667
11.18993
11.30635
11.23958
11.3563
11.28934
11.40643
11.33899
11.45626
11.43875
11.50668
11.48861
11.55681
11.539
11.60647
11.58934
11.65633
11.63965
11.70606
11.68988
11.75586
11.74014
11.80579
11.79054
11.85615
11.89105
11.90637
11.9413
11.95652
11.98819
12.00679
12.02705
12.04404
12.07593
12.09397
12.12614
12.14368
12.17604
12.1938
12.22616
12.24395
12.32665
12.29391
12.37665
12.34353
12.4266
12.39319
12.47625
12.44287
12.52611
12.49312
12.57596
12.54298
12.62633
12.59313
12.67598
12.6436
12.72624
12.69325
12.77665
12.74301
12.82702
12.79291
12.87666
12.84336
12.92686
12.89326
12.97683
12.94322
13.02671
12.99357
13.07708
13.04333
13.12652
13.09305
13.17679
13.14324
13.22649
13.19346
13.27665
13.29384
13.32671
13.34405
13.37664
13.39382
13.42652
13.44398
13.47669
13.49418
13.52698
13.54458
13.57698
13.59495
13.62733
13.64518
13.67713
13.69543
13.72751
13.74519
13.77763
13.84619
13.82788
13.89622
13.87758
13.94585
13.92795
13.99559
13.97814
14.04528
14.02843
14.09503
14.07862
14.19517
14.12903
14.24504
14.17934
14.29465
14.22962
14.34498
14.27929
14.39501
14.32963
14.44508
14.3795
14.49517
14.4293
14.54484
14.47975
14.59488
14.53013
14.6453
14.58021
14.69569
14.63034
14.74566
14.68081
14.846
14.73078
14.8957
14.78059
14.9456
14.83109
14.99522
14.88114
15.04532
14.93112
15.09562
14.98074
15.14529
15.03115
15.19523
15.08149
15.24567
15.13179
15.29576
15.18162
15.34563
15.2318
15.39603
15.28207
15.44628
15.38189
15.49615
15.43166
15.546
15.48152
15.59566
15.53141
15.64535
15.58188
15.69581
15.63191
15.74601
15.68228
15.79632
15.73225
15.84632
15.78261
15.89655
15.83228
15.94654
15.88233
15.99657
15.93227
16.04665
15.98254
16.09658
16.03281
16.14664
16.08268
16.1963
16.13251
16.24632
16.1829
16.29594
16.23257
16.34571
16.33183
16.39606
16.3818
16.44591
16.43194
16.49614
16.48212
16.54592
16.53185
16.59594
16.63256
16.64618
16.68299
16.69645
16.73269
16.74663
16.7827
16.79651
16.83292
16.84681
16.88301
16.89687
16.93326
16.9469
16.98372
16.99654
17.03412
17.04637
17.08419
17.14734
17.13443
17.19726
17.18485
17.24746
17.23457
17.29797
17.28432
17.34748
17.33431
17.39792
17.38399
17.44763
17.43385
17.49729
17.48369
17.5477
17.53409
17.59792
17.58458
17.64832
17.6841
17.69876
17.73391
17.74895
17.78434
17.79938
17.83468
17.84942
17.8845
17.89928
17.93414
17.94938
17.98443
17.99909
18.03467
18.0493
18.08454
18.09975
18.13497
18.14991
18.18497
18.19972
18.2354
18.24977
18.28557
18.29977
18.33529
18.3501
18.3849
18.40048
18.43464
18.50025
18.48454
18.54987
18.53495
18.59968
18.58468
18.64942
18.63442
18.69903
18.68455
18.79957
18.73487
18.85004
18.78516
18.90012
18.83523
18.9505
18.8854
19.00022
18.93546
19.0507
18.98527
19.10067
19.03569
19.15043
19.08575
19.2005
19.13592
19.25037
19.18566
19.3
19.23595
19.35003
19.28621
19.40006
19.33661
19.44986
19.38639
19.49993
19.43607
19.54955
19.48584
19.59979
19.53551
19.65019
19.58601
19.70063
19.63625
19.75082
19.68648
19.80129
19.73692
19.85108
19.78682
19.90147
19.83701
19.9518
19.88757
20.00167
19.93724
20.05187
19.98674
20.10186
20.08694
20.15187
20.13687
20.20161
20.18703
20.25208
20.23724
20.30234
20.28707
20.3526
20.33696
20.40224
20.38707
20.45231
20.43677
20.50248
20.48669
20.55261
20.53711
20.60248
20.58739
20.65261
20.6374
20.70304
20.68719
20.75285
20.73763
20.80324
20.78729
20.85291
20.83709
20.90258
20.88743
20.95267
20.93726
21.00258
20.98766
21.05293
21.03797
21.10303
21.08819
21.1534
21.13832
21.20379
21.18804
21.25365
21.23836
21.30339
21.28842
21.35336
21.33858
21.40333
21.38898
21.45357
21.43879
21.50326
21.48918
21.55332
21.53885
21.60303
21.5893
21.65345
21.63932
21.70357
21.68894
21.75337
21.73924
21.80302
21.78938
21.85282
21.83958
21.90303
21.88957
21.95303
21.93958
22.00305
21.98931
22.05329
22.03957
22.10349
22.0899
22.15382
22.14009
22.20391
22.19033
22.30382
22.24049
22.35385
22.291
22.40367
22.34137
22.45398
22.3919
22.50393
22.44214
22.55387
22.49257
22.60371
22.54247
22.65403
22.59277
22.7044
22.64308
22.75403
22.69273
22.79893
22.7426
22.84234
22.7925
22.89276
22.8426
22.94276
22.89243
22.99256
22.94222
23.04274
22.99205
23.09263
23.04182
23.14301
23.09208
23.19306
23.14194
23.24315
23.19238
23.29348
23.24219
23.34325
23.29269
23.39327
23.34275
23.44296
23.39312
23.49283
23.44321
23.54325
23.49298
23.59341
23.54342
23.64328
23.59355
23.69327
23.64367
23.74305
23.69403
23.79309
23.74407
23.84272
23.79378
23.89238
23.8436
23.94252
23.894
23.99268
23.94391
24.04245
23.9938
24.09252
24.04353
24.14449
24.09353
24.19361
24.19233
24.24405
24.24211
24.29405
24.29239
24.34327
24.34251
24.39345
24.39293
24.44345
24.44264
24.49361
24.49256
24.54384
24.54254
24.59421
24.59291
24.64454
24.64318
24.69445
24.69312
24.74485
24.74322
24.79528
24.79358
24.84519
24.84366
24.89565
24.89384
24.94559
24.94373
24.99605
25.04391
25.04572
25.09373
25.09544
25.14408
25.14546
25.19451
25.19578
25.2449
25.24589
25.29457
25.29558
25.34444
25.34566
25.3947
25.39552
25.44464
25.44547
25.49498
25.49526
25.54463
25.54515
25.59468
25.59486
25.64501
25.64478
25.69528
25.69444
25.74568
25.74478
25.79564
25.79503
25.84587
25.84523
25.89551
25.89549
25.94528
25.94562
25.99536
25.99602
26.04571
26.0457
26.09571
26.09583
26.14568
26.14624
26.19531
26.19604
26.24531
26.24605
26.29513
26.29575
26.34511
26.34564
26.39527
26.39528
26.44576
26.44527
26.49603
26.49518
26.54593
26.5451
26.59632
26.59521
26.64673
26.64496
26.69683
26.69487
26.74716
26.74462
26.79694
26.79511
26.84683
26.84474
26.89653
26.89514
26.94643
26.94554
26.99669
26.9957
27.04675
27.04596
27.09689
27.09573
27.14713
27.14603
27.197
27.19596
27.24726
27.24574
27.29739
27.29612
27.34755
27.34579
27.39799
27.39599
27.44829
27.44596
27.49813
27.49597
27.54846
27.54782
27.59859
27.59686
27.64826
27.64702
27.69871
27.74603
27.74847
27.79635
27.79813
27.84668
27.84838
27.89663
27.8986
27.94688
27.94893
27.99701
27.99878
28.04716
28.04919
28.09748
28.09912
28.14768
28.14906
28.19801
28.19931
28.24791
28.24918
28.29755
28.29941
28.34714
28.34384
28.39744
28.39267
28.44325
28.4425
28.48292
28.48554
28.53291
28.53552
28.58291
28.58586
28.63294
28.63626
28.68325
28.68592
28.73307
28.73626
28.78324
28.78632
28.83319
28.83673
28.8832
28.88636
28.93347
28.93663
28.98354
28.98638
29.03386
29.03632
29.08418
29.08625
29.13444
29.13651
29.18417
29.18618
29.2346
29.23646
29.2845
29.28615
29.33463
29.33645
29.38476
29.38658
29.43482
29.43643
29.48506
29.48657
29.53516
29.53644
29.58506
29.58648
29.63503
29.63664
29.68516
29.6867
29.73565
29.72629
29.78191
29.77674
29.83153
29.8265
29.88131
29.87647
29.93111
29.9261
29.97262
29.97637
30.02232
30.02678
30.07269
30.07706
30.11189
30.12721
30.16185
30.1769
30.21221
30.22657
30.26245
30.27724
30.31272
30.32646
30.36278
30.37629
30.41303
30.42609
30.46325
30.47571
30.51369
30.52557
30.56382
30.57575
30.61425
30.62544
30.66453
30.67503
30.71475
30.72496
30.76511
30.77529
30.81555
30.82494
30.86517
30.87522
30.91564
30.92502
30.96529
30.97468
31.01576
31.0246
31.06576
31.07432
31.116
31.12482
31.16614
31.17493
31.26617
31.22467
31.31601
31.27474
31.36608
31.3252
31.41609
31.37495
31.46656
31.42509
31.51672
31.47473
31.5668
31.52446
31.61703
31.57408
31.66696
31.6242
31.7168
31.67426
31.76703
31.72407
31.81729
31.77386
31.86705
31.82433
31.90047
31.87424
31.95087
31.92413
32.00009
31.97437
32.04987
32.02427
32.09982
32.07474
32.14952
32.12483
32.19918
32.17487
32.24906
32.22459
32.29868
32.27488
32.34898
32.32479
32.39892
32.37474
32.44911
32.425
32.4992
32.47504
32.54904
32.52534
32.59934
32.57498
32.6494
32.62527
32.69957
32.67533
32.74967
32.7254
32.79985
32.77552
32.85011
32.8257
32.89997
32.87566
32.9503
32.92611
33.00008
32.97652
33.05006
33.02649
33.09977
33.12691
33.15003
33.17733
33.20053
33.22704
33.25053
33.27706
33.3003
33.3273
33.35003
33.37718
33.40033
33.42685
33.45043
33.47676
33.50047
33.52679
33.5506
33.57679
33.6004
33.62828
33.65052
33.67741
33.70085
33.72777
33.75116
33.77792
33.80109
33.8281
33.85152
33.8779
33.90199
33.92794
33.95213
33.97774
34.00199
34.02793
34.05166
34.07761
34.10195
34.12736
34.15243
34.17758
34.20237
34.22721
34.25281
34.27728
34.30279
34.32711
34.35278
34.37734
34.40267
34.42717
34.45269
34.47763
34.50328
34.52737
34.55355
34.57777
34.60378
34.62739
34.65298
34.67702
34.70332
34.72699
34.75368
34.77676
34.80391
34.82663
34.85369
34.87697
34.9042
34.92683
34.95414
34.9771
35.00434
35.02688
35.05427
35.0771
35.10411
35.12686
35.15451
35.17693
35.20416
35.22715
35.25456
35.27732
35.30489
35.32742
35.35514
35.37706
35.4052
35.42736
35.45539
35.47734
35.50527
35.52722
35.5549
35.57718
35.60459
35.62704
35.6548
35.67742
35.70499
35.72732
35.75542
35.77694
35.80574
35.82733
35.85583
35.87744
35.90609
35.92785
35.95649
35.97819
36.00676
36.02824
36.05678
36.07825
36.10662
36.12852
36.15679
36.17815
36.20662
36.22798
36.25688
36.27832
36.30653
36.32841
36.35653
36.37878
36.45699
36.42928
36.50665
36.47959
36.55692
36.52967
36.60685
36.57973
36.65667
36.62939
36.70674
36.67976
36.75686
36.73018
36.80668
36.78066
36.85701
36.83444
36.90675
36.8814
36.95658
36.9316
37.00631
36.98243
37.05626
37.03158
37.10618
37.08143
37.15631
37.13183
37.20591
37.18216
37.25603
37.23224
37.30652
37.28205
37.35654
37.33189
37.40686
37.3821
37.457
37.43209
37.50706
37.48252
37.55725
37.53291
37.60756
37.58259
37.65757
37.63271
37.70773
37.68261
37.75965
37.78305
37.80813
37.83298
37.85801
37.88317
37.90819
37.93357
37.95809
37.98368
38.00833
38.03371
38.05836
38.08362
38.10812
38.13382
38.15803
38.1836
38.20773
38.23328
38.25758
38.28323
38.30735
38.33349
38.35744
38.3834
38.4071
38.43303
38.45717
38.48336
38.50685
38.53343
38.55702
38.58357
38.60714
38.63363
38.65738
38.68339
38.70778
38.73348
38.75784
38.7835
38.80749
38.83339
38.85762
38.8835
38.90742
38.93329
38.95734
38.9832
39.0075
39.03326
39.05748
39.08363
39.10769
39.12661
39.15796
39.17146
39.2048
39.22109
39.25502
39.27073
39.30534
39.32118
39.35527
39.35807
39.40546
39.40807
39.45522
39.44164
39.50061
39.52109
39.54374
39.55134
39.59374
39.58773
39.62502
39.62286
39.66961
39.66331
39.71841
39.70791
39.74532
39.735
39.79443
39.78544
39.84446
39.82678
39.89463
39.87657
39.93972
39.9262
39.98935
39.97591
40.03905
40.02619
40.08889
40.07655
40.13927
40.12701
40.18926
40.17695
40.23898
40.22681
40.28881
40.27665
40.33845
40.32648
40.38848
40.37672
40.4386
40.42634
40.48869
40.47651
40.5387
40.52661
40.58865
40.57721
40.63889
40.62654
40.68908
40.67665
40.73938
40.72687
40.78957
40.77691
40.83945
40.82687
40.88974
40.87693
40.94001
40.9268
40.99045
40.97709
41.0407
41.02757
41.09059
41.0775
41.14031
41.12767
41.1903
41.17793
41.23643
41.22808
41.28681
41.27789
41.3371
41.32786
41.38739
41.37804
41.43727
41.42816
41.48712
41.47802
41.53707
41.52832
41.58725
41.57843
41.63724
41.62865
41.68766
41.67845
41.73783
41.72885
41.78759
41.77864
41.8372
41.82862
41.8875
41.87843
41.93784
41.92828
41.98819
41.97815
42.03829
42.02823
42.08851
42.07827
42.13869
42.12813
42.18909
42.17845
42.23944
42.22807
42.28932
42.27815
42.33957
42.32816
42.38957
42.37841
42.43931
42.42843
42.48915
42.47816
42.53922
42.5285
42.58935
42.57816
42.63975
42.62783
42.69004
42.67747
42.73968
42.72747
42.79007
42.77757
42.84037
42.82721
42.89068
42.87744
42.94105
42.92761
42.99095
42.97777
43.04111
43.02773
43.09141
43.07787
43.14163
43.12822
43.19135
43.17799
43.24143
43.22805
43.29114
43.27799
43.341
43.32769
43.38982
43.37799
43.44009
43.42813
43.49047
43.47836
43.54036
43.52815
43.59047
43.57806
43.64092
43.62852
43.691
43.67867
43.74087
43.72862
43.79054
43.78042
43.84016
43.82955
43.89036
43.87977
43.94014
43.92925
43.99052
43.97935
44.04092
44.02965
44.09087
44.07998
44.14109
44.12999
44.19118
44.17967
44.241
44.23015
44.29086
44.27985
44.34091
44.32974
44.39069
44.38013
44.44035
44.43048
44.49074
44.48074
44.54119
44.5306
44.59159
44.58033
44.64198
44.63044
44.69233
44.68065
44.74258
44.7304
44.79245
44.7801
44.8424
44.83047
44.89204
44.88039
44.94224
44.93056
44.99204
44.98039
45.0422
45.03086
45.09264
45.08119
45.14231
45.13103
45.19273
45.18089
45.24298
45.23111
45.2931
45.28078
45.3429
45.33039
45.39317
45.38015
45.4435
45.43021
45.4936
45.47986
45.54322
45.52986
45.59291
45.57964
45.64271
45.62938
45.69257
45.6795
45.74225
45.72949
45.79209
45.77956
45.84192
45.82969
45.8918
45.87931
45.94172
45.92957
45.9921
45.97982
46.04196
46.02969
46.09178
46.08002
46.14204
46.13023
46.19183
46.18057
46.24212
46.23092
46.29252
46.28093
46.34219
46.33098
46.39255
46.38062
46.44223
46.4305
46.49232
46.48026
46.54222
46.53056
46.59184
46.58046
46.64204
46.63066
46.69234
46.68027
46.74272
46.73036
46.79275
46.78029
46.84301
46.83042
46.89331
46.88022
46.94343
46.93049
46.99308
46.98029
47.04276
47.02993
47.09256
47.08163
47.14274
47.13034
47.19297
47.18066
47.24294
47.22994
47.29301
47.28029
47.34329
47.33009
47.39349
47.37995
47.44341
47.43029
47.49362
47.48015
47.54343
47.53022
47.5934
47.58
47.64349
47.63
47.6932
47.67966
47.74337
47.72947
47.79333
47.77994
47.84303
47.83015
47.89314
47.87993
47.94493
47.92985
47.99321
47.98006
48.04292
48.03009
48.09276
48.08055
48.14283
48.13065
48.1924
48.1804
48.24263
48.23025
48.29255
48.28055
48.34255
48.33086
48.39302
48.38057
48.44281
48.4305
48.49261
48.48072
48.5428
48.53041
48.59265
48.58003
48.64261
48.62981
48.69248
48.68017
48.74274
48.72994
48.79248
48.78041
48.84219
48.83014
48.89248
48.87978
48.94288
48.9302
48.99254
48.97993
49.04281
49.02967
49.09325
49.08012
49.14365
49.12992
49.19345
49.18011
49.24355
49.22972
49.29351
49.27946
49.34317
49.32969
49.39288
49.37991
49.44267
49.43026
49.49265
49.48059
49.54267
49.53082
49.59231
49.58097
49.64199
49.63066
49.69183
49.68099
49.74226
49.73132
49.79269
49.78109
49.84303
49.83158
49.8929
49.88203
49.94277
49.93169
49.99287
49.9813
50.04322
50.03095
50.09336
50.08137
50.14332
50.13157
50.19345
50.18137
50.24389
50.23178
50.29369
50.28171
50.34351
50.33138
50.39345
50.38071
50.44343
50.4309
50.49372
50.48094
50.54351
50.5308
50.59395
50.58103
50.64432
50.63127
50.69442
50.68136
50.74442
50.7317
50.79405
50.78207
50.84435
50.83209
50.89445
50.88236
50.94441
50.93249
50.99423
50.98269
51.04411
51.03261
51.09436
51.0827
51.14443
51.1331
51.19423
51.18332
51.24429
51.23369
51.29349
51.28387
51.34327
51.334
51.39361
51.38416
51.44397
51.43435
51.494
51.48423
51.54403
51.53453
51.594
51.5848
51.64443
51.63448
51.69477
51.68467
51.7452
51.73488
51.79482
51.78496
51.845
51.83538
51.8952
51.88554
51.94515
51.9356
51.99513
51.98534
52.04547
52.03577
52.09543
52.08547
52.14526
52.13519
52.19556
52.18487
52.24536
52.23468
52.29527
52.28473
52.34516
52.33486
52.39487
52.38508
52.44453
52.43491
52.49476
52.48507
52.54506
52.53554
52.59497
52.58594
52.64526
52.63638
52.69512
52.6866
52.74475
52.73671
52.79502
52.78645
52.84548
52.83623
52.89511
52.88586
52.94474
52.93574
52.99472
52.98619
53.04515
53.03636
53.09511
53.08636
53.14537
53.13672
53.19139
53.18706
53.24146
53.23712
53.29161
53.28713
53.39119
53.3373
53.44154
53.38746
53.49121
53.43739
53.54104
53.48899
53.59085
53.53793
53.64053
53.58775
53.69026
53.63766
53.74057
53.68799
53.79019
53.73799
53.83999
53.78803
53.8898
53.83799
53.93957
53.88796
53.98931
53.93778
54.03973
53.98785
54.08997
54.03765
54.13959
54.08749
54.18924
54.13757
54.24255
54.18764
54.29105
54.2377
54.34146
54.28812
54.39118
54.33785
54.44118
54.38778
54.49105
54.43792
54.54091
54.48824
54.59056
54.53831
54.64018
54.58818
54.69058
54.63848
54.74079
54.68862
54.79103
54.73829
54.84065
54.78878
54.89108
54.83916
54.94083
54.8888
54.9907
54.93913
55.04078
55.03928
55.09121
55.08932
55.14096
55.13968
55.19073
55.19001
55.24089
55.24034
55.29115
55.29016
55.34155
55.34033
55.39142
55.39003
55.44182
55.43992
55.49182
55.49001
55.5423
55.5401
55.59248
55.59025
55.64216
55.63992
55.692
55.69026
55.74204
55.74066
55.79169
55.79102
55.84214
55.8412
55.89237
55.89169
55.94276
55.9414
55.99267
55.99185
56.04316
56.04145
56.09323
56.09134
56.1436
56.14145
56.19328
56.1916
56.24348
56.24134
56.29342
56.29132
56.34366
56.34098
56.39406
56.39072
56.44439
56.44081
56.49469
56.49119
56.54456
56.54132
56.59434
56.59163
56.64414
56.64124
56.694
56.69151
56.74371
56.74124
56.79399
56.79173
56.84372
56.84141
56.89391
56.88778
56.93484
56.93759
56.98478
56.98706
57.03447
57.03738
57.08494
57.08773
57.13539
57.13754
57.18501
57.18719
57.23524
57.23719
57.28511
57.2869
57.33554
57.33738
57.38525
57.38739
57.43511
57.43723
57.48497
57.48749
57.53484
57.53775
57.58694
57.58809
57.63547
57.63798
57.68554
57.68779
57.73579
57.73788
57.786
57.78758
57.83599
57.83744
57.88617
57.88738
57.93599
57.93732
57.98631
57.98754
58.03666
58.03758
58.08678
58.08759
58.1367
58.13722
58.18677
58.18709
58.23651
58.23674
58.28675
58.28656
58.33663
58.3363
58.38696
58.38634
58.43686
58.43649
58.4869
58.48655
58.53695
58.5364
58.5867
58.58642
58.63701
58.63674
58.68699
58.68661
58.73745
58.73675
58.78717
58.78637
58.83682
58.83603
58.8871
58.88648
58.93751
58.93688
58.98762
58.98664
59.03778
59.03633
59.08796
59.08629
59.13801
59.13667
59.1885
59.18716
59.2389
59.23687
59.28861
59.28673
59.3388
59.3367
59.38898
59.38667
59.43861
59.43648
59.48884
59.4861
59.53916
59.5365
59.58936
59.58693
59.63984
59.63729
59.68964
59.6876
59.74001
59.7375
59.79047
59.78789
59.84055
59.83756
59.89017
59.88762
59.94037
59.93749
59.9906
59.98727
60.04074
60.03768
60.09085
60.08752
60.14125
60.13727
60.19095
60.18729
60.24133
60.28782
60.29182
60.33762
60.34227
60.38748
60.39255
60.43774
60.44286
60.48801
60.49329
60.53768
60.54327
60.58805
60.5932
60.63821
60.64346
60.68801
60.69382
60.73777
60.74352
60.78813
60.79401
60.83819
60.84542
60.8886
60.89368
60.93859
60.94345
60.989
60.99339
61.03934
61.09368
61.08897
61.14334
61.13876
61.19365
61.18886
61.24361
61.2388
61.29381
61.2888
61.34399
61.33878
61.39372
61.3892
61.44355
61.43958
61.494
61.48999
61.54391
61.54025
61.59398
61.59023
61.64386
61.64061
61.69411
61.6907
61.7438
61.7409
61.79367
61.79125
61.84411
61.84097
61.89377
61.89138
61.94426
61.94104
61.99399
61.99078
62.04372
62.04049
62.09372
62.09037
62.14402
62.14082
62.19424
62.19069
62.2443
62.24036
62.29446
62.29016
62.34412
62.34049
62.394
62.39021
62.44442
62.43989
62.49419
62.49028
62.54403
62.54002
62.59385
62.59031
62.64388
62.64069
62.6941
62.69114
62.7439
62.7409
62.79371
62.79124
62.84418
62.84155
62.89461
62.89207
62.94431
62.94177
62.99401
62.9922
63.04442
63.04183
63.09442
63.09233
63.14445
63.14262
63.19444
63.1924
63.24411
63.24276
63.29428
63.29253
63.3943
63.34295
63.44442
63.39337
63.49471
63.44325
63.54464
63.49326
63.59442
63.54368
63.64431
63.59349
63.69442
63.6436
63.74462
63.69396
63.79461
63.74399
63.84429
63.79369
63.89474
63.844
63.94448
63.89386
63.9941
63.94412
64.04379
63.99454
64.09401
64.04482
64.14436
64.09525
64.19453
64.14553
64.24503
64.19582
64.29463
64.2461
64.34496
64.29626
64.39526
64.34587
64.4455
64.39627
64.49551
64.44601
64.54594
64.49578
64.59589
64.53246
64.63528
64.58224
64.66888
64.62854
64.71906
64.67901
64.76595
64.72911
64.80993
64.77921
64.86019
64.8294
64.90988
64.87965
64.95957
64.92927
65.00919
64.97887
65.05887
65.02876
65.10862
65.0785
65.15833
65.12818
65.20801
65.17793
65.25819
65.22779
65.30866
65.27777
65.35832
65.32797
65.4084
65.37757
65.45807
65.42799
65.50781
65.47762
65.55474
65.52465
65.59528
65.55932
65.64141
65.60897
65.69181
65.65879
65.74207
65.70893
65.79194
65.75919
65.84214
65.80939
65.89239
65.85938
65.94206
65.90921
65.99206
65.95923
66.04179
66.00917
66.09179
66.05956
66.14217
66.10976
66.19183
66.15951
66.2415
66.2093
66.29111
66.25912
66.34151
66.30904
66.39122
66.35942
66.44108
66.40904
66.4912
66.45911
66.54126
66.50934
66.59125
66.55936
66.64124
66.60931
66.69112
66.65918
66.74123
66.70888
66.79136
66.75862
66.84111
66.80858
66.89082
66.85884
66.94088
66.90923
66.99099
66.95937
67.04144
67.00976
67.08721
67.06157
67.1373
67.11017
67.18768
67.16064
67.23787
67.21036
67.28789
67.26031
67.33791
67.31054
67.38831
67.36015
67.43835
67.41052
67.48849
67.46073
67.53873
67.51096
67.589
67.5608
67.63941
67.61109
67.68908
67.66094
67.7387
67.71093
67.79213
67.761
67.83893
67.81079
67.88941
67.86045
67.93925
67.91071
67.98884
67.96106
68.03863
68.01142
68.0884
68.06126
68.13885
68.11168
68.18913
68.16132
68.23954
68.21095
68.28976
68.26099
68.33995
68.311
68.39011
68.36065
68.44012
68.41055
68.49039
68.46093
68.54047
68.51084
68.59094
68.56053
68.64126
68.61079
68.69122
68.66091
68.74161
68.71057
68.79131
68.76066
68.84174
68.8103
68.89161
68.86067
68.94139
68.91038
68.99122
68.96081
69.04106
69.01118
69.09139
69.06091
69.14145
69.1112
69.19135
69.16152
69.24167
69.21165
69.29177
69.26131
69.32738
69.31129
69.37715
69.36129
69.4269
69.41145
69.47733
69.46136
69.52746
69.50445
69.57717
69.55492
69.62723
69.60519
69.67739
69.65492
69.72701
69.70516
69.77733
69.75552
69.827
69.80597
69.8768
69.85638
69.9272
69.90625
69.97733
69.95653
70.02733
70.00678
70.07739
70.05716
70.12782
70.10699
70.17816
70.15722
70.22784
70.20705
70.27783
70.25677
70.32765
70.30711
70.37762
70.3573
70.42749
70.40755
70.47726
70.45772
70.52724
70.5074
70.57753
70.55709
70.62753
70.60751
70.6779
70.65746
70.7281
70.70738
70.77785
70.75713
70.82758
70.80708
70.87723
70.85749
70.9269
70.90797
70.9767
70.95821
71.02656
71.00784
71.07683
71.05814
71.12655
71.10854
71.17651
71.15864
71.22614
71.20877
71.27576
71.25906
71.32598
71.30875
71.37569
71.35847
71.42598
71.40827
71.47591
71.45837
71.52614
71.50809
71.57678
71.55855
71.62638
71.60833
71.67617
71.65829
71.71815
71.70808
71.76844
71.75808
71.81854
71.808
71.86842
71.85773
71.91856
71.90755
71.96856
71.95748
72.0182
72.00773
72.06829
72.05759
72.11829
72.10776
72.1684
72.15778
72.21803
72.20821
72.2683
72.25865
72.31796
72.30878
72.36807
72.35875
72.4183
72.40847
72.46794
72.45821
72.51814
72.50811
72.56828
72.55847
72.61861
72.60811
72.66879
72.65858
72.71848
72.70898
72.76887
72.75911
72.81863
72.80937
72.86826
72.85905
72.91809
72.90887
72.96793
72.95863
73.01785
73.00847
73.06774
73.05894
73.11739
73.10867
73.16781
73.15899
73.21791
73.20859
73.26814
73.25898
73.3185
73.30859
73.36882
73.35844
73.41887
73.40885
73.46918
73.45853
73.51917
73.50826
73.56934
73.55876
73.61961
73.6091
73.66994
73.65919
73.72034
73.70883
73.77047
73.75905
73.82018
73.80872
73.86993
73.8588
73.92033
73.90909
73.97017
73.95946
74.02066
74.00909
74.07111
74.05926
74.12089
74.10983
74.17119
74.16032
74.2209
74.2101
74.271
74.2598
74.32079
74.30959
74.37073
74.35928
74.42066
74.40965
74.4707
74.4593
74.5211
74.50896
74.57143
74.55872
74.62183
74.60909
74.6721
74.6593
74.72242
74.70911
74.77229
74.75957
74.82269
74.80957
74.87263
74.85984
74.92303
74.91008
74.97619
74.96037
75.02261
75.01001
75.07299
75.05989
75.12341
75.11036
75.17271
75.16006
75.22257
75.2104
75.27297
75.26027
75.32265
75.31049
75.37303
75.36042
75.42345
75.41037
75.47309
75.46001
75.52335
75.50969
75.57324
75.55975
75.62303
75.60996
75.67343
75.66015
75.72367
75.70995
75.7741
75.80985
75.82388
75.86018
75.87437
75.91026
75.92427
75.96055
75.97403
76.01019
76.02377
76.06028
76.0736
76.10994
76.12354
76.15959
76.17341
76.20934
76.22383
76.25938
76.27359
76.30914
76.32401
76.35884
76.3739
76.40882
76.42435
76.45851
76.47475
76.50867
76.52463
76.55915
76.57494
76.60899
76.62537
76.65868
76.67534
76.70877
76.72566
76.75867
76.77592
76.80878
76.87668
76.8587
76.92635
76.9091
76.97681
76.95927
77.02727
77.00971
77.07713
77.05945
77.12674
77.1091
77.17655
77.1589
77.22701
77.2087
77.27681
77.26056
77.32655
77.30894
77.37652
77.35909
77.42647
77.459
77.47692
77.50878
77.52672
77.55869
77.57639
77.60871
77.62679
77.65907
77.67665
77.70869
77.72666
77.75902
77.77666
77.80862
77.82708
77.85833
77.87724
77.90864
77.92687
77.95861
77.9768
78.009
78.03094
78.05929
78.07734
78.10921
78.12711
78.15952
78.17647
78.20952
78.22633
78.2597
78.27615
78.30983
78.32602
78.35802
78.36622
78.4061
78.41605
78.4565
78.46649
78.50663
78.51624
78.55698
78.56613
78.6071
78.61644
78.65732
78.66608
78.7075
78.71585
78.7577
78.76572
78.80754
78.8157
78.85764
78.86378
78.90765
78.91357
78.95749
78.96331
79.00749
79.01344
79.05769
79.06331
79.10747
79.11317
79.15729
79.16357
79.20735
79.21358
79.25709
79.26324
79.30746
79.31324
79.40737
79.36304
79.45747
79.41278
79.50781
79.46304
79.55792
79.5131
79.60826
79.56277
79.65856
79.61317
79.70832
79.66361
79.75823
79.71374
79.80808
79.76354
79.85773
79.85536
79.90752
79.9051
79.95721
79.95521
80.00751
80.00523
80.05745
80.05536
80.10719
80.10516
80.15701
80.15523
80.20669
80.20541
80.25632
80.25523
80.30607
80.30555
80.35571
80.35602
80.40621
80.40576
80.45586
80.45541
80.506
80.50509
80.55602
80.555
80.60587
80.60542
80.65551
80.65527
80.70551
80.70535
80.75526
80.75506
80.80564
80.80495
80.85535
80.855
80.90579
80.90518
80.9561
80.95486
81.00659
81.00479
81.05632
81.05633
81.10658
81.10475
81.15632
81.15526
81.20597
81.20428
81.25558
81.25394
81.30523
81.30414
81.35487
81.3544
81.40523
81.4546
81.45565
81.50426
81.50565
81.5447
81.55536
81.59435
81.60511
81.64424
81.65504
81.6944
81.7052
81.7442
81.75549
81.79405
81.80586
81.84393
81.85624
81.89384
81.90643
81.94377
81.95606
81.9934
82.00602
82.04317
82.05592
82.09353
82.10593
82.14366
82.15611
82.19373
82.25628
82.24409
82.30666
82.29453
82.35709
82.3447
82.40736
82.39494
82.45772
82.44469
82.50774
82.49503
82.55743
82.54499
82.60729
82.59538
82.65707
82.64509
82.70718
82.69483
82.75694
82.74453
82.80701
82.79419
82.85703
82.84416
82.9068
82.89404
82.95662
82.99348
83.00653
83.04319
83.0562
83.09289
83.10619
83.14295
83.15633
83.19331
83.20675
83.24324
83.2566
83.29322
83.30666
83.34315
83.3568
83.39291
83.40702
83.44337
83.4569
83.49368
83.50737
83.54391
83.55766
83.59402
83.60754
83.64381
83.6577
83.69387
83.70761
83.74389
83.75774
83.79411
83.80774
83.84377
83.85736
83.89383
83.90496
83.9437
83.95353
83.99416
84.00346
84.04389
84.1031
84.09367
84.15327
84.14354
84.20313
84.19347
84.24718
84.24474
84.2972
84.2933
84.34724
84.34317
84.39693
84.3935
84.44695
84.44276
84.497
84.49312
84.54712
84.54276
84.59708
84.59314
84.6474
84.64295
84.6972
84.69315
84.7476
84.74319
84.7979
84.79302
84.84798
84.84299
84.89804
84.8928
84.94813
84.94267
84.99805
84.99241
85.04781
85.04266
85.0977
85.09278
85.14764
85.1426
85.19741
85.19275
85.24774
85.24274
85.2979
85.29272
85.34803
85.34308
85.39806
85.39286
85.44817
85.44258
85.49847
85.49251
85.54826
85.54292
85.5984
85.59298
85.64843
85.64272
85.6985
85.69271
85.74886
85.74237
85.79873
85.79268
85.84235
85.84261
85.88439
85.89254
85.92866
85.94239
85.96129
85.99211
86.02744
86.03432
86.05016
86.07587
86.09598
86.1198
86.16013
86.15594
86.17116
86.19296
86.19757
86.22643
86.26519
86.25835
86.28883
86.28503
86.31573
86.31184
86.36126
86.34454
86.38132
86.36607
86.40405
86.38509
86.41562
86.40318
86.42897
86.42627
86.4403
86.44172
86.45589
86.4632
86.46964
86.4812
86.49909
86.49927
86.51105
86.51482
86.52034
86.52802
86.53175
86.5444
86.56396
86.55614
86.57583
86.5704
86.58725
86.58493
86.59903
86.5993
86.61081
86.61343
86.63511
86.62836
86.64384
86.64417
86.66469
86.6591
86.67715
86.67806
86.68565
86.69137
86.70004
86.70296
86.72065
86.71841
86.73542
86.73422
86.74943
86.74726
86.76422
86.76131
86.77754
86.77253
86.78421
86.78398
86.80983
86.79713
86.82333
86.81022
86.83195
86.82516
86.84578
86.83996
86.85757
86.85326
86.87198
86.86809
86.89552
86.88159
86.90752
86.89505
86.91608
86.90615
86.92605
86.91691
86.93827
86.93089
86.94703
86.94346
86.95557
86.95746
86.9641
86.96925
86.97591
86.9827
87.02183
86.99386
87.04378
87.00423
87.05571
87.01726
87.06423
87.02997
87.0773
87.04372
87.08731
87.05637
87.09397
87.06666
87.10046
87.07589
87.11381
87.08808
87.12605
87.09919
87.13306
87.11363
87.14285
87.12499
87.15154
87.13857
87.16317
87.1507
87.17393
87.16383
87.18431
87.17724
87.20781
87.18652
87.21681
87.20132
87.22581
87.21588
87.23326
87.22795
87.24504
87.23975
87.25358
87.25365
87.26234
87.2653
87.27448
87.27754
87.29427
87.29043
87.30387
87.30196
87.31051
87.31759
87.31955
87.3273
87.33157
87.33897
87.34244
87.34636
87.3551
87.35995
87.36678
87.37337
87.39087
87.38425
87.40184
87.39516
87.41056
87.40251
87.42089
87.41283
87.43423
87.42265
87.44312
87.43197
87.45663
87.44412
87.4692
87.45928
87.47884
87.46874
87.49262
87.48207
87.49937
87.49214
87.51337
87.50669
87.52646
87.52016
87.53897
87.53269
87.54776
87.54525
87.56161
87.55702
87.57156
87.56668
87.58144
87.57834
87.59279
87.58965
87.60615
87.60325
87.6185
87.61642
87.62574
87.6237
87.63686
87.63642
87.6526
87.64818
87.65964
87.66231
87.67108
87.6741
87.6839
87.68801
87.69689
87.70132
87.71104
87.7106
87.72256
87.72449
87.73563
87.73808
87.74827
87.75404
87.76081
87.7688
87.77345
87.77745
87.78677
87.79005
87.79401
87.80018
87.80689
87.80938
87.81712
87.81656
87.82728
87.8238
87.83857
87.83556
87.84982
87.84474
87.85707
87.85191
87.8637
87.8591
87.87054
87.86978
87.88193
87.88151
87.89861
87.89845
87.9129
87.9127
87.92567
87.92598
87.93418
87.93769
87.94145
87.94487
87.95062
87.9521
87.95795
87.96468
87.96515
87.97387
87.97196
87.98108
87.98115
87.99335
87.99033
88.0006
87.99989
88.00983
88.02543
88.01904
88.04286
88.0317
88.06836
88.03891
88.07538
88.05056
88.08443
88.05978
88.09736
88.07243
88.10886
88.08507
88.11605
88.09248
88.12773
88.1059
88.1349
88.11934
88.14207
88.13634
88.15123
88.14596
88.15842
88.15533
88.16565
88.1627
88.17488
88.1732
88.18883
88.18382
88.19945
88.19922
88.21376
88.21415
88.22296
88.23991
88.23643
88.24744
88.2504
88.25807
88.26576
88.27611
88.27853
88.28731
88.28914
88.29662
88.3024
88.30777
88.31158
88.31815
88.32114
88.32551
88.32862
88.33691
88.34462
88.34427
88.35642
88.3609
88.36361
88.37273
88.37081
88.38203
88.38474
88.39168
88.39809
88.41822
88.41579
88.42975
88.42502
88.44397
88.44455
88.45613
88.45618
88.47187
88.47902
88.4831
88.48941
88.49582
88.51775
88.51276
88.52782
88.5297
88.54459
88.54655
88.56065
88.55617
88.57401
88.57562
88.58662
88.58672
88.6016
88.60368
88.61935
88.62056
88.63632
88.63206
88.64934
88.65667
88.66193
88.66688
88.67582
88.68026
88.68478
88.69341
88.701
88.70943
88.71106
88.72743
88.72137
88.73769
88.73285
88.74494
88.74315
88.75415
88.75737
88.76149
88.77322
88.78183
88.7934
88.79359
88.812
88.81226
88.83475
88.83435
88.85361
88.859
88.88181
88.87947
88.90572
88.90603
88.93018
88.93333
88.95028
88.95639
88.97195
88.98094
88.99101
89.00216
89.01087
89.01996
89.02625
89.04369
89.04341
89.05692
89.05553
89.07066
89.07001
89.07811
89.07732
89.09114
89.0948
89.10307
89.10572
89.11499
89.11926
89.12522
89.13005
89.13969
89.14333
89.15245
89.15588
89.15984
89.1634
89.17317
89.17314
89.18006
89.18504
89.19422
89.19548
89.20341
89.20744
89.21075
89.21674
89.22241
89.22414
89.23166
89.2346
89.24195
89.24719
89.25589
89.25474
89.26515
89.27059
89.27689
89.28094
89.29084
89.29272
89.30388
89.30431
89.31647
89.31678
89.33096
89.3286
89.3382
89.34038
89.34742
89.34767
89.35813
89.35507
89.36989
89.36238
89.38015
89.37591
89.38941
89.38766
89.39973
89.39799
89.41002
89.41067
89.41929
89.42241
89.43578
89.4327
89.44299
89.44194
89.45018
89.44934
89.45742
89.4586
89.46468
89.46783
89.47191
89.47707
89.48113
89.48734
89.49035
89.49476
89.49948
89.50504
89.52374
89.51247
89.5383
89.52411
89.54568
89.53338
89.55291
89.54266
89.56013
89.556
89.56739
89.56351
89.5746
89.57793
89.58384
89.58538
89.59108
89.5994
89.60162
89.60972
89.61193
89.62079
89.62524
89.63007
89.63268
89.63937
89.6423
89.65273
89.65685
89.66443
89.66908
89.67364
89.67934
89.68703
89.68859
89.69849
89.70187
89.70589
89.71115
89.71658
89.72564
89.73
89.73631
89.7403
89.74495
89.75269
89.755
89.76445
89.76788
89.77473
89.78054
89.78506
89.79081
89.79953
89.80254
89.80882
89.81284
89.82224
89.82446
89.83289
89.83703
89.84458
89.84444
89.85798
89.85165
89.86974
89.8589
89.87963
89.86923
89.89553
89.87953
89.90588
89.8888
89.9185
89.90057
89.92713
89.90791
89.93639
89.91951
89.94563
89.92684
89.95488
89.93612
89.96416
89.95817
89.9734
89.96746
89.98062
89.97918
89.98784
89.98658
89.99712
89.99685
