0.007639191
0.008060592
0.02195729
0.02345422
0.03303234
0.032008
0.04695261
0.04207432
0.05455457
0.05498667
0.06714404
0.0687986
0.08247259
0.08225892
0.09668468
0.09392934
0.1089594
0.1040063
0.12123
0.1153227
0.1313047
0.1289225
0.1460087
0.1407695
0.1574669
0.1473382
0.1687913
0.1537674
0.1837328
0.1646066
0.1928993
0.1712067
0.2051616
0.1822605
0.2203028
0.1948584
0.2313544
0.2067016
0.2448628
0.2163061
0.2535022
0.2249228
0.2662935
0.2335158
0.2729662
0.2463301
0.2814973
0.2549109
0.2935571
0.264169
0.3047675
0.2735589
0.3142171
0.2893374
0.3231336
0.3026994
0.3336877
0.313893
0.3445353
0.3285947
0.3548328
0.3402256
0.3638328
0.3469195
0.3750201
0.358469
0.3866993
0.372923
0.4004339
0.3873102
0.4101669
0.3958013
0.4193667
0.4048511
0.4301666
0.4175887
0.4387892
0.4263152
0.4510202
0.4394875
0.4642659
0.446267
0.4746072
0.4589876
0.4835943
0.4675914
0.4960737
0.4766017
0.5100166
0.491245
0.5167897
0.5040967
0.5270311
0.5168276
0.5383641
0.5254944
0.5526847
0.5375255
0.5612302
0.5465936
0.5698012
0.5551791
0.5821525
0.5638242
0.5951627
0.5704327
0.6086622
0.5810389
0.6243536
0.5941239
0.6362161
0.6049091
0.6471491
0.6197087
0.6595507
0.633521
0.6710274
0.6455914
0.6830274
0.6549037
0.6956126
0.6670637
0.7056578
0.6761115
0.7164952
0.685503
0.7299617
0.6967566
0.7418175
0.7033712
0.7551154
0.7131482
0.7704939
0.7221272
0.7824748
0.7325021
0.7960166
0.7456912
0.8086662
0.754639
0.817626
0.7671947
0.8265386
0.7757508
0.83733
0.7857046
0.8505961
0.796794
0.8627585
0.8066624
0.8742916
0.8152628
0.8861286
0.8259829
0.8962161
0.8351036
0.9078162
0.8482615
0.9209384
0.8604302
0.9348797
0.869128
0.9435478
0.8791173
0.9501772
0.8887046
0.9611562
0.8997273
0.9700226
0.9122497
0.9804221
0.9246472
0.9874534
0.9368558
1.002526
0.947849
1.016326
0.9614403
1.024957
0.9734504
1.038412
0.9855189
1.049377
0.9958498
1.05969
1.007249
1.068712
1.018318
1.080282
1.02878
1.086889
1.035657
1.095555
1.049591
1.107711
1.063625
1.11944
1.076442
1.128021
1.08551
1.138948
1.098822
1.147983
1.10561
1.159657
1.114322
1.171276
1.126707
1.184838
1.135324
1.196527
1.146848
1.203086
1.157102
1.20954
1.169427
1.221065
1.181956
1.233243
1.193422
1.240193
1.205956
1.250943
1.21502
1.259532
1.224977
1.26618
1.231588
1.279136
1.240248
1.28965
1.247011
1.299735
1.255608
1.306325
1.262552
1.316193
1.272214
1.322749
1.278975
1.329389
1.290762
1.339149
1.302814
1.35147
1.312986
1.362144
1.321573
1.368717
1.328161
1.377284
1.338682
1.387796
1.347677
1.39679
1.356233
1.406016
1.362831
1.414612
1.373231
1.42381
1.384832
1.433395
1.39141
1.439982
1.400232
1.449616
1.408821
1.4608
1.417448
1.469415
1.428711
1.477996
1.437737
1.484581
1.447185
1.495081
1.453762
1.505099
1.460176
1.511677
1.468962
1.520239
1.477582
1.52988
1.488403
1.536465
1.496983
1.542874
1.503757
1.551436
1.515379
1.560005
1.522112
1.568612
1.528694
1.575177
1.537339
1.581581
1.548006
1.590312
1.556624
1.599041
1.563401
1.612042
1.569811
1.618612
1.579105
1.628573
1.590092
1.635134
1.596704
1.641546
1.605442
1.653327
1.618047
1.661946
1.624641
1.670441
1.633235
1.678998
1.64187
1.687631
1.65047
1.696478
1.659163
1.710503
1.665765
1.719113
1.672332
1.727944
1.678712
1.734578
1.685113
1.743518
1.694033
1.750077
1.701006
1.758648
1.710674
1.767258
1.717403
1.773831
1.723801
1.782501
1.73042
1.789061
1.740351
1.795476
1.74978
1.801876
1.756732
1.808275
1.769365
1.814676
1.776427
1.823252
1.785014
1.831933
1.791579
1.838506
1.800512
1.847052
1.812293
1.853795
1.819045
1.862384
1.827645
1.868941
1.834268
1.875526
1.842893
1.884124
1.851777
1.892899
1.860356
1.902259
1.86711
1.910907
1.873698
1.917669
1.885064
1.928537
1.891643
1.935127
1.901376
1.941539
1.911422
1.952464
1.918164
1.959039
1.926734
1.967624
1.933509
1.976186
1.942134
1.988474
1.948892
1.995434
1.955802
2.003983
1.962206
2.010575
1.971077
2.023579
1.982708
2.032177
1.991339
2.040783
1.998107
2.047493
2.004534
2.059788
2.013659
2.066405
2.022284
2.078294
2.034109
2.08486
2.043821
2.09144
2.057017
2.100071
2.063658
2.108937
2.074368
2.119916
2.084693
2.12987
2.093287
2.138443
2.104192
2.14753
2.114365
2.157568
2.125077
2.167557
2.133773
2.176173
2.143371
2.187433
2.149956
2.194181
2.161757
2.204135
2.168543
2.21536
2.177288
2.222058
2.18387
2.230649
2.195305
2.239239
2.201926
2.247972
2.210544
2.257786
2.217102
2.269869
2.223504
2.278454
2.232104
2.287335
2.238675
2.296002
2.247223
2.304801
2.255837
2.317105
2.262412
2.323851
2.269013
2.332468
2.275403
2.34364
2.281963
2.350375
2.288354
2.356955
2.29493
2.365923
2.303569
2.374502
2.314602
2.381062
2.32326
2.387449
2.331899
2.393856
2.338477
2.404439
2.349551
2.415266
2.359339
2.421849
2.366303
2.430532
2.377969
2.439117
2.384732
2.447731
2.395102
2.454295
2.403769
2.460698
2.412354
2.469303
2.420968
2.475862
2.42961
2.482253
2.44106
2.488645
2.449745
2.495443
2.458557
2.506368
2.467392
2.514898
2.475992
2.521463
2.484611
2.530375
2.493227
2.538996
2.503766
2.547615
2.513899
2.558848
2.520833
2.567493
2.533099
2.579649
2.539685
2.586218
2.54825
2.594824
2.554994
2.603453
2.563763
2.61473
2.572327
2.6233
2.580898
2.62991
2.587458
2.6389
2.594031
2.645462
2.602683
2.651849
2.611595
2.658239
2.620136
2.664662
2.626697
2.671099
2.635344
2.683447
2.642071
2.694995
2.648661
2.70359
2.659925
2.710315
2.666723
2.716721
2.67826
2.726025
2.689781
2.734641
2.698364
2.741391
2.707282
2.753587
2.713868
2.76326
2.72283
2.771893
2.731497
2.781914
2.740204
2.790496
2.746763
2.797284
2.755648
2.80919
2.76841
2.815923
2.777537
2.824493
2.784279
2.833124
2.794247
2.845149
2.802822
2.851905
2.809762
2.858476
2.81833
2.867383
2.827046
2.877896
2.835782
2.884657
2.844402
2.893569
2.85096
2.900175
2.857544
2.908751
2.866726
2.915306
2.873466
2.921687
2.882154
2.928416
2.892262
2.934851
2.904149
2.943491
2.912757
2.954591
2.9232
2.961157
2.929959
2.967752
2.938583
2.974323
2.945329
2.982952
2.955558
2.989523
2.964197
2.999456
2.973185
3.006042
2.979743
3.015147
2.986292
3.021883
2.992852
3.030518
2.999286
3.037105
3.005692
3.045655
3.014292
3.052215
3.022866
3.058788
3.029625
3.067454
3.038247
3.076054
3.044987
3.082631
3.053624
3.089187
3.060197
3.09781
3.068811
3.104543
3.075549
3.111099
3.08413
3.117501
3.09069
3.126099
3.097132
3.13517
3.109592
3.143738
3.118156
3.150296
3.124743
3.156699
3.133339
3.165346
3.139889
3.177252
3.146468
3.188674
3.155066
3.196297
3.161649
3.204853
3.172469
3.211587
3.179021
3.22034
3.185421
3.228911
3.191821
3.237453
3.199221
3.247483
3.209379
3.254052
3.218318
3.264412
3.224887
3.274852
3.233487
3.283424
3.242176
3.289983
3.252753
3.296384
3.259315
3.302803
3.265736
3.311317
3.272285
3.317886
3.278854
3.324273
3.285254
3.330744
3.293792
3.341892
3.300404
3.348642
3.312153
3.359289
3.318729
3.367841
3.327253
3.376849
3.33402
3.385716
3.340586
3.397499
3.34714
3.404048
3.353529
3.410442
3.35994
3.41684
3.369305
3.425423
3.377917
3.434314
3.388729
3.440877
3.39737
3.449404
3.403943
3.457914
3.412514
3.464514
3.421443
3.473037
3.432661
3.481936
3.439407
3.490447
3.447917
3.499963
3.454484
3.509732
3.463069
3.516307
3.471638
3.526485
3.484735
3.536781
3.491283
3.543341
3.497912
3.549714
3.506416
3.556133
3.516215
3.565541
3.523149
3.577228
3.534717
3.588047
3.543948
3.600032
3.5525
3.610177
3.564044
3.61675
3.572598
3.627608
3.58348
3.638433
3.590243
3.646978
3.599813
3.657078
3.606397
3.663705
3.61574
3.675778
3.627748
3.684244
3.634365
3.692757
3.642881
3.704177
3.651452
3.710777
3.660254
3.72231
3.668814
3.733743
3.680814
3.742303
3.689376
3.754776
3.697982
3.761544
3.70998
3.771359
3.719463
3.781627
3.728013
3.790142
3.741461
3.798698
3.753662
3.811679
3.760212
3.82021
3.769047
3.828083
3.781259
3.836996
3.791478
3.843564
3.801722
3.852092
3.810277
3.860573
3.818811
3.867175
3.82821
3.875757
3.84041
3.887594
3.852051
3.894171
3.858633
3.90306
3.869518
3.913308
3.884367
3.922799
3.895792
3.929405
3.904375
3.937903
3.917144
3.949876
3.925677
3.960173
3.93501
3.966773
3.945997
3.975296
3.95606
3.986685
3.964699
3.99761
3.975976
4.006272
3.984475
4.016438
3.993048
4.026572
4.004941
4.03848
4.014233
4.04735
4.025325
4.055904
4.034074
4.067863
4.044843
4.078677
4.057057
4.091085
4.067407
4.10282
4.077105
4.113739
4.087315
4.123476
4.099177
4.132059
4.111377
4.141196
4.12027
4.153262
4.131653
4.159824
4.143322
4.166275
4.154723
4.174738
4.161271
4.181333
4.167738
4.192995
4.176738
4.205416
4.188471
4.216463
4.197027
4.226599
4.205623
4.240102
4.217178
4.254901
4.226989
4.267768
4.239593
4.282276
4.251872
4.293568
4.265859
4.303094
4.280537
4.316061
4.292137
4.328931
4.300783
4.344318
4.311195
4.356951
4.324445
4.369899
4.33787
4.383353
4.346586
4.398555
4.36024
4.407765
4.374094
4.418483
4.382233
4.43455
4.396385
4.445566
4.410239
4.456499
4.423724
4.471565
4.440061
4.485423
4.453702
4.500498
4.466897
4.511398
4.4808
4.525927
4.494224
4.532764
4.508711
4.54722
4.52239
4.560215
4.536592
4.571265
4.551923
4.584821
4.561533
4.596791
4.576466
4.611029
4.591864
4.623472
4.603732
4.634661
4.617436
4.647144
4.628994
4.6614
4.643188
4.683481
4.658114
4.695914
4.670259
4.711524
4.683128
4.726683
4.696663
4.740549
4.710054
4.753144
4.73296
4.765217
4.746681
4.780089
4.760328
4.793547
4.774718
4.812212
4.789844
4.826142
4.80588
4.842681
4.819418
4.858912
4.834749
4.87746
4.848922
4.895418
4.861699
4.913943
4.877821
4.928757
4.890859
4.942252
4.907382
4.958356
4.91957
4.973283
4.935382
4.988666
4.948439
5.006555
4.960645
5.024323
4.974982
5.039475
4.988707
5.053954
5.003458
5.068597
5.022185
5.08734
5.033891
5.101717
5.056942
5.119675
5.074057
5.1338
5.091008
5.148937
5.108916
5.166087
5.123822
5.184474
5.141019
5.198971
5.158085
5.219352
5.173762
5.235518
5.192656
5.254185
5.210718
5.272149
5.23124
5.289986
5.248379
5.305319
5.264689
5.31981
5.283447
5.345343
5.302186
5.360776
5.318634
5.37658
5.33911
5.396283
5.35796
5.410929
5.383649
5.426785
5.409478
5.447076
5.432784
5.471913
5.463583
5.496525
5.485232
5.540791
5.512713
5.560258
5.528091
5.609879
5.545094
5.634645
5.565551
5.653475
5.58629
5.684793
5.620285
5.698541
5.645775
5.753579
5.670626
5.79706
5.704885
5.819972
5.735362
5.843175
5.760241
5.873807
5.799842
5.898603
5.832512
5.923425
5.869977
5.949872
5.909626
5.97277
5.937103
5.99599
5.964567
6.021689
5.982669
6.051006
6.009308
6.083539
6.035173
6.117918
6.072956
6.155358
6.099666
6.180238
6.120009
6.206913
6.146836
6.244713
6.182943
6.285931
6.21068
6.330593
6.24776
6.370332
6.282259
6.417706
6.319283
6.464167
6.359302
6.484977
6.442101
6.538464
6.477482
6.578196
6.544123
6.628184
6.577469
6.678062
6.656022
6.727794
6.695496
6.768527
6.74108
6.818698
6.824884
6.86717
6.905877
6.917302
6.993598
6.967678
7.043625
7.017316
7.093753
7.067586
7.143815
7.117721
7.194045
7.168027
7.243664
7.218112
7.294084
7.268513
7.34432
7.318876
7.393946
7.369227
7.444218
7.418892
7.494461
7.469308
7.544883
7.56867
7.59459
7.668956
7.644971
7.719244
7.694881
7.768939
7.745328
7.819365
7.795771
7.869678
7.845917
7.919479
7.89612
7.969234
7.946312
8.019706
7.996368
8.069941
8.046103
8.120208
8.095847
8.169835
8.146264
8.219503
8.245735
8.269281
8.295865
8.319133
8.345668
8.369087
8.396161
8.419032
8.445934
8.469343
8.545507
8.519228
8.595127
8.568922
8.644765
8.618677
8.694579
8.718525
8.744511
8.76816
8.794795
8.818391
8.84509
8.868801
8.894993
8.968801
8.944964
9.019114
8.995386
9.068821
9.04525
9.119153
9.094917
9.169106
9.14491
9.269504
9.194715
9.31992
9.245024
9.3702
9.294687
9.420544
9.34452
9.470376
9.394236
9.520281
9.443915
9.570516
9.494312
9.620193
9.544209
9.669901
9.593908
9.719608
9.644182
9.769944
9.744823
9.819943
9.795511
9.870007
9.845446
9.919368
9.895245
9.969099
9.944706
10.01931
9.995173
10.06894
10.04535
10.11904
10.09501
10.16889
10.14491
10.2185
10.19495
10.2685
10.24517
10.31887
10.29486
10.36926
10.34516
10.4192
10.39541
10.469
10.44503
10.51898
10.49514
10.56933
10.54501
10.61913
10.59476
10.6689
10.6445
10.7189
10.69496
10.76864
10.74525
10.81843
10.79496
10.86806
10.84469
10.91792
10.89442
10.96829
10.94482
11.01818
10.99499
11.0679
11.04469
11.11823
11.09507
11.16796
11.14513
11.2183
11.19529
11.26856
11.24566
11.31837
11.29615
11.36854
11.34661
11.41831
11.39709
11.46857
11.44701
11.51842
11.49735
11.56868
11.54699
11.61857
11.59735
11.66843
11.64707
11.71824
11.69728
11.76791
11.7477
11.81801
11.79745
11.86804
11.84768
11.91828
11.89779
11.96871
11.94799
12.0188
11.99779
12.06846
12.04323
12.11367
12.09219
12.16342
12.14206
12.21354
12.19176
12.26334
12.24147
12.313
12.34227
12.36297
12.39271
12.41274
12.44239
12.46243
12.49213
12.51282
12.54213
12.56323
12.59219
12.61363
12.64206
12.6637
12.69253
12.71332
12.74293
12.76301
12.79324
12.81336
12.84352
12.86369
12.89359
12.91412
12.94339
12.96448
12.99379
13.01502
13.04372
13.06551
13.09359
13.1156
13.19351
13.1656
13.24331
13.21584
13.29337
13.26569
13.34304
13.31613
13.39302
13.366
13.44297
13.41646
13.49298
13.5161
13.54322
13.56638
13.59302
13.61615
13.64265
13.66654
13.69238
13.71691
13.74264
13.76713
13.79289
13.8174
13.8431
13.86705
13.89353
13.96719
13.94347
14.01739
13.9931
14.06774
14.04329
14.16798
14.09347
14.21771
14.14369
14.31836
14.1936
14.36859
14.24379
14.41825
14.29402
14.46863
14.34383
14.51859
14.39355
14.56838
14.4433
14.6188
14.49316
14.66893
14.54294
14.71931
14.59328
14.76962
14.64341
14.81968
14.69328
14.86962
14.74367
14.92004
14.79379
14.97023
14.84376
15.02051
14.94422
15.07076
14.99435
15.12111
15.04433
15.17085
15.09456
15.22055
15.14482
15.27068
15.24528
15.32031
15.29496
15.37058
15.34473
15.42103
15.39445
15.46663
15.43338
15.5167
15.53315
15.56636
15.58286
15.61615
15.63255
15.66588
15.68218
15.71551
15.73185
15.76595
15.78154
15.81611
15.83148
15.86617
15.88157
15.91586
15.93158
15.96608
15.98185
16.01637
16.03219
16.06616
16.08259
16.11642
16.13233
16.16677
16.18212
16.21695
16.23181
16.2667
16.28227
16.317
16.33194
16.36839
16.38186
16.41767
16.43211
16.46757
16.48244
16.51783
16.53199
16.61743
16.58179
16.66743
16.63167
16.71786
16.68191
16.76813
16.73159
16.8178
16.78193
16.8682
16.83217
16.91856
16.88253
16.96848
16.93277
17.01895
16.98283
17.06899
17.03288
17.11935
17.08323
17.16973
17.13329
17.2198
17.18292
17.26946
17.23312
17.31955
17.28306
17.37
17.33275
17.41458
17.38275
17.46464
17.43264
17.5068
17.4829
17.55647
17.53258
17.60634
17.58276
17.65674
17.63302
17.70705
17.68336
17.75677
17.73304
17.80707
17.78342
17.85717
17.8333
17.9073
17.8833
17.95753
17.93304
18.00741
17.98307
18.05711
18.03283
18.10707
18.08274
18.15739
18.13271
18.20754
18.18303
18.30753
18.2334
18.35769
18.28343
18.39333
18.3331
18.4437
18.38301
18.494
18.43324
18.54431
18.48294
18.5941
18.53329
18.64423
18.58368
18.69459
18.63343
18.74426
18.68308
18.79412
18.7335
18.84391
18.78381
18.89425
18.8341
18.94464
18.88401
18.99469
18.93443
19.04515
18.98443
19.09497
19.03423
19.14511
19.08413
19.19499
19.13409
19.24541
19.18386
19.29584
19.23386
19.34589
19.28402
19.39631
19.33448
19.44596
19.38479
19.49625
19.43457
19.54634
19.48458
19.59669
19.53439
19.64651
19.58427
19.69696
19.63398
19.74678
19.68418
19.79718
19.73447
19.8471
19.78421
19.89724
19.83494
19.94707
19.88461
19.99647
19.93428
20.04603
20.03431
20.09586
20.0841
20.146
20.1341
20.19637
20.1843
20.24643
20.23426
20.29646
20.33404
20.34687
20.38386
20.39695
20.43419
20.44662
20.48392
20.49634
20.53234
20.546
20.58245
20.5961
20.6326
20.64594
20.68293
20.69617
20.73324
20.74655
20.78285
20.79695
20.83292
20.84733
20.88313
20.89772
20.93333
20.94807
20.98342
21.04828
21.03363
21.09836
21.08353
21.14807
21.13395
21.19776
21.18399
21.24773
21.23424
21.29748
21.28397
21.34755
21.33423
21.39778
21.38398
21.44774
21.43416
21.49799
21.48398
21.54801
21.53445
21.59765
21.58408
21.64772
21.63372
21.69745
21.68382
21.74786
21.73409
21.79808
21.78429
21.8484
21.8345
21.89814
21.88482
21.94854
21.93484
21.99898
21.98487
22.04893
22.03504
22.09908
22.08541
22.1495
22.13576
22.19985
22.18597
22.25026
22.2363
22.30053
22.28597
22.35023
22.33615
22.40064
22.38641
22.45105
22.43663
22.501
22.48649
22.55087
22.53613
22.60122
22.58643
22.70131
22.63674
22.75179
22.68716
22.8014
22.73747
22.85129
22.7874
22.90116
22.83739
22.93898
22.88768
23.03806
22.93635
23.08785
22.98599
23.13772
23.03628
23.18792
23.08647
23.23801
23.1368
23.28796
23.18695
23.33804
23.23688
23.38777
23.28706
23.43895
23.33842
23.48863
23.38744
23.53869
23.42941
23.589
23.47939
23.63872
23.52902
23.68851
23.57866
23.73871
23.6288
23.78903
23.72935
23.83945
23.77913
23.88961
23.829
23.94004
23.87872
23.99008
23.92899
24.04053
23.97861
24.09028
24.02841
24.13996
24.07874
24.19001
24.12891
24.24042
24.17894
24.29017
24.22906
24.33994
24.32985
24.38987
24.37946
24.44022
24.42966
24.49036
24.47944
24.54021
24.52944
24.59054
24.5792
24.64023
24.67938
24.69007
24.72905
24.74043
24.77926
24.79063
24.82964
24.8407
24.87927
24.8904
24.92947
24.94007
24.97911
24.98972
25.02886
25.03945
25.07895
25.08994
25.12882
25.14034
25.17924
25.19045
25.22939
25.24082
25.27905
25.2908
25.32952
25.34091
25.37991
25.3912
25.42961
25.44147
25.48006
25.49187
25.52983
25.54206
25.5801
25.59219
25.62979
25.69294
25.68017
25.74292
25.73063
25.79253
25.78025
25.84287
25.82998
25.89254
25.8803
25.94265
25.9307
25.99232
25.98117
26.04253
26.03091
26.09261
26.08108
26.14297
26.1309
26.19281
26.18109
26.24273
26.23131
26.2931
26.28164
26.34281
26.33187
26.39307
26.38162
26.44318
26.43124
26.49319
26.4809
26.54292
26.5311
26.59283
26.58123
26.64272
26.631
26.6927
26.68103
26.74258
26.73135
26.79291
26.7815
26.84298
26.83187
26.89264
26.88201
26.943
26.9317
26.99329
26.98121
27.04311
27.03102
27.09292
27.0808
27.14305
27.13109
27.19278
27.18116
27.24259
27.23089
27.29302
27.28128
27.34338
27.33166
27.39332
27.38195
27.44378
27.43166
27.49363
27.48133
27.54378
27.53101
27.59392
27.58145
27.64371
27.63188
27.69395
27.68173
27.74362
27.73206
27.79411
27.78184
27.84381
27.83166
27.94388
27.88194
27.9942
27.93208
28.04394
27.98247
28.09402
28.03255
28.14396
28.08255
28.19361
28.133
28.24383
28.18277
28.2937
28.23321
28.34373
28.2834
28.39357
28.33346
28.44334
28.3836
28.49315
28.4337
28.53935
28.4841
28.58939
28.53443
28.63035
28.57912
28.68066
28.62962
28.72353
28.67953
28.7734
28.72963
28.82356
28.77978
28.8738
28.83013
28.92402
28.88046
28.97408
28.93047
29.02413
28.98017
29.07434
29.03036
29.12403
29.0801
29.17427
29.12989
29.22439
29.17965
29.27423
29.22945
29.32405
29.27986
29.37401
29.33024
29.42411
29.38002
29.47456
29.43032
29.52471
29.48077
29.57481
29.5307
29.6249
29.58058
29.67507
29.6309
29.72507
29.68061
29.77491
29.73102
29.82484
29.78121
29.87464
29.83131
29.92477
29.88128
29.97511
29.93109
30.02519
29.98111
30.0753
30.07931
30.12548
30.12101
30.17551
30.17143
30.22464
30.21138
30.27472
30.25862
30.32473
30.30864
30.37444
30.3587
30.42465
30.40899
30.47592
30.45893
30.52465
30.50914
30.57514
30.55843
30.62487
30.60862
30.67454
30.65897
30.72436
30.70924
30.7746
30.75896
30.82493
30.80916
30.87459
30.85889
30.9243
30.90876
30.97457
30.95887
31.02486
31.00923
31.07463
31.05916
31.12431
31.10912
31.17449
31.15933
31.22495
31.20908
31.27538
31.25949
31.32582
31.30967
31.37633
31.35993
31.42672
31.41026
31.47708
31.45989
31.52723
31.50975
31.57716
31.55962
31.62759
31.6094
31.67754
31.65948
31.72731
31.70924
31.77749
31.75953
31.82764
31.80972
31.87737
31.85958
31.92776
31.90495
31.97749
31.95491
32.02789
31.99453
32.07402
32.0444
32.12363
32.09421
32.17335
32.14386
32.22358
32.19357
32.27335
32.24345
32.32371
32.29331
32.37397
32.34361
32.42384
32.39327
32.47416
32.44326
32.52444
32.49374
32.57437
32.54406
32.62397
32.59384
32.674
32.64373
32.72369
32.69417
32.77409
32.74426
32.82396
32.79398
32.87394
32.89445
32.9236
32.94414
32.97355
32.99398
33.02319
33.04443
33.07281
33.09465
33.12319
33.14465
33.17368
33.19453
33.2234
33.24489
33.27307
33.29473
33.32321
33.34484
33.37319
33.39497
33.42341
33.44471
33.47322
33.4903
33.52354
33.54079
33.57335
33.59105
33.62309
33.64092
33.67322
33.69059
33.72345
33.74097
33.7732
33.79121
33.82315
33.84092
33.8735
33.89068
33.92344
33.94056
33.97295
33.99065
34.02335
34.04042
34.07351
34.09057
34.12357
34.14047
34.17346
34.19021
34.22356
34.23985
34.27383
34.28988
34.32379
34.3402
34.37407
34.39037
34.42439
34.44048
34.47461
34.49063
34.52436
34.54076
34.5746
34.59097
34.62471
34.64137
34.67498
34.69177
34.72546
34.74181
34.77525
34.79155
34.82492
34.84204
34.87492
34.8925
34.925
34.94287
34.9753
34.9925
35.02533
35.04289
35.07573
35.09305
35.12596
35.14274
35.17629
35.19243
35.2265
35.2428
35.27636
35.29256
35.32605
35.34266
35.37596
35.39288
35.42591
35.4426
35.47598
35.49289
35.52605
35.54293
35.57635
35.5932
35.62676
35.64369
35.72689
35.69405
35.7767
35.74386
35.82636
35.79362
35.8763
35.84331
35.92612
35.89295
35.97578
35.94325
36.02558
35.99291
36.07549
36.04279
36.12563
36.09305
36.17577
36.14328
36.22597
36.19361
36.27583
36.24372
36.32578
36.29392
36.37564
36.34426
36.42555
36.39441
36.47589
36.44485
36.52599
36.49519
36.57601
36.54484
36.62617
36.59446
36.6763
36.6448
36.72603
36.69494
36.77642
36.74485
36.82656
36.79485
36.87668
36.84512
36.92656
36.89473
36.97682
36.94457
37.02714
36.99476
37.07862
37.04458
37.12743
37.09451
37.17794
37.14404
37.22787
37.19404
37.27768
37.24366
37.32795
37.29365
37.3782
37.34338
37.42802
37.39325
37.47783
37.44326
37.5276
37.49338
37.57742
37.54339
37.62741
37.59369
37.67732
37.64378
37.72758
37.69399
37.77779
37.74412
37.8282
37.7941
37.87827
37.84383
37.92807
37.89395
37.97852
37.94438
38.02853
37.99402
38.07867
38.04428
38.1284
38.09435
38.17878
38.14484
38.22888
38.19517
38.27868
38.24538
38.32831
38.29524
38.37832
38.34497
38.42797
38.39542
38.47763
38.44569
38.52732
38.49589
38.57729
38.54567
38.62691
38.59558
38.67667
38.6457
38.72651
38.69541
38.77687
38.79575
38.82671
38.84549
38.87691
38.89597
38.92664
38.94568
38.97653
38.99586
39.02672
39.046
39.07639
39.09637
39.12673
39.14649
39.1766
39.19697
39.22322
39.23815
39.27363
39.28839
39.29969
39.33822
39.34992
39.38816
39.39966
39.43828
39.44978
39.48808
39.50017
39.53805
39.55057
39.58794
39.58765
39.61582
39.63268
39.65594
39.68252
39.69145
39.71477
39.73171
39.75241
39.76926
39.78417
39.80247
39.83097
39.83182
39.86536
39.87105
39.9157
39.91482
39.96536
39.96471
40.01521
40.0126
40.06522
40.06258
40.11531
40.11279
40.16557
40.16252
40.21598
40.21255
40.26611
40.26279
40.31598
40.31286
40.36631
40.36315
40.41622
40.41328
40.46623
40.46355
40.5165
40.51371
40.56687
40.56355
40.61657
40.61366
40.66674
40.66414
40.71814
40.71391
40.76703
40.76406
40.81681
40.81373
40.8662
40.86373
40.91587
40.9136
40.96572
40.96359
41.01563
41.0136
41.0653
41.06406
41.11501
41.1137
41.16488
41.1641
41.21473
41.21377
41.26496
41.26403
41.31466
41.31398
41.36499
41.36403
41.41518
41.41402
41.46558
41.46424
41.51579
41.51445
41.56618
41.56459
41.61628
41.61446
41.66673
41.66412
41.71699
41.7139
41.76679
41.76425
41.81679
41.81452
41.86704
41.86491
41.91746
41.91511
41.96724
41.96545
42.01695
42.0155
42.06694
42.06583
42.11713
42.11616
42.16759
42.16657
42.21753
42.21648
42.26724
42.26676
42.31744
42.3169
42.36726
42.3671
42.41746
42.41722
42.46771
42.46716
42.51764
42.51723
42.56746
42.5675
42.6176
42.61757
42.668
42.66788
42.71833
42.71794
42.76864
42.76822
42.81872
42.81856
42.86854
42.86843
42.91832
42.91841
42.96798
42.96844
43.01847
43.01826
43.06819
43.06827
43.11825
43.11834
43.1687
43.16815
43.21873
43.21847
43.26842
43.26827
43.31865
43.31813
43.36851
43.3679
43.41819
43.41728
43.46855
43.46692
43.51824
43.51721
43.56845
43.56762
43.61838
43.61769
43.66838
43.66775
43.71872
43.71814
43.76896
43.76833
43.81897
43.81818
43.86941
43.86822
43.91905
43.91793
43.9687
43.9678
44.01852
44.01789
44.06856
44.06835
44.1191
44.11829
44.16914
44.16801
44.21857
44.2176
44.26868
44.26774
44.31857
44.31787
44.36853
44.3682
44.41845
44.41798
44.46889
44.46781
44.51929
44.51747
44.56903
44.56746
44.61915
44.61747
44.66883
44.66731
44.7187
44.71774
44.76834
44.76773
44.81804
44.81741
44.86786
44.86763
44.91777
44.91725
44.96775
44.96725
45.0174
45.01339
45.06742
45.06384
45.11722
45.11434
45.1676
45.16472
45.21802
45.21517
45.26842
45.26483
45.31881
45.3151
45.36906
45.36512
45.41941
45.41489
45.46927
45.46451
45.5197
45.51422
45.56989
45.56424
45.62013
45.61428
45.66978
45.66475
45.71949
45.71515
45.76919
45.76562
45.81891
45.81577
45.86925
45.86599
45.91962
45.91618
45.96951
45.96651
46.01986
46.01669
46.07001
46.06646
46.12026
46.11623
46.17067
46.16665
46.22068
46.2165
46.27045
46.26645
46.32032
46.31683
46.37057
46.3665
46.42098
46.4169
46.47073
46.46704
46.52045
46.51715
46.57011
46.56697
46.61998
46.61737
46.66971
46.66781
46.71944
46.71777
46.76937
46.76776
46.81916
46.81796
46.86897
46.86807
46.91898
46.91793
46.96932
46.96814
47.01937
47.01804
47.06899
47.06834
47.11865
47.11882
47.16862
47.16856
47.21827
47.21902
47.26859
47.26933
47.31849
47.31961
47.3689
47.36963
47.41891
47.41961
47.46966
47.46943
47.51998
47.51934
47.57035
47.56909
47.62045
47.61947
47.67006
47.66973
47.72017
47.71976
47.76998
47.7696
47.82014
47.81942
47.87031
47.86908
47.91998
47.91933
47.97016
47.96907
48.02038
48.01941
48.07002
48.06913
48.12051
48.11908
48.17016
48.16885
48.21989
48.21866
48.27017
48.2683
48.32057
48.31862
48.37091
48.36894
48.42123
48.41931
48.47121
48.46911
48.52111
48.5196
48.57111
48.56951
48.62097
48.61932
48.6707
48.6698
48.72056
48.71973
48.77021
48.76958
48.82023
48.81934
48.87069
48.86921
48.92034
48.91932
48.96997
48.96912
49.0203
49.0196
49.07027
49.06938
49.12067
49.11967
49.17101
49.17013
49.22069
49.22025
49.27067
49.2706
49.32036
49.32033
49.37034
49.37078
49.42014
49.42073
49.47007
49.47102
49.52022
49.57191
49.57053
49.62173
49.62029
49.67184
49.67048
49.72219
49.72049
49.77197
49.7708
49.8219
49.82079
49.87177
49.87059
49.92163
49.92091
49.97205
49.97119
50.02174
50.02155
50.07174
50.07134
50.12219
50.12165
50.17192
50.17154
50.22237
50.222
50.27262
50.27225
50.32284
50.32253
50.37268
50.37227
50.42231
50.47187
50.47205
50.52211
50.52374
50.57387
50.57261
50.62226
50.62225
50.67184
50.67178
50.72174
50.72173
50.77158
50.77156
50.82133
50.82191
50.87164
50.87155
50.922
50.92131
50.97232
50.97097
51.02279
51.02067
51.07286
51.07066
51.12286
51.12094
51.1732
51.17114
51.22352
51.22139
51.27365
51.27184
51.3234
51.3219
51.37318
51.37181
51.42313
51.42156
51.4729
51.4719
51.52253
51.52183
51.57238
51.5715
51.62229
51.62162
51.67209
51.67187
51.72178
51.72227
51.77226
51.77243
51.82259
51.82289
51.87276
51.87322
51.92316
51.92327
51.97315
51.97368
52.02325
52.02362
52.07304
52.07352
52.12288
52.12392
52.17287
52.17412
52.22314
52.22385
52.27365
52.27392
52.32336
52.32415
52.37384
52.37405
52.42369
52.42373
52.47398
52.47362
52.52429
52.52359
52.57411
52.57334
52.6244
52.62308
52.67417
52.67273
52.72414
52.72298
52.77439
52.7733
52.82437
52.82294
52.87415
52.87257
52.9243
52.92232
52.974
52.97274
53.02436
53.02244
53.07397
53.07231
53.12432
53.12211
53.17443
53.17186
53.22447
53.22186
53.27446
53.27225
53.32462
53.32263
53.37442
53.37263
53.42408
53.4229
53.47396
53.47279
53.52369
53.5228
53.5741
53.57284
53.62449
53.62259
53.67482
53.67305
53.72468
53.72322
53.77518
53.77325
53.82509
53.82329
53.87528
53.8736
53.92498
53.92377
53.97459
53.97364
54.02422
54.02372
54.07409
54.07344
54.12388
54.12335
54.17395
54.17351
54.22392
54.2235
54.27374
54.27364
54.3236
54.32381
54.37338
54.37364
54.4232
54.42327
54.47319
54.47295
54.52331
54.52277
54.57339
54.57258
54.6236
54.62241
54.67406
54.67277
54.72391
54.72297
54.77372
54.77322
54.82412
54.82311
54.87434
54.87344
54.9244
54.92344
54.97409
54.97388
55.02417
55.02421
55.0742
55.07394
55.12445
55.12361
55.17463
55.17361
55.22512
55.22388
55.27518
55.27419
55.32562
55.32429
55.37564
55.37446
55.42585
55.42448
55.4763
55.47475
55.52636
55.52462
55.57657
55.57448
55.67631
55.6248
55.72616
55.67466
55.77623
55.72502
55.82624
55.77503
55.87671
55.82513
55.92689
55.87488
55.97718
55.92533
56.02683
55.97582
56.07697
56.02628
56.12658
56.07592
56.17629
56.12555
56.22647
56.17593
56.27657
56.22588
56.32691
56.27592
56.37677
56.3264
56.4264
56.37645
56.47648
56.42637
56.52668
56.47638
56.57655
56.52605
56.6265
56.62614
56.67698
56.67582
56.7268
56.72548
56.77654
56.77544
56.82677
56.82544
56.87642
56.87557
56.92636
56.92564
56.9766
56.97599
57.02687
57.0277
57.07706
57.06917
57.12754
57.1196
57.1777
57.1693
57.22809
57.2692
57.27817
57.31911
57.32784
57.36951
57.37814
57.41924
57.42846
57.46959
57.47894
57.5193
57.52896
57.5697
57.579
57.62019
57.62885
57.67064
57.67929
57.72092
57.72963
57.77097
57.78001
57.821
57.83042
57.87138
57.88006
57.9211
57.93034
57.97143
57.97245
58.02146
58.02282
58.07172
58.07269
58.12211
58.1228
58.17191
58.17275
58.22182
58.22268
58.27151
58.27272
58.32143
58.32307
58.37105
58.37348
58.42078
58.42381
58.47118
58.47419
58.52158
58.52405
58.57198
58.57374
58.62202
58.62408
58.67229
58.67419
58.72216
58.72387
58.77224
58.77432
58.82195
58.82399
58.87228
58.87384
58.92231
58.92405
58.97215
58.97379
59.02223
59.02397
59.07189
59.0741
59.12215
59.17426
59.17203
59.22393
59.22244
59.27354
59.27243
59.32331
59.32217
59.37325
59.37196
59.42302
59.42222
59.47298
59.47219
59.52338
59.52189
59.57378
59.5718
59.62399
59.62143
59.67418
59.67109
59.72385
59.7209
59.77426
59.77096
59.82453
59.82136
59.87459
59.8718
59.92464
59.9216
59.97512
59.97174
60.02524
60.0218
60.07557
60.07142
60.1259
60.12155
60.17605
60.17167
60.22627
60.22202
60.27665
60.27246
60.32697
60.3222
60.37662
60.37267
60.42738
60.42313
60.47744
60.47292
60.52721
60.52293
60.57652
60.57291
60.6269
60.62331
60.67669
60.673
60.72669
60.72268
60.77691
60.77261
60.82658
60.87325
60.87669
60.92325
60.92677
60.97298
60.97694
61.02317
61.02727
61.0728
61.07732
61.12298
61.12748
61.17327
61.17781
61.2236
61.22794
61.27393
61.27828
61.32438
61.32834
61.37471
61.3785
61.42435
61.42863
61.4748
61.47888
61.52493
61.529
61.57537
61.5787
61.62551
61.6286
61.67587
61.67883
61.72553
61.72929
61.77531
61.77975
61.8257
61.82981
61.87619
61.88029
61.92635
61.93007
61.97617
61.98038
62.02586
62.03001
62.07552
62.08022
62.12591
62.13001
62.17562
62.17968
62.22525
62.23011
62.27525
62.28041
62.32509
62.33072
62.37477
62.38114
62.42465
62.4312
62.47431
62.48154
62.57476
62.53194
62.62451
62.58173
62.67484
62.63145
62.72525
62.68154
62.77503
62.73187
62.8247
62.78164
62.87483
62.83206
62.92447
62.88197
62.97454
62.9318
63.0247
62.98147
63.07438
63.03158
63.1248
63.08193
63.1746
63.13193
63.2243
63.18233
63.27454
63.23247
63.3243
63.28236
63.37443
63.33218
63.42488
63.3819
63.47504
63.43237
63.52476
63.48203
63.57443
63.53246
63.6247
63.5822
63.67434
63.632
63.72502
63.68172
63.77502
63.73173
63.82549
63.78139
63.87496
63.83178
63.9254
63.88146
63.97572
63.93129
64.02608
63.98179
64.07596
64.03178
64.12626
64.08223
64.17659
64.18224
64.22704
64.23255
64.27718
64.28223
64.32693
64.33228
64.37727
64.38261
64.42698
64.43224
64.47722
64.48252
64.52686
64.53268
64.57648
64.58297
64.62618
64.63264
64.67648
64.6825
64.72664
64.73215
64.77625
64.76117
64.81191
64.8109
64.84801
64.84435
64.8932
64.88842
64.94181
64.93849
64.99139
64.98851
65.0414
65.0389
65.09147
65.08904
65.14125
65.13923
65.19158
65.18955
65.24183
65.23996
65.29176
65.29017
65.34153
65.34035
65.39171
65.3904
65.4418
65.4403
65.49193
65.49014
65.54184
65.54057
65.59145
65.59045
65.64169
65.64026
65.69156
65.68333
65.7412
65.72373
65.77845
65.77381
65.82823
65.822
65.8691
65.87202
65.91956
65.92241
65.96939
65.97279
66.01949
66.02254
66.06929
66.07293
66.11945
66.12325
66.16938
66.17307
66.21909
66.22322
66.26949
66.27356
66.31929
66.32394
66.36971
66.37395
66.42003
66.42422
66.46984
66.47398
66.51968
66.52426
66.57004
66.57446
66.62017
66.62491
66.67044
66.67488
66.72018
66.72517
66.77043
66.77548
66.82058
66.82594
66.87089
66.87579
66.92091
66.92426
66.97076
66.9743
67.02107
67.02474
67.07076
67.07457
67.12081
67.12459
67.17082
67.1743
67.22109
67.21992
67.271
67.26977
67.3233
67.3195
67.37167
67.36967
67.42143
67.41967
67.47119
67.46978
67.52061
67.51992
67.57059
67.56916
67.62103
67.6188
67.67075
67.66898
67.72044
67.71896
67.77006
67.76865
67.81982
67.8184
67.87016
67.8681
67.92036
67.91779
67.97065
67.96755
68.02074
68.01723
68.0704
68.06772
68.12018
68.11811
68.16994
68.16788
68.22039
68.21771
68.27013
68.26736
68.31989
68.31698
68.37015
68.36729
68.42052
68.41728
68.47094
68.46744
68.52069
68.51748
68.57114
68.56774
68.62085
68.61742
68.67107
68.66736
68.72075
68.70901
68.77113
68.75867
68.82128
68.80836
68.87133
68.8588
68.92158
68.90848
68.97161
68.95883
69.02145
69.00851
69.07165
69.05868
69.12167
69.10856
69.17213
69.1583
69.22259
69.20816
69.27284
69.258
69.32312
69.3083
69.37347
69.35835
69.42352
69.40826
69.47403
69.45811
69.52392
69.50806
69.5743
69.55817
69.62431
69.60823
69.6648
69.65857
69.71471
69.70873
69.76505
69.75893
69.81518
69.80922
69.8654
69.85895
69.91503
69.90876
69.96468
69.95848
70.0143
70.00893
70.06392
70.05928
70.11372
70.10969
70.1635
70.16013
70.21315
70.21035
70.26359
70.26079
70.31328
70.31127
70.36305
70.36174
70.41346
70.41151
70.46352
70.46131
70.51377
70.51134
70.56384
70.56181
70.61392
70.61208
70.66415
70.66222
70.71375
70.71249
70.7639
70.76011
70.81396
70.81028
70.86421
70.86046
70.91471
70.91077
70.96498
70.96117
71.01463
71.01188
71.06491
71.06158
71.11478
71.11179
71.16522
71.16187
71.2149
71.21159
71.26516
71.2618
71.31536
71.31178
71.36531
71.36156
71.41515
71.41118
71.46533
71.46094
71.51493
71.51105
71.56533
71.56072
71.61535
71.61079
71.6654
71.71037
71.71557
71.76019
71.76547
71.80985
71.81583
71.85986
71.86546
71.91011
71.91541
71.96023
71.96501
72.00985
72.0154
72.05979
72.06525
72.10956
72.11542
72.15918
72.16512
72.20163
72.21479
72.25142
72.26452
72.30144
72.31456
72.35169
72.36421
72.40144
72.41456
72.45148
72.46461
72.50143
72.51466
72.55118
72.56468
72.65161
72.61481
72.70201
72.66446
72.75188
72.71484
72.80177
72.76458
72.85149
72.81494
72.90115
72.86534
72.95101
72.91508
73.00136
72.96553
73.0517
73.0154
73.10141
73.06528
73.15115
73.11546
73.20094
73.16578
73.25089
73.21554
73.30056
73.2652
73.3508
73.31559
73.40104
73.36597
73.45067
73.41566
73.50035
73.46613
73.55067
73.51599
73.6011
73.56593
73.65082
73.61579
73.70123
73.6655
73.75102
73.71523
73.80141
73.76496
73.85175
73.81538
73.90153
73.86547
73.95155
73.91516
74.00146
73.96498
74.05122
74.01523
74.10099
74.06569
74.15062
74.11612
74.20094
74.21699
74.25095
74.26696
74.30101
74.31716
74.35119
74.36732
74.40142
74.41699
74.45135
74.46698
74.50151
74.51752
74.55154
74.56719
74.60174
74.66666
74.65192
74.71658
74.7019
74.76633
74.75228
74.81618
74.80274
74.86595
74.85271
74.91571
74.90247
74.96533
74.95226
75.01556
75.0019
75.06524
75.05173
75.11568
75.10179
75.1653
75.15219
75.21516
75.202
75.26546
75.2523
75.3152
75.30264
75.36514
75.35246
75.41488
75.40232
75.4647
75.45267
75.51455
75.50297
75.56426
75.55317
75.61401
75.60317
75.66383
75.65343
75.71356
75.70316
75.76394
75.75285
75.81382
75.80267
75.86369
75.85252
75.91413
75.90276
75.96442
75.95263
76.01402
76.00225
76.06408
76.05235
76.11372
76.10249
76.16346
76.15244
76.21315
76.20219
76.26316
76.25256
76.31345
76.30232
76.36336
76.35218
76.41312
76.40184
76.46281
76.45202
76.51241
76.50209
76.56225
76.5518
76.61213
76.60139
76.66176
76.65112
76.71168
76.70085
76.76166
76.75055
76.81161
76.80043
76.86155
76.8501
76.91138
76.89974
76.96114
76.94977
77.01095
76.99962
77.06126
77.04982
77.1111
77.10024
77.16109
77.15008
77.2112
77.2
77.26095
77.2499
77.31132
77.29975
77.36165
77.34937
77.41213
77.39937
77.46214
77.4991
77.51247
77.5491
77.56265
77.59896
77.61279
77.64901
77.66225
77.69948
77.7124
77.74924
77.76252
77.79919
77.81229
77.84927
77.86219
77.89935
77.91203
77.94912
77.96178
77.99879
78.01179
78.04855
78.0615
78.09853
78.11118
78.14859
78.16149
78.19835
78.21146
78.24827
78.26109
78.29805
78.31131
78.34809
78.36176
78.38149
78.40321
78.43131
78.45315
78.53154
78.50351
78.58126
78.55338
78.63171
78.60383
78.68176
78.65395
78.73207
78.70405
78.78172
78.75405
78.83138
78.80375
78.8811
78.85401
78.93097
78.90422
78.98139
78.95441
79.03131
79.00491
79.08175
79.05483
79.13198
79.10494
79.18193
79.15501
79.23191
79.20515
79.28165
79.2548
79.33205
79.30454
79.38214
79.35496
79.43227
79.40484
79.48241
79.45483
79.53213
79.50508
79.58227
79.555
79.63264
79.60523
79.68237
79.65508
79.7327
79.7053
79.78284
79.7556
79.83293
79.80603
79.883
79.85643
79.93339
79.90688
79.98333
79.95686
80.03345
80.05696
80.08337
80.10703
80.1335
80.15699
80.1834
80.20681
80.23316
80.25667
80.28278
80.30705
80.33302
80.35729
80.38315
80.40692
80.43309
80.45679
80.48331
80.50811
80.53358
80.55706
80.58392
80.60713
80.6353
80.65728
80.68425
80.70738
80.73465
80.75768
80.78452
80.80732
80.83457
80.85719
80.88475
80.90726
80.93477
80.95693
80.9849
81.00677
81.03523
81.0572
81.08509
81.10731
81.13508
81.15738
81.1851
81.20718
81.23483
81.25688
81.28487
81.30657
81.33501
81.35672
81.38483
81.40669
81.43449
81.45638
81.48479
81.50603
81.53495
81.55627
81.57406
81.59727
81.62447
81.64732
81.67454
81.6973
81.72449
81.74738
81.7744
81.79754
81.82423
81.84766
81.87436
81.89764
81.92422
81.9474
81.97386
81.99754
82.0238
82.04739
82.07388
82.09738
82.12421
82.14723
82.17408
82.19706
82.22423
82.24732
82.27399
82.29739
82.32393
82.34716
82.37356
82.39736
82.42321
82.44728
82.47357
82.49697
82.52321
82.54663
82.57366
82.59635
82.62392
82.64618
82.67427
82.69604
82.72427
82.74609
82.77389
82.79584
82.82391
82.84561
82.87391
82.89542
82.92372
82.94555
82.97398
82.99536
83.02375
83.04514
83.07363
83.09488
83.12365
83.14467
83.17367
83.19444
83.22337
83.24448
83.27367
83.29485
83.32401
83.34515
83.37437
83.39554
83.42438
83.44588
83.47486
83.4962
83.52483
83.54671
83.57452
83.59674
83.62483
83.64637
83.6749
83.69637
83.72526
83.74615
83.7758
83.79635
83.82635
83.84621
83.87656
83.89622
83.92639
83.94627
83.97625
83.99612
84.02613
84.04579
84.07623
84.0963
84.1263
84.14627
84.17632
84.19615
84.22618
84.24648
84.27644
84.2969
84.32686
84.34649
84.37731
84.39675
84.42706
84.4464
84.47696
84.4967
84.52671
84.5471
84.57683
84.59734
84.62712
84.64695
84.67697
84.69734
84.72688
84.74694
84.82637
84.79736
84.87604
84.89753
84.926
84.94752
84.97608
84.99742
85.02637
85.04774
85.07668
85.09822
85.12671
85.14861
85.17635
85.19834
85.22646
85.24799
85.27629
85.298
85.32621
85.34825
85.37604
85.39793
85.4257
85.44754
85.4761
85.4978
85.52655
85.54801
85.62683
85.59834
85.67688
85.64857
85.72704
85.69884
85.77729
85.7492
85.82722
85.79947
85.87741
85.84925
85.92714
85.89905
85.97569
85.94773
86.02583
86.03762
86.07483
86.08759
86.11695
86.1254
86.18713
86.16759
86.23135
86.21504
86.26869
86.26496
86.30598
86.30212
86.33618
86.33942
86.37329
86.37153
86.39809
86.40152
86.41405
86.41965
86.43721
86.43865
86.45525
86.4602
86.47691
86.48968
86.50189
86.51385
86.52174
86.53199
86.53654
86.54859
86.55989
86.56185
86.57725
86.57739
86.59309
86.59186
86.60567
86.60766
86.61979
86.62214
86.63349
86.63634
86.64983
86.65012
86.66631
86.66417
86.67729
86.67742
86.69054
86.68983
86.71924
86.70806
86.73132
86.72231
86.74707
86.73708
86.75908
86.75243
86.77058
86.76556
86.77974
86.77744
86.78906
86.78666
86.80245
86.79559
86.81771
86.81051
86.83186
86.82335
86.84302
86.83584
86.85635
86.85159
86.87084
86.86559
86.88393
86.88219
86.89714
86.89381
86.91162
86.90154
86.92489
86.91262
86.93487
86.92724
86.94798
86.93892
86.96262
86.95209
86.96967
86.96336
86.98804
86.97552
86.99593
86.98702
87.01088
87.00139
87.02495
87.00861
87.03788
87.02415
87.04897
87.03762
87.05888
87.04897
87.07344
87.06477
87.09212
87.07803
87.10135
87.09098
87.11685
87.10464
87.12868
87.11845
87.13872
87.12617
87.15221
87.14054
87.16621
87.15314
87.17475
87.16381
87.18826
87.17871
87.20177
87.19058
87.21312
87.20338
87.22784
87.21463
87.23524
87.2299
87.24918
87.2439
87.26274
87.25541
87.27638
87.26761
87.29531
87.28149
87.30834
87.2953
87.3193
87.30822
87.32665
87.32231
87.33701
87.33525
87.36748
87.3503
87.38184
87.3648
87.39601
87.37807
87.40812
87.39055
87.41944
87.40577
87.43013
87.42358
87.44361
87.43808
87.45831
87.45371
87.4821
87.46921
87.49666
87.48335
87.51114
87.50113
87.52417
87.51398
87.5386
87.53268
87.55174
87.54873
87.56779
87.56318
87.5788
87.58098
87.59579
87.59194
87.61077
87.6076
87.62673
87.61931
87.64794
87.63367
87.66138
87.64604
87.67314
87.65695
87.68478
87.67191
87.69927
87.6841
87.7126
87.69455
87.72184
87.70888
87.73222
87.7216
87.74659
87.73643
87.75754
87.74793
87.77159
87.76334
87.78507
87.77554
87.79718
87.78704
87.80881
87.79881
87.82053
87.8114
87.83232
87.8242
87.84487
87.83349
87.85677
87.84503
87.8701
87.85741
87.87805
87.86919
87.89307
87.88342
87.90747
87.90036
87.92767
87.91894
87.93698
87.93077
87.95307
87.94189
87.961
87.95113
87.9778
87.96143
87.99043
87.97309
88.00395
87.98335
88.01392
87.9926
88.02385
88.00187
88.03739
88.01109
88.05133
88.02032
88.06004
88.02957
88.07112
88.03876
88.07833
88.04613
88.08559
88.05334
88.0994
88.06255
88.10966
88.08546
88.11993
88.10492
88.1292
88.11228
88.13844
88.11948
88.1477
88.1287
88.15699
88.13609
88.16969
88.1453
88.18256
88.1545
88.19621
88.1617
88.21072
88.18221
88.21818
88.18968
88.23373
88.20649
88.24578
88.21389
88.25325
88.23796
88.27113
88.25243
88.28037
88.26508
88.29206
88.27435
88.30126
88.28783
88.31049
88.29512
88.32191
88.30439
88.33439
88.31853
88.3436
88.32881
88.35279
88.33908
88.36012
88.34648
88.36731
88.35816
88.3745
88.37077
88.38419
88.37796
88.39159
88.38823
88.40283
88.40276
88.41483
88.41528
88.43677
88.42935
88.44543
88.45212
88.45938
88.46318
88.47289
88.47489
88.48824
88.48547
88.49973
88.49722
88.51395
88.51929
88.52128
88.52743
88.5332
88.54334
88.55612
88.55515
88.57126
88.57468
88.58066
88.58736
88.60272
88.60235
88.62052
88.61674
88.63931
88.62932
88.66044
88.64696
88.67139
88.6604
88.69339
88.67425
88.70504
88.68951
88.71831
88.70126
88.72739
88.71299
88.73958
88.72036
88.74701
88.73067
88.76089
88.74236
88.77428
88.75165
88.7871
88.76815
88.80128
88.78749
88.82081
88.81747
88.83862
88.83459
88.85745
88.86446
88.89497
88.87799
88.90852
88.90015
88.93936
88.94276
88.95952
88.95026
88.98352
88.97395
88.9947
88.98402
89.00972
89.00172
89.03012
89.01349
89.04456
89.02792
89.05632
89.04048
89.06371
89.05278
89.07821
89.06342
89.08717
89.07258
89.09972
89.08651
89.10898
89.09824
89.11821
89.11078
89.12679
89.12102
89.13778
89.12835
89.1495
89.13758
89.15971
89.14928
89.16692
89.16187
89.17608
89.17104
89.18524
89.17817
89.1924
89.18534
89.20158
89.19555
89.20878
89.20578
89.21896
89.21293
89.2263
89.22012
89.23784
89.23274
89.2471
89.24541
89.26083
89.25264
89.26821
89.25992
89.28091
89.27328
89.29262
89.28865
89.30515
89.30138
89.31245
89.31293
89.32271
89.31999
89.32996
89.33031
89.34025
89.33753
89.3545
89.34476
89.36631
89.352
89.37624
89.35921
89.38798
89.36951
89.39831
89.38118
89.41003
89.39152
89.4204
89.39877
89.43263
89.40801
89.44
89.41724
89.44923
89.42445
89.45644
89.43171
89.46568
89.44093
89.47488
89.44814
89.4821
89.45738
89.49131
89.46765
89.50056
89.47685
89.50795
89.48425
89.51715
89.49561
89.5264
89.50653
89.53909
89.51685
89.54649
89.53011
89.55678
89.53697
89.5671
89.54794
89.57736
89.55518
89.58478
89.5645
89.59719
89.57721
89.60458
89.58958
89.61484
89.59993
89.62521
89.61261
89.63553
89.62524
89.6458
89.63553
89.65504
89.64468
89.66429
89.65836
89.6715
89.66566
89.68071
89.67892
89.6899
89.69067
89.6972
89.70292
89.71108
89.71034
89.71843
89.72374
89.73233
89.73717
89.74094
89.74881
89.75433
89.76147
89.76389
89.7718
89.77656
89.78716
89.78828
89.79454
89.80087
89.80858
89.81477
89.81693
89.82851
89.83285
89.8412
89.842
89.85373
89.85378
89.8663
89.86807
89.8763
89.8794
89.88371
89.88692
89.89544
89.90285
89.90469
89.91232
89.91497
89.92157
89.92423
89.935
89.93693
89.94225
89.9496
89.95151
89.95882
89.9618
89.96808
89.97207
89.9773
89.98178
89.98902
89.99204
89.99929
90.00104
