0.007970547
0.007527317
0.02248081
0.02198531
0.03370341
0.03052868
0.04222596
0.04312418
0.05530265
0.05528864
0.06529208
0.0673302
0.07510229
0.07818588
0.08356872
0.08971903
0.09249984
0.09830027
0.1040348
0.1117125
0.1177014
0.1229663
0.1248617
0.1360329
0.136732
0.1476407
0.1456342
0.1611963
0.1575005
0.1678279
0.1663501
0.1805543
0.1748791
0.1892353
0.1837684
0.2026478
0.1922767
0.2093558
0.1989015
0.2198138
0.2092865
0.2283949
0.2202925
0.2415826
0.2335422
0.2516509
0.2420733
0.26024
0.250613
0.2697544
0.2635001
0.2822501
0.2758559
0.2937269
0.2844288
0.3054264
0.2970865
0.3144617
0.3097463
0.3251801
0.324965
0.3371176
0.3335211
0.350013
0.342023
0.3615271
0.3506064
0.3700478
0.361077
0.3798562
0.3708601
0.3937931
0.3804118
0.4052264
0.3920301
0.4179592
0.4010635
0.4281927
0.4141528
0.4402921
0.4226711
0.4526187
0.4312479
0.4648895
0.4402294
0.4797017
0.4521622
0.4900496
0.4645974
0.5010571
0.4772137
0.5143005
0.4877129
0.5209152
0.4943465
0.5295088
0.5032299
0.5399233
0.5117524
0.5504791
0.5220111
0.5652309
0.5326834
0.5739203
0.5445624
0.585647
0.5549349
0.5942324
0.5638282
0.6075692
0.5723992
0.6161526
0.5837509
0.6274377
0.5944672
0.6373041
0.6069397
0.6481576
0.6188855
0.6548246
0.6313601
0.6688496
0.6398935
0.6777033
0.6496597
0.6903445
0.6623944
0.701986
0.6689947
0.7136314
0.6778841
0.7221726
0.6900837
0.7287874
0.7013583
0.7408414
0.7134559
0.7533473
0.7223104
0.7658221
0.7349221
0.7790529
0.7466757
0.7914525
0.7534739
0.8000337
0.7665445
0.8107045
0.775111
0.8220934
0.7837481
0.8345181
0.7964206
0.8473594
0.8098102
0.8609737
0.82002
0.8703842
0.830945
0.879015
0.8448153
0.8900856
0.8539504
0.9009832
0.8638026
0.9096999
0.8758542
0.9228829
0.8885561
0.93522
0.8971272
0.9470904
0.9056844
0.9551362
0.9123074
0.9678503
0.9246134
0.980046
0.9312533
0.9925478
0.941813
1.004783
0.9527377
1.017703
0.9638128
1.028316
0.9724128
1.038582
0.9813832
1.047299
0.9936556
1.056648
1.00682
1.069365
1.01987
1.082164
1.028455
1.096758
1.037013
1.10677
1.048713
1.120341
1.05965
1.126938
1.07265
1.135494
1.08517
1.145713
1.096885
1.159379
1.109053
1.165979
1.121461
1.174912
1.134211
1.185831
1.146637
1.194433
1.153391
1.201016
1.159883
1.20743
1.172927
1.215976
1.183872
1.226294
1.195453
1.237236
1.202017
1.245819
1.208417
1.252421
1.21695
1.26101
1.227017
1.270779
1.235937
1.282712
1.244483
1.289331
1.251068
1.29809
1.261373
1.304665
1.270283
1.311245
1.278857
1.320165
1.285588
1.32674
1.292148
1.335367
1.298748
1.343933
1.305317
1.353737
1.3119
1.360305
1.327014
1.366703
1.333589
1.373109
1.340145
1.379701
1.346547
1.389695
1.35897
1.400109
1.368868
1.408699
1.377436
1.420108
1.384001
1.428708
1.409104
1.435291
1.417641
1.441879
1.427201
1.452374
1.433931
1.460933
1.440322
1.469486
1.44672
1.476066
1.45528
1.486941
1.463811
1.49549
1.470534
1.504232
1.476936
1.5128
1.485479
1.519398
1.492044
1.527906
1.498657
1.534504
1.507212
1.543097
1.515745
1.551639
1.524278
1.560195
1.53091
1.56873
1.539447
1.577274
1.546005
1.585838
1.552403
1.594396
1.560975
1.600973
1.567531
1.609546
1.574105
1.618733
1.58265
1.631172
1.589204
1.637772
1.595646
1.647693
1.604943
1.656424
1.613447
1.668288
1.62001
1.677171
1.628605
1.689171
1.637165
1.69574
1.643719
1.702345
1.650107
1.711225
1.665263
1.720285
1.673775
1.729145
1.680335
1.735703
1.686716
1.742276
1.693141
1.748678
1.699535
1.757236
1.706095
1.763811
1.712497
1.772394
1.721003
1.781089
1.72779
1.790081
1.73694
1.799264
1.743675
1.808233
1.763462
1.819003
1.770008
1.827592
1.776577
1.834167
1.783137
1.840565
1.789541
1.846954
1.799991
1.853386
1.808909
1.861996
1.815465
1.870702
1.822006
1.8814
1.828454
1.890148
1.834865
1.898699
1.84145
1.90546
1.851037
1.914767
1.857768
1.921368
1.864206
1.929942
1.872739
1.938523
1.879327
1.947058
1.899163
1.953634
1.905719
1.962233
1.912111
1.970791
1.918506
1.982589
1.925061
1.989193
1.931496
1.99772
1.940065
2.006299
1.952271
2.012882
1.960862
2.021478
1.96947
2.03188
1.984536
2.04045
1.99112
2.050135
2.006202
2.058721
2.012602
2.067322
2.021254
2.074068
2.029835
2.084009
2.038448
2.090583
2.050112
2.099216
2.05667
2.107763
2.065222
2.117532
2.071793
2.126163
2.080449
2.134696
2.092736
2.141271
2.105736
2.149829
2.117228
2.158428
2.125708
2.165162
2.132331
2.171561
2.142668
2.177962
2.149232
2.186497
2.155632
2.195063
2.164287
2.201657
2.172911
2.213282
2.181446
2.221869
2.190038
2.231799
2.196631
2.238362
2.2096
2.244756
2.232091
2.251347
2.238643
2.257741
2.245045
2.26413
2.254397
2.270528
2.262999
2.276934
2.271553
2.285495
2.280109
2.29405
2.288635
2.303135
2.295235
2.309694
2.303904
2.316113
2.310464
2.32656
2.318993
2.333116
2.332322
2.339533
2.340903
2.348093
2.360153
2.35469
2.371902
2.361078
2.378465
2.367655
2.387027
2.376453
2.396974
2.384999
2.403527
2.393611
2.409931
2.402248
2.419166
2.408817
2.42573
2.417379
2.434624
2.423934
2.443263
2.430533
2.451785
2.442999
2.46693
2.451557
2.475463
2.458115
2.483987
2.464513
2.490723
2.473157
2.505889
2.483317
2.514505
2.493377
2.521061
2.505279
2.527661
2.513824
2.536255
2.520616
2.547446
2.529283
2.554171
2.538468
2.560958
2.548823
2.571458
2.555421
2.578178
2.561824
2.584577
2.570354
2.593193
2.576927
2.606459
2.585556
2.612859
2.595324
2.621423
2.601889
2.628011
2.61081
2.634415
2.619735
2.640792
2.628307
2.649304
2.634875
2.657835
2.641286
2.666437
2.652584
2.675308
2.661114
2.684384
2.667679
2.690926
2.674072
2.697359
2.680462
2.703757
2.687043
2.720838
2.693446
2.729383
2.70202
2.735924
2.710517
2.742321
2.717082
2.748721
2.723507
2.757298
2.732019
2.765986
2.738606
2.772524
2.745205
2.778924
2.753746
2.785324
2.760483
2.793961
2.769054
2.802492
2.777662
2.811034
2.78627
2.826379
2.795063
2.832764
2.801636
2.83917
2.80819
2.848989
2.814776
2.855743
2.826042
2.864247
2.834638
2.872988
2.841394
2.885359
2.851485
2.891917
2.864466
2.898321
2.873379
2.904902
2.88359
2.91341
2.890172
2.919964
2.89655
2.926387
2.902951
2.932774
2.909351
2.939168
2.917923
2.947766
2.924475
2.956311
2.930877
2.962911
2.939465
2.98005
2.949683
2.986613
2.958266
2.995183
2.966883
3.003761
2.977683
3.012304
2.987986
3.021787
2.999882
3.02872
3.006469
3.035109
3.015008
3.041492
3.021596
3.047882
3.030196
3.064986
3.038712
3.074363
3.045262
3.082981
3.051676
3.089519
3.058061
3.102504
3.064641
3.109052
3.075466
3.117618
3.08748
3.126622
3.098971
3.133185
3.108992
3.141701
3.119576
3.148251
3.126139
3.156824
3.134747
3.165442
3.141339
3.180691
3.152978
3.18725
3.159547
3.193692
3.16808
3.202693
3.17465
3.211215
3.181211
3.217768
3.187794
3.224159
3.194179
3.232782
3.200594
3.241448
3.212517
3.248021
3.223612
3.256546
3.230187
3.265217
3.241597
3.273741
3.251865
3.28031
3.258432
3.289635
3.266981
3.296243
3.273544
3.305762
3.280111
3.312316
3.28867
3.320848
3.295233
3.327471
3.303768
3.338221
3.310508
3.346741
3.319033
3.353296
3.325595
3.359892
3.334112
3.368404
3.345142
3.374953
3.353713
3.381339
3.362254
3.387741
3.370931
3.39787
3.38166
3.404447
3.390206
3.412949
3.396775
3.421446
3.408233
3.429963
3.416741
3.436512
3.425273
3.44309
3.432032
3.453312
3.441092
3.459756
3.452609
3.468277
3.459177
3.476766
3.467785
3.488034
3.474194
3.496636
3.485387
3.507045
3.494987
3.515511
3.507407
3.522098
3.517095
3.531694
3.523674
3.540196
3.532207
3.558537
3.540709
3.565137
3.54925
3.574011
3.557871
3.589344
3.568833
3.595938
3.577272
3.60234
3.583693
3.611177
3.593272
3.622152
3.60187
3.633081
3.612176
3.639644
3.624805
3.649864
3.633313
3.656414
3.641794
3.662868
3.651204
3.672024
3.659691
3.678573
3.669239
3.685005
3.677755
3.697944
3.68627
3.709088
3.695163
3.721366
3.707203
3.72796
3.715698
3.734352
3.724202
3.742841
3.732707
3.751308
3.743737
3.760174
3.752266
3.768736
3.758839
3.777232
3.767362
3.788088
3.775933
3.798154
3.787909
3.806612
3.794499
3.815106
3.805979
3.823614
3.814511
3.832133
3.823644
3.838701
3.832198
3.84937
3.844316
3.860269
3.852795
3.866823
3.859376
3.873238
3.868324
3.884542
3.87678
3.896016
3.885334
3.907352
3.894832
3.916227
3.903363
3.926547
3.913319
3.935024
3.92342
3.94554
3.929993
3.954017
3.93886
3.962527
3.950383
3.968904
3.960424
3.977394
3.972169
3.983948
3.98166
3.990369
3.988265
4.002903
3.998844
4.013554
4.007377
4.02207
4.019368
4.030884
4.032931
4.040932
4.041507
4.053796
4.054047
4.060409
4.062576
4.072067
4.071166
4.080592
4.083332
4.091601
4.09435
4.10013
4.102864
4.106678
4.109464
4.113082
4.118649
4.121549
4.125383
4.130034
4.134038
4.138559
4.144953
4.149001
4.153528
4.1581
4.162427
4.169787
4.172821
4.181033
4.184129
4.192563
4.195785
4.199166
4.205981
4.209299
4.214643
4.215873
4.226283
4.222455
4.234916
4.231415
4.24638
4.241998
4.259761
4.254002
4.271704
4.262631
4.282043
4.271297
4.29446
4.28512
4.310114
4.293889
4.317847
4.306432
4.33205
4.313057
4.344677
4.325742
4.35784
4.335631
4.370425
4.345856
4.384516
4.358077
4.392247
4.36747
4.405318
4.378541
4.421444
4.391923
4.428059
4.405296
4.441019
4.418402
4.45491
4.43195
4.463412
4.447362
4.475616
4.461362
4.488353
4.473162
4.502024
4.48794
4.516109
4.494617
4.528096
4.504596
4.538379
4.517415
4.552779
4.531723
4.563083
4.545681
4.576087
4.560951
4.586389
4.575343
4.59838
4.587736
4.611309
4.601954
4.621942
4.61676
4.632227
4.631614
4.646654
4.644551
4.659587
4.658522
4.67577
4.666854
4.688488
4.680225
4.702852
4.692083
4.719054
4.706445
4.733908
4.718535
4.749112
4.733691
4.763249
4.747657
4.775913
4.763059
4.792044
4.77669
4.806621
4.792006
4.823179
4.809551
4.837118
4.823353
4.852046
4.839542
4.865376
4.855346
4.881361
4.871058
4.894367
4.88432
4.907443
4.897776
4.920435
4.911683
4.930074
4.926621
4.945378
4.940325
4.960234
4.950821
4.97523
4.966287
4.9886
4.981524
5.002117
4.992679
5.023245
5.005342
5.037025
5.026676
5.052223
5.041517
5.061904
5.057521
5.074419
5.078575
5.090152
5.092909
5.108066
5.109811
5.124088
5.12375
5.138626
5.137646
5.155846
5.162116
5.169006
5.177053
5.184747
5.192732
5.20617
5.206315
5.234377
5.220613
5.250479
5.233725
5.264302
5.248904
5.281243
5.264282
5.293638
5.281341
5.315905
5.300713
5.3308
5.312971
5.352041
5.326481
5.36871
5.340727
5.383399
5.355316
5.399545
5.374534
5.416075
5.390444
5.439142
5.408338
5.45963
5.421994
5.48003
5.439937
5.494613
5.456136
5.513415
5.471865
5.532702
5.486877
5.548803
5.506383
5.562153
5.521064
5.581763
5.536322
5.596933
5.560205
5.615744
5.581719
5.633839
5.598469
5.657903
5.614645
5.679192
5.630845
5.693571
5.646982
5.7189
5.664865
5.739074
5.678402
5.75393
5.69887
5.782208
5.722128
5.795881
5.745336
5.824964
5.777652
5.842059
5.804001
5.866667
5.836536
5.887671
5.853606
5.909633
5.886095
5.932757
5.913503
5.9775
5.940764
5.99801
5.968596
6.023699
5.994926
6.048625
6.029094
6.078599
6.061401
6.104422
6.090528
6.130363
6.128869
6.168429
6.162102
6.201086
6.192184
6.242087
6.234645
6.275072
6.334995
6.324608
6.375311
6.36512
6.453171
6.414887
6.501377
6.464536
6.556693
6.517356
6.601297
6.564711
6.650925
6.614822
6.699241
6.658661
6.748971
6.70042
6.792311
6.74868
6.83895
6.798552
6.888238
6.848792
6.938631
6.899072
6.988426
6.999128
7.038583
7.049339
7.089025
7.09959
7.139051
7.149716
7.188871
7.200059
7.238649
7.250272
7.28851
7.300544
7.338359
7.350674
7.388616
7.401142
7.438978
7.45154
7.48935
7.501997
7.539663
7.55174
7.589353
7.601864
7.639175
7.702243
7.689068
7.752375
7.738975
7.80197
7.788897
7.851669
7.838733
7.901324
7.888371
8.001457
7.938637
8.051853
7.988333
8.101575
8.038138
8.151283
8.087883
8.201063
8.138101
8.251434
8.188162
8.30184
8.23839
8.351984
8.2883
8.401706
8.337949
8.451658
8.38766
8.501717
8.438075
8.551496
8.488338
8.601832
8.538023
8.651939
8.587955
8.751231
8.637616
8.80154
8.687941
8.851579
8.737758
8.901247
8.787878
8.951414
8.838156
9.001817
8.888555
9.051568
8.93826
9.102034
8.987945
9.151828
9.038219
9.201706
9.087944
9.251377
9.1382
9.301605
9.188471
9.351298
9.238253
9.401627
9.288416
9.451931
9.338677
9.501768
9.388851
9.55164
9.489538
9.601874
9.539277
9.652143
9.5895
9.702426
9.639327
9.752802
9.739249
9.802436
9.789071
9.852606
9.83903
9.90227
9.888894
9.952059
9.939205
10.0019
9.988698
10.05195
10.03892
10.10176
10.08926
10.15176
10.1395
10.20148
10.18924
10.25129
10.23964
10.3014
10.28953
10.35134
10.33919
10.40112
10.38883
10.45088
10.43873
10.50112
10.48893
10.55139
10.53913
10.60178
10.58953
10.65214
10.63992
10.70229
10.68957
10.75262
10.73965
10.80259
10.78937
10.85258
10.83979
10.90238
10.88958
10.95212
10.93922
11.00238
10.98901
11.05287
11.03939
11.1027
11.08976
11.15298
11.13938
11.20325
11.18961
11.25308
11.23984
11.30352
11.29018
11.35326
11.34
11.40333
11.38989
11.45312
11.44025
11.50294
11.49034
11.55333
11.54014
11.60324
11.59042
11.70352
11.64009
11.75369
11.6897
11.80392
11.73988
11.85359
11.7897
11.90332
11.83949
11.95297
11.88931
12.00338
11.93968
12.05304
11.98986
12.10277
12.03977
12.15326
12.09014
12.20358
12.14002
12.25319
12.19046
12.30284
12.2262
12.3421
12.27583
12.38835
12.32575
12.43851
12.37615
12.48862
12.42619
12.53874
12.47629
12.58882
12.52596
12.63882
12.57567
12.68914
12.62554
12.73954
12.6752
12.78996
12.72559
12.84002
12.77601
12.88985
12.82589
12.94016
12.87552
12.98985
12.92535
13.04029
12.97515
13.09007
13.025
13.13984
13.07492
13.19064
13.12565
13.24024
13.17551
13.29038
13.22587
13.34008
13.32506
13.3901
13.37518
13.43984
13.42488
13.48983
13.47519
13.54017
13.5256
13.5905
13.57532
13.64087
13.62511
13.69096
13.72518
13.74064
13.77553
13.79082
13.82552
13.84103
13.87589
13.89143
13.9255
13.94135
13.97558
13.99101
14.02524
14.04093
14.0752
14.09063
14.12489
14.14027
14.1746
14.19062
14.22492
14.24101
14.27512
14.29139
14.32498
14.34106
14.37519
14.39087
14.42516
14.44086
14.47516
14.49049
14.52558
14.54094
14.57584
14.59122
14.62603
14.64136
14.67598
14.69161
14.72645
14.74188
14.77672
14.79179
14.82688
14.84201
14.87661
14.89191
14.92706
14.94226
14.97675
14.9923
15.02709
15.04193
15.07687
15.09204
15.12654
15.14193
15.17652
15.19234
15.22692
15.24218
15.27689
15.29245
15.3271
15.34294
15.37728
15.39311
15.42731
15.44326
15.47782
15.49321
15.52748
15.54326
15.57765
15.59327
15.62724
15.64337
15.67743
15.69374
15.72708
15.73223
15.77736
15.78213
15.82704
15.83247
15.87695
15.8822
15.92744
15.93184
15.97722
15.98151
16.02768
16.03187
16.07813
16.08198
16.12801
16.1322
16.17827
16.18219
16.22849
16.23252
16.2788
16.28233
16.3288
16.33273
16.37896
16.38246
16.42903
16.43271
16.47923
16.53305
16.52927
16.58336
16.57941
16.6331
16.62893
16.68351
16.67927
16.7335
16.72909
16.78292
16.77868
16.83305
16.82896
16.88338
16.87862
16.93355
16.92846
16.98384
16.97808
17.03405
17.02852
17.08411
17.07888
17.13445
17.12872
17.18431
17.179
17.23397
17.22914
17.28375
17.27941
17.33389
17.32935
17.38371
17.37899
17.43404
17.42861
17.48411
17.47828
17.53375
17.52821
17.58417
17.57824
17.63422
17.62833
17.68397
17.67803
17.73406
17.7282
17.7841
17.77858
17.83437
17.82878
17.8843
17.87911
17.93423
17.92926
17.9845
17.97924
18.03447
18.07903
18.08463
18.12897
18.13477
18.1791
18.18512
18.22914
18.23525
18.27894
18.28548
18.37886
18.33592
18.42859
18.38629
18.47826
18.43649
18.52813
18.48682
18.57792
18.53689
18.62832
18.58686
18.67865
18.63656
18.72904
18.68669
18.77922
18.73707
18.82952
18.78733
18.87995
18.83752
18.9297
18.8874
18.97952
18.93761
19.02914
18.98759
19.07938
19.08815
19.12903
19.13779
19.1789
19.18795
19.22915
19.2382
19.27949
19.28868
19.32945
19.33901
19.37958
19.38907
19.42971
19.43946
19.48011
19.5398
19.53
19.59007
19.57964
19.64006
19.62957
19.69047
19.67998
19.74045
19.73041
19.79037
19.78083
19.84026
19.83054
19.88997
19.88087
19.94018
19.93075
19.99011
19.98056
20.03983
20.03094
20.09019
20.08099
20.1399
20.13095
20.19019
20.18069
20.23966
20.23093
20.28984
20.28119
20.34022
20.33148
20.39051
20.38155
20.44064
20.43119
20.49093
20.48155
20.54124
20.53146
20.59096
20.63122
20.64138
20.68132
20.69171
20.7317
20.74184
20.78134
20.79217
20.83101
20.84219
20.88122
20.89212
20.93113
20.9421
20.98087
20.99183
21.03054
21.04218
21.08034
21.0925
21.13007
21.14223
21.17985
21.19201
21.22958
21.2419
21.27999
21.29164
21.33031
21.34188
21.38064
21.39158
21.43062
21.44131
21.48088
21.49124
21.53092
21.54135
21.58112
21.59148
21.63098
21.64163
21.68067
21.6915
21.73046
21.74128
21.78081
21.79116
21.83087
21.84157
21.88132
21.89182
21.93106
21.942
21.98078
21.99161
22.03053
22.04154
22.08087
22.09182
22.13049
22.14146
22.18026
22.19114
22.2299
22.24135
22.28
22.29168
22.32982
22.34169
22.37998
22.39202
22.43017
22.4425
22.48023
22.49222
22.53063
22.54187
22.58031
22.59229
22.63026
22.64202
22.68073
22.69241
22.73039
22.74269
22.78083
22.79282
22.83106
22.84247
22.88119
22.89239
22.93152
22.94215
22.98185
22.99188
23.03149
23.04181
23.12357
23.0916
23.15179
23.1412
23.20144
23.19155
23.2459
23.24171
23.29624
23.29165
23.34664
23.34185
23.39631
23.39211
23.44698
23.44241
23.49725
23.49251
23.54741
23.54425
23.59752
23.59273
23.6419
23.64288
23.69155
23.69278
23.74151
23.74248
23.79142
23.79227
23.84014
23.84273
23.89022
23.8929
23.94058
23.943
23.99055
23.99306
24.04084
24.04318
24.09124
24.09367
24.14163
24.14384
24.19186
24.19426
24.24174
24.24398
24.2917
24.2939
24.34202
24.34352
24.39223
24.39336
24.44226
24.44362
24.4924
24.49405
24.5425
24.54385
24.5927
24.5943
24.69248
24.6441
24.74282
24.69444
24.79266
24.74451
24.84227
24.79483
24.89262
24.84512
24.94287
24.89511
24.99328
24.94516
25.04342
24.99549
25.09349
25.04536
25.14382
25.09545
25.19406
25.14581
25.24435
25.1961
25.29449
25.24647
25.34458
25.29629
25.3948
25.34647
25.44474
25.3967
25.49487
25.44654
25.54518
25.49617
25.59539
25.54657
25.64555
25.5969
25.69572
25.64664
25.74568
25.6963
25.79606
25.74664
25.84632
25.79697
25.89625
25.84717
25.94658
25.89681
25.99658
25.94694
26.04653
25.99723
26.09686
26.04733
26.14684
26.09767
26.19646
26.14789
26.24679
26.19776
26.29726
26.24797
26.34744
26.29776
26.39786
26.34796
26.44763
26.39783
26.49753
26.44823
26.54778
26.49852
26.59799
26.54875
26.64823
26.64849
26.69858
26.69843
26.74877
26.74845
26.79885
26.79875
26.84849
26.84878
26.89891
26.89915
26.95081
26.94918
26.99973
26.99898
27.05019
27.04887
27.09976
27.09933
27.14997
27.14929
27.19962
27.19927
27.25001
27.29961
27.30024
27.34992
27.35034
27.39979
27.39998
27.44947
27.45032
27.49918
27.50052
27.54917
27.55042
27.5996
27.60077
27.65007
27.65049
27.69972
27.70076
27.74998
27.75104
27.80034
27.80091
27.85047
27.85101
27.90061
27.90108
27.95054
27.95143
28.00094
28.00177
28.05067
28.10184
28.10098
28.15144
28.1506
28.20173
28.20092
28.25183
28.25099
28.30149
28.30087
28.35157
28.35066
28.40176
28.4006
28.4515
28.45105
28.50195
28.5008
28.55169
28.55045
28.60209
28.60066
28.65222
28.65077
28.7023
28.70073
28.75239
28.75073
28.79768
28.80037
28.84745
28.84159
28.89761
28.89202
28.93326
28.94015
28.98355
28.99054
29.03381
29.04059
29.08399
29.09085
29.13433
29.14104
29.18465
29.19138
29.28512
29.2415
29.33481
29.29155
29.38442
29.34172
29.43454
29.39189
29.48454
29.44171
29.53474
29.4915
29.5852
29.54123
29.63524
29.59107
29.68564
29.64134
29.73586
29.6912
29.78626
29.74084
29.8366
29.79049
29.88674
29.8403
29.93666
29.89046
29.98713
29.9401
30.03713
29.99002
30.0871
30.03977
30.13699
30.08315
30.18686
30.13333
30.23666
30.18316
30.28652
30.23301
30.33565
30.26993
30.37977
30.34975
30.43019
30.389
30.48024
30.43876
30.5302
30.48849
30.58057
30.53834
30.63067
30.5884
30.68066
30.69029
30.7304
30.7392
30.78082
30.78907
30.83109
30.83918
30.88097
30.88929
30.93064
30.93976
30.98103
30.98976
31.0313
31.0398
31.08165
31.08979
31.13143
31.13961
31.1811
31.18977
31.23152
31.23959
31.28172
31.28922
31.33204
31.33967
31.38234
31.39014
31.43195
31.4398
31.48195
31.49021
31.53232
31.53994
31.58235
31.58961
31.68285
31.63999
31.7328
31.69023
31.78322
31.74
31.83351
31.78967
31.88357
31.83941
31.93403
31.88974
31.98428
31.93967
32.03428
31.98985
32.08454
32.04
32.13477
32.09019
32.18486
32.1331
32.23481
32.1828
32.28119
32.22872
32.33093
32.27863
32.3806
32.32863
32.43027
32.3787
32.48056
32.42832
32.53074
32.47797
32.5808
32.52806
32.63082
32.57852
32.68113
32.62892
32.73119
32.67863
32.78082
32.72843
32.83092
32.77837
32.88128
32.82798
32.93172
32.8777
32.98163
32.92778
33.03193
32.97792
33.08167
33.02784
33.13167
33.07791
33.18179
33.12783
33.23182
33.17805
33.28225
33.22805
33.33232
33.27778
33.38249
33.32743
33.43274
33.3777
33.48244
33.42744
33.53247
33.47752
33.58214
33.52789
33.63254
33.57788
33.68252
33.62763
33.73254
33.67768
33.78231
33.72788
33.83234
33.77802
33.88234
33.82797
33.93304
33.87822
33.98301
33.92809
34.03267
33.97834
34.08226
34.0284
34.13266
34.07877
34.18291
34.12857
34.23317
34.17916
34.283
34.22889
34.33346
34.27906
34.38332
34.32922
34.43327
34.37933
34.48302
34.42913
34.53296
34.47608
34.5829
34.52573
34.63338
34.57553
34.683
34.6256
34.73293
34.67569
34.7827
34.72589
34.83313
34.77607
34.88286
34.82608
34.93296
34.87627
34.98337
34.92589
35.03313
34.97629
35.08282
35.02631
35.13261
35.07673
35.18298
35.12695
35.2327
35.17733
35.28312
35.22746
35.33325
35.27787
35.38344
35.32755
35.43352
35.37791
35.48322
35.4276
35.53349
35.47786
35.58369
35.52766
35.63384
35.57732
35.68415
35.627
35.73417
35.67733
35.78435
35.72711
35.8346
35.77727
35.88455
35.82747
35.93489
35.87712
35.98534
35.9268
36.03502
35.97663
36.08548
36.02634
36.13549
36.0766
36.18524
36.12707
36.23489
36.17719
36.285
36.22747
36.33468
36.2778
36.38489
36.328
36.43488
36.37777
36.4845
36.42779
36.53453
36.47773
36.58429
36.52771
36.63474
36.57813
36.68501
36.62799
36.73546
36.67828
36.78576
36.72857
36.8358
36.77877
36.88594
36.82889
36.93559
36.87931
36.98582
36.92966
37.03615
36.97952
37.08636
37.02966
37.13683
37.07929
37.18715
37.12975
37.23765
37.17942
37.28712
37.22905
37.33696
37.27924
37.38642
37.32949
37.48701
37.37941
37.53687
37.43068
37.58678
37.47941
37.6372
37.5293
37.68689
37.57918
37.73701
37.62895
37.78704
37.67904
37.83685
37.72937
37.88721
37.77964
37.93742
37.82961
37.98727
37.87984
38.03764
37.93014
38.08734
37.9803
38.13733
38.03036
38.18712
38.08027
38.23719
38.13057
38.28731
38.18094
38.33693
38.2804
38.38684
38.3306
38.43725
38.38055
38.48714
38.43069
38.53712
38.48103
38.58746
38.5312
38.63771
38.58156
38.68803
38.63195
38.73838
38.68239
38.78872
38.73226
38.83867
38.78203
38.88899
38.83194
38.93922
38.88206
38.98933
38.93201
39.0396
38.98228
39.08959
39.03239
39.13992
39.08267
39.18986
39.13242
39.24015
39.18218
39.28976
39.23191
39.34002
39.28164
39.39051
39.33161
39.44091
39.38159
39.49055
39.43141
39.54044
39.48124
39.59012
39.53151
39.63984
39.58191
39.67831
39.63165
39.72797
39.68187
39.77777
39.73185
39.82776
39.7816
39.87796
39.82608
39.92551
39.87619
39.97329
39.92599
40.05271
39.95894
40.09246
40.00546
40.11798
40.03947
40.15246
40.08952
40.19357
40.12172
40.23767
40.16838
40.27706
40.21856
40.32693
40.26824
40.37695
40.31837
40.42724
40.36824
40.47701
40.41856
40.52696
40.46877
40.57674
40.51893
40.62683
40.56864
40.67654
40.61831
40.72663
40.66806
40.77689
40.71791
40.82705
40.76797
40.87683
40.81831
40.92713
40.86793
40.97667
40.91785
41.02707
40.96759
41.07709
41.01772
41.12676
41.06797
41.17669
41.11827
41.22659
41.16825
41.27628
41.21786
41.32679
41.2683
41.37715
41.31792
41.42699
41.36765
41.47715
41.41732
41.52707
41.46745
41.5772
41.51739
41.61707
41.56731
41.66684
41.61774
41.71645
41.66427
41.7662
41.71387
41.81611
41.76403
41.86647
41.81414
41.91665
41.86377
41.9668
41.91394
42.0165
41.96437
42.06652
42.01471
42.11613
42.06497
42.16633
42.11502
42.21613
42.16536
42.26634
42.2157
42.31598
42.26601
42.36572
42.31642
42.41593
42.36617
42.46589
42.4159
42.51576
42.46597
42.56596
42.51582
42.61572
42.56619
42.66609
42.61635
42.7161
42.66668
42.76623
42.71708
42.81612
42.76729
42.86599
42.81722
42.9164
42.86695
42.96665
42.91735
43.01685
42.96776
43.06718
43.01795
43.11749
43.06789
43.16789
43.1176
43.2177
43.21751
43.26752
43.26712
43.31763
43.31736
43.36803
43.36712
43.41785
43.41698
43.46802
43.4672
43.51815
43.51686
43.56849
43.56654
43.61875
43.61638
43.66838
43.66686
43.71856
43.71688
43.76854
43.76667
43.81887
43.81638
43.8689
43.86673
43.91909
43.917
43.96937
43.96745
44.01947
44.01761
44.06982
44.06734
44.11991
44.11718
44.17229
44.16717
44.221
44.2169
44.27148
44.26658
44.32104
44.31706
44.37115
44.36704
44.42089
44.41746
44.47097
44.46786
44.5208
44.51765
44.57077
44.56773
44.62093
44.61769
44.67107
44.66769
44.72096
44.71775
44.77113
44.76765
44.82142
44.81745
44.87126
44.86764
44.92121
44.9174
44.97107
44.9678
45.02122
45.01759
45.07095
45.06793
45.12141
45.11783
45.17116
45.16751
45.22156
45.21764
45.27201
45.26799
45.32194
45.31841
45.37181
45.36826
45.42174
45.4185
45.47165
45.51852
45.52194
45.56892
45.57209
45.61858
45.62207
45.66818
45.67173
45.71824
45.72168
45.76867
45.77178
45.81835
45.8218
45.86869
45.87152
45.91887
45.92126
45.96925
45.97119
46.01913
46.07111
46.06944
46.12079
46.11956
46.17073
46.16931
46.22034
46.21962
46.27077
46.27003
46.32077
46.32
46.37118
46.37008
46.4208
46.4201
46.47124
46.4702
46.5216
46.51989
46.57194
46.5703
46.62205
46.62063
46.67184
46.67099
46.72157
46.7214
46.7717
46.77102
46.82177
46.82089
46.87186
46.87062
46.9218
46.92049
46.97152
46.97063
47.02151
47.02072
47.07198
47.07067
47.12217
47.12083
47.17229
47.17118
47.22242
47.22145
47.32311
47.27165
47.37284
47.32187
47.42318
47.37234
47.47358
47.42212
47.52537
47.47197
47.5737
47.52219
47.62331
47.57227
47.67344
47.62274
47.72385
47.67294
47.77357
47.7234
47.82362
47.77321
47.87343
47.82478
47.92362
47.87312
47.97365
47.92308
48.02378
47.97307
48.07396
48.02318
48.12415
48.07338
48.17437
48.12383
48.22473
48.17408
48.27488
48.22408
48.32516
48.27381
48.37526
48.32373
48.42521
48.37391
48.47506
48.42358
48.52477
48.47363
48.57441
48.5238
48.62403
48.57384
48.67434
48.62397
48.72414
48.67445
48.7744
48.72419
48.82462
48.77413
48.87509
48.82383
48.92482
48.92326
48.97528
48.97303
49.0249
49.02304
49.07533
49.0731
49.12562
49.12272
49.17541
49.17299
49.22516
49.22269
49.27508
49.27292
49.32483
49.3231
49.37449
49.37272
49.42429
49.42245
49.47414
49.47269
49.52409
49.52304
49.57382
49.57339
49.62366
49.62385
49.67408
49.67377
49.72439
49.72338
49.77455
49.77382
49.82499
49.82398
49.87538
49.87369
49.92572
49.92388
49.97559
49.97391
50.02521
50.02436
50.07568
50.07431
50.12553
50.12411
50.1752
50.17379
50.22483
50.22421
50.27467
50.2743
50.32512
50.32408
50.37481
50.37374
50.42459
50.42404
50.47425
50.4742
50.52427
50.52407
50.57399
50.57407
50.62439
50.62448
50.67446
50.67487
50.72479
50.72515
50.7753
50.77533
50.82492
50.82582
50.87526
50.87546
50.92499
50.92508
50.97503
50.97488
51.02526
51.02515
51.0749
51.07516
51.12457
51.12486
51.17478
51.17483
51.2252
51.22441
51.27506
51.27439
51.32524
51.32429
51.37503
51.37439
51.42493
51.42446
51.4753
51.47452
51.52505
51.52455
51.57543
51.57475
51.62578
51.62475
51.67609
51.67506
51.72583
51.72485
51.77592
51.77514
51.82608
51.82548
51.87615
51.87545
51.92623
51.92515
52.02685
51.97544
52.07711
52.02591
52.12748
52.07568
52.17782
52.12534
52.22816
52.17504
52.27803
52.22513
52.32807
52.27546
52.37767
52.32584
52.4277
52.37592
52.47744
52.42619
52.52729
52.47634
52.57695
52.52659
52.62677
52.5768
52.6767
52.62707
52.72684
52.67713
52.77647
52.72718
52.8269
52.77731
52.87708
52.82773
52.92728
52.87788
52.97741
52.9278
53.02769
52.97804
53.07761
53.02779
53.12738
53.07752
53.17707
53.12719
53.2274
53.17722
53.27702
53.22743
53.32679
53.27783
53.37641
53.32805
53.42608
53.42812
53.47625
53.47805
53.52634
53.5283
53.57632
53.57857
53.62654
53.62891
53.67673
53.67601
53.72705
53.7263
53.77748
53.77602
53.82771
53.8261
53.87958
53.87645
53.9282
53.92684
53.97848
53.97728
54.02828
54.02768
54.07848
54.0781
54.12878
54.12848
54.17843
54.17877
54.22807
54.22855
54.27834
54.2785
54.32853
54.33202
54.37893
54.3783
54.42889
54.4281
54.47858
54.4775
54.52863
54.52721
54.57841
54.57736
54.62879
54.62719
54.67852
54.67762
54.72876
54.72753
54.77889
54.77742
54.8292
54.82734
54.8796
54.87721
54.92967
54.92719
54.97965
54.97682
55.02945
55.02719
55.0799
55.07742
55.1296
55.12716
55.17997
55.17749
55.23019
55.22775
55.28036
55.27753
55.33006
55.32789
55.38042
55.37812
55.43084
55.42822
55.48101
55.47784
55.53075
55.52749
55.58068
55.57774
55.63088
55.62754
55.68068
55.67751
55.73082
55.72731
55.78075
55.77764
55.83088
55.82742
55.88058
55.87757
55.93075
55.92773
55.98111
55.97745
56.03138
56.02748
56.0811
56.07793
56.13144
56.12833
56.18167
56.17853
56.23148
56.22818
56.28148
56.27868
56.33118
56.32887
56.38094
56.37887
56.43118
56.42885
56.48151
56.47883
56.53154
56.52899
56.58189
56.57883
56.63202
56.62912
56.68242
56.6795
56.73233
56.72976
56.78255
56.78025
56.83273
56.8305
56.88302
56.88052
56.93317
56.93098
56.98341
56.98138
57.03381
57.03116
57.08368
57.0812
57.1339
57.13098
57.18549
57.18116
57.23412
57.23122
57.28381
57.28109
57.3336
57.33095
57.37947
57.37655
57.42927
57.42684
57.47466
57.46266
57.52462
57.51311
57.57506
57.56318
57.62502
57.66345
57.67466
57.71336
57.72454
57.76345
57.77441
57.81377
57.82441
57.86363
57.87478
57.91315
57.92501
57.96355
57.97541
58.01355
58.02547
58.06397
58.07532
58.11415
58.12494
58.16422
58.17513
58.21457
58.22518
58.2645
58.27492
58.31441
58.32531
58.36076
58.3754
58.41101
58.42524
58.46104
58.47493
58.511
58.52538
58.56146
58.57554
58.61121
58.62592
58.66143
58.67616
58.7119
58.72585
58.76213
58.77597
58.81194
58.82567
58.86233
58.87596
58.91197
58.92591
58.96196
58.97599
59.01227
59.02611
59.06189
59.0762
59.11174
59.1263
59.16191
59.17645
59.21222
59.22673
59.26265
59.27632
59.31228
59.32612
59.36213
59.42563
59.41233
59.47556
59.46274
59.52517
59.51294
59.57508
59.56268
59.62471
59.61299
59.67508
59.66285
59.72549
59.71315
59.77579
59.76315
59.82545
59.81335
59.87545
59.86344
59.92582
59.91351
59.97567
59.96365
60.02601
60.01395
60.07623
60.06401
60.12638
60.11446
60.17652
60.16413
60.22675
60.21386
60.27691
60.26428
60.32716
60.31461
60.37729
60.36499
60.42776
60.41518
60.47744
60.46558
60.52724
60.51569
60.5793
60.56605
60.62757
60.6668
60.67713
60.71684
60.72757
60.76692
60.77715
60.81723
60.82756
60.86758
60.87734
60.91771
60.92717
60.96785
60.97755
61.01818
61.02783
61.07004
61.07822
61.11837
61.12841
61.16837
61.17863
61.21826
61.22888
61.26757
61.27916
61.31792
61.32945
61.36759
61.3797
61.4179
61.42996
61.46791
61.48029
61.51766
61.53061
61.56791
61.58095
61.61821
61.63115
61.66856
61.68142
61.71898
61.73129
61.76884
61.78125
61.81911
61.83129
61.86919
61.88113
61.91947
61.93087
61.96925
61.98112
62.01945
62.03079
62.06917
62.08094
62.11898
62.13139
62.16862
62.18152
62.21824
62.23195
62.2683
62.28232
62.31804
62.3326
62.36775
62.38227
62.4181
62.43238
62.46794
62.48274
62.51842
62.53306
62.5688
62.58341
62.61862
62.63333
62.6688
62.68299
62.71842
62.73278
62.7683
62.78245
62.81864
62.83273
62.86835
62.88296
62.91803
62.93272
62.9677
62.98247
63.0175
63.03277
63.06725
63.08287
63.11713
63.1328
63.1675
63.18309
63.21735
63.2333
63.26736
63.28359
63.31772
63.33384
63.3675
63.38425
63.41755
63.43472
63.46767
63.48439
63.51778
63.53469
63.56814
63.58439
63.61828
63.6345
63.66842
63.68412
63.71829
63.73443
63.76814
63.78432
63.86801
63.8341
63.91848
63.88461
63.96835
63.93439
64.01827
63.98451
64.06793
64.03448
64.11799
64.08472
64.16841
64.13505
64.21887
64.18472
64.2686
64.23504
64.31898
64.28532
64.36925
64.33537
64.41932
64.38574
64.46999
64.43604
64.51965
64.48569
64.56954
64.53542
64.619
64.58587
64.66917
64.6356
64.71931
64.68523
64.76952
64.73563
64.81957
64.78583
64.86987
64.8355
64.92006
64.88576
64.97003
64.93555
65.02017
64.98567
65.07043
65.01722
65.10292
65.05462
65.14973
65.14682
65.18272
65.18486
65.23266
65.2346
65.27999
65.27635
65.33013
65.3264
65.38017
65.42703
65.43056
65.47675
65.48085
65.52705
65.53108
65.57675
65.58146
65.62708
65.6311
65.67726
65.68089
65.72727
65.73119
65.77752
65.78156
65.82754
65.83177
65.87769
65.88191
65.92785
65.93197
65.97827
65.98154
66.02664
66.02203
66.07037
66.06077
66.12027
66.11077
66.17055
66.16084
66.21975
66.21065
66.26988
66.2605
66.32012
66.31011
66.37007
66.36014
66.41991
66.41
66.47019
66.4598
66.52041
66.50974
66.57004
66.55958
66.61971
66.60963
66.66945
66.65997
66.7196
66.71043
66.76974
66.76044
66.81954
66.81046
66.86938
66.86075
66.91965
66.91065
66.9698
66.96076
67.02012
67.0111
67.07047
67.06116
67.12064
67.11142
67.17094
67.16135
67.22069
67.21149
67.27046
67.26181
67.32073
67.31161
67.37062
67.36159
67.42068
67.41139
67.47064
67.45714
67.52226
67.5069
67.57092
67.55732
67.62103
67.60735
67.67117
67.65715
67.72106
67.70706
67.77148
67.75686
67.82118
67.80687
67.87157
67.85649
67.92201
67.90614
67.97227
67.95633
68.02192
68.00665
68.07217
68.05694
68.12188
68.10658
68.1722
68.15862
68.22238
68.20715
68.27232
68.25728
68.32251
68.30752
68.37284
68.35741
68.4225
68.4072
68.47296
68.45758
68.52275
68.5074
68.57242
68.55704
68.62203
68.60754
68.67188
68.65778
68.72221
68.7074
68.77209
68.7577
68.82193
68.80767
68.87193
68.85746
68.92182
68.90772
68.9722
68.95743
69.02226
69.00779
69.0722
69.05812
69.12222
69.10835
69.17209
69.15852
69.22229
69.20892
69.27235
69.25863
69.32253
69.30883
69.37265
69.35918
69.42229
69.40963
69.47263
69.46012
69.52281
69.51053
69.57312
69.56062
69.62308
69.61079
69.67305
69.66106
69.72292
69.71119
69.77287
69.76111
69.82334
69.81084
69.87374
69.86069
69.92401
69.91051
70.0234
69.96084
70.065
70.01072
70.10319
70.06047
70.15321
70.11041
70.20285
70.1605
70.25294
70.21037
70.30284
70.26048
70.3532
70.31031
70.40361
70.36069
70.45374
70.41037
70.50414
70.46011
70.55383
70.5105
70.60417
70.5603
70.65398
70.61011
70.70371
70.65981
70.75338
70.71004
70.80299
70.76042
70.85287
70.81015
70.90283
70.86016
70.95296
70.91013
71.0031
70.96029
71.05298
71.01032
71.10427
71.06075
71.1528
71.11053
71.20293
71.16083
71.25329
71.21046
71.30329
71.26083
71.35307
71.31123
71.40292
71.36167
71.45262
71.41147
71.50292
71.46135
71.55254
71.51109
71.60275
71.56136
71.65282
71.61132
71.70248
71.66156
71.74224
71.71194
71.79215
71.76166
71.84219
71.81206
71.89255
71.86271
71.94231
71.91262
71.99243
71.96217
72.04211
72.01189
72.09229
72.06164
72.14219
72.11205
72.1925
72.16087
72.23477
72.2094
72.28442
72.25918
72.32488
72.30918
72.37521
72.35918
72.42394
72.40918
72.47404
72.4594
72.52374
72.5096
72.57349
72.55971
72.62355
72.60954
72.6733
72.65973
72.72356
72.70953
72.77334
72.7598
72.82303
72.80967
72.87314
72.86
72.92274
72.91
72.9724
72.96027
73.02289
73.01054
73.073
73.06085
73.12344
73.11117
73.17374
73.16159
73.22409
73.21125
73.27447
73.26104
73.32465
73.3107
73.375
73.3612
73.4247
73.41104
73.47435
73.46077
73.52409
73.51063
73.57446
73.56031
73.62408
73.61005
73.67373
73.66048
73.72398
73.71038
73.77412
73.76076
73.82385
73.81099
73.87349
73.86124
73.92381
73.91125
73.97418
73.96171
74.02435
74.01135
74.07481
74.06105
74.12445
74.11145
74.17425
74.16181
74.22408
74.21222
74.2743
74.26195
74.32427
74.31178
74.37466
74.3617
74.42513
74.41208
74.47517
74.46241
74.52527
74.51231
74.57573
74.56261
74.62599
74.6125
74.67631
74.66282
74.72627
74.71262
74.77617
74.76257
74.82684
74.81303
74.87641
74.86337
74.92648
74.91368
74.97681
74.96348
75.02711
75.01361
75.07745
75.06384
75.12725
75.114
75.1771
75.16414
75.2276
75.21447
75.2779
75.2648
75.32806
75.31476
75.3783
75.36534
75.42807
75.41523
75.47849
75.46546
75.52882
75.51513
75.57851
75.56528
75.62831
75.61568
75.67802
75.66534
75.7277
75.71514
75.77808
75.76488
75.82772
75.81509
75.87798
75.86551
75.92772
75.91518
75.97742
75.96528
76.02732
76.01511
76.07771
76.06496
76.12758
76.11469
76.17771
76.16453
76.22788
76.21474
76.27827
76.2644
76.32851
76.31487
76.37837
76.36478
76.42876
76.41494
76.47838
76.46467
76.52875
76.51447
76.5785
76.56415
76.62894
76.614
76.67923
76.66444
76.7295
76.71473
76.7799
76.76503
76.82957
76.81467
76.87927
76.86459
76.92918
76.9145
76.97954
76.96414
77.02954
77.01433
77.07934
77.06396
77.12921
77.11384
77.17901
77.16425
77.22929
77.21398
77.27943
77.26369
77.32939
77.31387
77.37947
77.36378
77.42989
77.41351
77.48029
77.46373
77.53003
77.5139
77.5798
77.56416
77.6298
77.61423
77.67992
77.66451
77.72982
77.71429
77.77987
77.8143
77.83163
77.86423
77.88009
77.91396
77.93011
77.96431
77.98026
78.01415
78.03027
78.06413
78.08067
78.11428
78.13052
78.1647
78.18098
78.21451
78.23094
78.26463
78.28105
78.31496
78.38168
78.36645
78.43204
78.41484
78.48197
78.46458
78.5321
78.51431
78.57671
78.55134
78.62699
78.60138
78.67719
78.65143
78.72752
78.70187
78.77728
78.75223
78.82703
78.80218
78.87673
78.85204
78.92659
78.90195
78.97639
78.95189
79.01516
79.00213
79.06487
79.04514
79.11483
79.09521
79.16446
79.14484
79.21486
79.19476
79.26479
79.24454
79.3148
79.29447
79.36523
79.34428
79.41566
79.39426
79.466
79.44417
79.51571
79.49435
79.56583
79.54449
79.61572
79.59486
79.66619
79.64468
79.71593
79.6945
79.76619
79.74433
79.81606
79.79419
79.86652
79.84454
79.91683
79.89461
79.96676
79.94449
80.01677
79.99486
80.06638
80.04498
80.11642
80.09462
80.16638
80.14485
80.21638
80.19508
80.26617
80.24499
80.31581
80.29505
80.36562
80.34472
80.41564
80.44438
80.46555
80.49473
80.51552
80.54465
80.56588
80.59465
80.61626
80.64445
80.66624
80.69427
80.71629
80.74421
80.76641
80.79391
80.81628
80.84373
80.86651
80.89393
80.91615
80.94424
80.9669
80.99418
81.01656
81.04446
81.06691
81.09407
81.11646
81.14385
81.16627
81.19398
81.21622
81.2439
81.26597
81.29359
81.3158
81.34396
81.36575
81.39416
81.41549
81.44424
81.5149
81.49496
81.56516
81.54488
81.61481
81.59524
81.66445
81.64477
81.70781
81.69055
81.75755
81.74052
81.80799
81.79051
81.85766
81.84066
81.90735
81.89043
81.95712
81.94038
82.00695
81.99076
82.05739
82.04102
82.10725
82.09132
82.15716
82.14131
82.20721
82.19158
82.25764
82.24188
82.30753
82.29204
82.35728
82.34168
82.40758
82.39148
82.45721
82.44155
82.50695
82.49148
82.55724
82.54137
82.60733
82.59116
82.657
82.6415
82.70672
82.69154
82.7564
82.74168
82.80611
82.79134
82.85591
82.8411
82.90558
82.89149
82.95565
82.94189
83.00537
82.99163
83.05517
83.04129
83.10561
83.09146
83.15605
83.14162
83.2057
83.19193
83.25559
83.24169
83.30567
83.29175
83.35557
83.34161
83.40584
83.39163
83.4561
83.44134
83.50632
83.49102
83.55593
83.54081
83.60609
83.59055
83.65595
83.64081
83.70636
83.69054
83.75619
83.7402
83.8059
83.79007
83.85571
83.83987
83.90606
83.89028
83.95576
83.93999
84.00606
83.98975
84.05628
84.04018
84.10645
84.09047
84.15681
84.14095
84.20668
84.19134
84.25725
84.24104
84.30739
84.29141
84.35727
84.34146
84.40718
84.39187
84.45758
84.44147
84.50804
84.49194
84.55817
84.54205
84.60858
84.5922
84.65904
84.64211
84.70882
84.69195
84.75857
84.74171
84.80889
84.84286
84.85928
84.89332
84.9089
84.9433
84.95861
84.99321
85.00909
85.04286
85.05896
85.0931
85.10916
85.14333
85.15895
85.19356
85.2086
85.2437
85.25889
85.29329
85.30927
85.34364
85.35934
85.39329
85.40957
85.44369
85.45957
85.49403
85.50965
85.54439
85.55959
85.59438
85.6097
85.64433
85.65981
85.69453
85.76001
85.74484
85.81017
85.79513
85.86012
85.84499
85.91021
85.94433
85.96046
85.99013
86.04703
86.03204
86.08188
86.06666
86.12639
86.11575
86.15923
86.16052
86.19441
86.18661
86.22386
86.24741
86.27004
86.27925
86.3044
86.34205
86.33725
86.36462
86.35986
86.38791
86.38065
86.40463
86.40042
86.42191
86.41944
86.43598
86.44973
86.45499
86.46622
86.46938
86.48448
86.49025
86.51031
86.50925
86.52842
86.52818
86.54482
86.54417
86.55933
86.56158
86.57364
86.57718
86.58768
86.59196
86.60575
86.60617
86.61608
86.62205
86.63128
86.63375
86.64557
86.66069
86.6612
86.67442
86.67517
86.68818
86.68622
86.69958
86.70016
86.71384
86.71197
86.72702
86.7283
86.7372
86.73891
86.75124
86.75345
86.76582
86.76733
86.77792
86.78207
86.78944
86.79408
86.80115
86.80921
86.81538
86.82346
86.83047
86.83797
86.84564
86.84868
86.8574
86.86291
86.87084
86.8749
86.88418
86.88814
86.89445
86.90179
86.90955
86.9129
86.91657
86.92554
86.93084
86.93879
86.94527
86.95271
86.95956
86.96206
86.97413
86.97225
86.9871
86.99178
86.99701
87.00337
87.01408
87.01292
87.02679
87.02821
87.03988
87.04165
87.05177
87.05612
87.06553
87.06757
87.07821
87.09385
87.09241
87.10558
87.10204
87.1164
87.1117
87.12852
87.12586
87.14008
87.13869
87.15067
87.15343
87.16304
87.16412
87.17718
87.17836
87.18571
87.18748
87.19933
87.20117
87.21117
87.21108
87.22609
87.22533
87.23836
87.23857
87.2522
87.25097
87.26293
87.26788
87.27701
87.28323
87.2908
87.29637
87.29916
87.30913
87.31237
87.32452
87.325
87.33627
87.34003
87.34869
87.35527
87.3644
87.37309
87.3773
87.3859
87.39036
87.4012
87.39757
87.41042
87.40826
87.41967
87.41749
87.4338
87.42471
87.44104
87.43707
87.45289
87.44434
87.46214
87.4595
87.47131
87.46983
87.48267
87.48103
87.49433
87.48936
87.50928
87.50072
87.51987
87.51096
87.53118
87.52127
87.54271
87.53048
87.55486
87.53969
87.56226
87.54994
87.57417
87.56079
87.5859
87.57
87.59333
87.5817
87.6068
87.59496
87.61923
87.60522
87.62666
87.61442
87.63465
87.62468
87.64633
87.63716
87.65657
87.64636
87.6668
87.65562
87.67599
87.66482
87.68522
87.67508
87.69633
87.68676
87.70353
87.69699
87.71273
87.7062
87.72311
87.71767
87.73578
87.72502
87.74496
87.73378
87.75597
87.74297
87.76766
87.75215
87.77576
87.7595
87.78493
87.7687
87.79229
87.77792
87.80493
87.79123
87.8121
87.80775
87.82128
87.81694
87.8305
87.82612
87.83968
87.83636
87.8499
87.84556
87.85722
87.85581
87.86646
87.86696
87.87971
87.87723
87.89833
87.89309
87.90599
87.90742
87.92193
87.92333
87.93259
87.93549
87.94599
87.94854
87.95998
87.96135
87.97023
87.97521
87.98029
87.98249
87.99283
87.99471
88.00024
88.00642
88.01295
88.01838
88.02791
88.03272
88.03956
88.04609
88.05259
88.05869
88.06094
88.07265
88.07493
88.08582
88.08732
88.09923
88.09768
88.10848
88.11619
88.12112
88.12342
88.13454
88.1337
88.1474
88.14536
88.17525
88.15576
88.1832
88.17941
88.19881
88.19261
88.22482
88.21283
88.239
88.22388
88.25215
88.23892
88.26515
88.25663
88.28155
88.27872
88.29587
88.2883
88.30312
88.30772
88.31662
88.31517
88.32692
88.33011
88.33944
88.34274
88.34866
88.35303
88.35589
88.36604
88.3652
88.37975
88.38206
88.39539
88.39374
88.40795
88.40551
88.42725
88.41711
88.43799
88.42969
88.44829
88.44421
88.45859
88.45761
88.46791
88.46795
88.48296
88.48197
88.49679
88.49384
88.51069
88.50658
88.52465
88.51711
88.53871
88.52748
88.55212
88.54259
88.56557
88.55795
88.57597
88.57281
88.59347
88.58513
88.60745
88.60807
88.62095
88.62222
88.64298
88.63806
88.65629
88.65083
88.67036
88.66518
88.68375
88.67712
88.69548
88.69144
88.71823
88.70368
88.72825
88.72659
88.73573
88.73399
88.74777
88.74317
88.76254
88.7507
88.77538
88.77178
88.7951
88.78455
88.80788
88.80411
88.8242
88.82697
88.84341
88.84312
88.86415
88.86448
88.87788
88.88184
88.89684
88.8924
88.91404
88.91768
88.94218
88.92623
88.95283
88.94211
88.96947
88.96421
88.98778
88.97858
89.00334
88.99294
89.01474
89.01074
89.03175
89.02676
89.04697
89.04266
89.05431
89.05524
89.06464
89.06841
89.07583
89.08004
89.08763
89.09153
89.09937
89.10063
89.10964
89.10786
89.12138
89.11813
89.13062
89.12767
89.13981
89.13792
89.15157
89.14707
89.15878
89.15627
89.16799
89.16364
89.1772
89.17754
89.18921
89.1892
89.2006
89.19836
89.20966
89.20552
89.22024
89.21253
89.23131
89.22173
89.23854
89.22911
89.25026
89.24171
89.25959
89.24913
89.27348
89.26397
89.28457
89.27429
89.2971
89.28824
89.31023
89.29719
89.3205
89.30746
89.32783
89.31485
89.34054
89.32816
89.35317
89.33739
89.36246
89.34462
89.37137
89.3573
89.3786
89.3676
89.38582
89.3768
89.39313
89.38364
89.4048
89.39513
89.41223
89.40687
89.42146
89.41609
89.42873
89.42349
89.43597
89.43272
89.44524
89.44193
89.4545
89.45119
89.46623
89.4604
89.47347
89.47066
89.48615
89.48093
89.49342
89.49266
89.50508
89.50005
89.51236
89.50929
89.52267
89.51858
89.53297
89.53029
89.54324
89.54059
89.55247
89.54984
89.55974
89.56016
89.56897
89.57044
89.5782
89.57967
89.5854
89.58894
89.59264
89.59815
89.60292
89.60555
89.61253
89.61778
89.62426
89.62945
89.63359
89.63869
89.64754
89.64922
89.66023
89.6626
89.67355
89.66985
89.68079
89.67902
89.69426
89.68626
89.70455
89.6955
89.71636
89.70472
89.73022
89.71397
89.74288
89.72566
89.75679
89.7349
89.77232
89.74419
89.79356
89.76102
89.80629
89.77316
89.81641
89.78857
89.82809
89.79963
89.8372
89.81355
89.85263
89.82419
89.86198
89.83688
89.87791
89.84756
89.88525
89.8614
89.89796
89.87236
89.90528
89.89363
89.91559
89.90538
89.92736
89.9128
89.94128
89.92753
89.94862
89.93886
89.95612
89.9481
89.97106
89.96905
89.97829
89.97828
89.9855
89.98759
89.99478
89.99496
