0.007524068
0.007656033
0.02107399
0.02302027
0.03311307
0.02948685
0.04504627
0.04068222
0.05575001
0.05207776
0.06731027
0.06452142
0.07953504
0.0711544
0.09114952
0.08208147
0.1052158
0.0957541
0.1160572
0.1080849
0.1257213
0.1147763
0.140348
0.1253054
0.1479168
0.1354322
0.1564581
0.1480964
0.1664789
0.1566795
0.180066
0.1685208
0.1885344
0.1770229
0.2031321
0.1855139
0.213707
0.1921578
0.2253045
0.204139
0.2381354
0.2186384
0.2517747
0.2272342
0.262743
0.2403862
0.2717012
0.2489754
0.284197
0.2612394
0.295657
0.2702812
0.3089193
0.2806516
0.3184003
0.2893724
0.3269252
0.3031743
0.3377312
0.3148924
0.3466411
0.3245715
0.3552078
0.3381565
0.3685342
0.3508504
0.3825923
0.3620228
0.3911442
0.3745725
0.4010421
0.3867492
0.4133666
0.3953137
0.4261124
0.4066382
0.4350747
0.4205713
0.4436782
0.4292089
0.455653
0.4412082
0.4683634
0.4478186
0.4799423
0.4605994
0.4889002
0.4706075
0.5027065
0.4798994
0.5152435
0.4915824
0.5238037
0.5019463
0.5323787
0.5122692
0.541941
0.5238979
0.5505404
0.5324481
0.563657
0.5409808
0.5736941
0.5520932
0.5855267
0.5643138
0.5923291
0.5760925
0.6037308
0.5886901
0.6190245
0.59724
0.6314346
0.6079794
0.6443946
0.6182937
0.6565942
0.6311617
0.6694606
0.6377664
0.6801186
0.649695
0.6946453
0.6600863
0.708568
0.6666907
0.7202638
0.6755633
0.7335383
0.686069
0.7462316
0.6979291
0.7579858
0.7098333
0.7705832
0.7183958
0.7832455
0.7303743
0.7921871
0.7447054
0.8053823
0.7578343
0.8150637
0.7678652
0.8251238
0.7801485
0.8364527
0.7928671
0.8450233
0.8039017
0.8547916
0.8162994
0.8650206
0.8281015
0.8762681
0.838897
0.8855914
0.8511654
0.8987554
0.8646754
0.9120528
0.876642
0.9260568
0.8877083
0.9374377
0.9022309
0.9501165
0.9127284
0.9609996
0.9237074
0.9744974
0.9351506
0.9862678
0.9419067
0.9965968
0.9483566
1.01124
0.9569712
1.024729
0.9677063
1.037127
0.9812374
1.049962
0.9928309
1.064265
1.002364
1.074774
1.011297
1.08639
1.024084
1.101111
1.034971
1.113798
1.043532
1.121694
1.055065
1.131729
1.06741
1.141998
1.078283
1.151687
1.090193
1.161082
1.102768
1.170197
1.115674
1.181032
1.124821
1.189597
1.133534
1.198663
1.143505
1.20792
1.157504
1.214508
1.169266
1.223995
1.183143
1.23312
1.191788
1.239689
1.201674
1.246287
1.210272
1.254859
1.223624
1.263505
1.234035
1.270061
1.246204
1.276494
1.252945
1.286094
1.259368
1.292852
1.265808
1.302431
1.275022
1.314093
1.283544
1.322728
1.290144
1.331395
1.296551
1.339994
1.305094
1.346928
1.315364
1.357567
1.321989
1.366194
1.330591
1.376194
1.339212
1.38482
1.345793
1.391394
1.357166
1.400294
1.363736
1.412162
1.370136
1.421238
1.376545
1.427812
1.38589
1.436451
1.394501
1.444992
1.403088
1.451726
1.411654
1.460326
1.422281
1.470981
1.430883
1.477725
1.437433
1.486253
1.443832
1.49285
1.450251
1.502647
1.458899
1.514555
1.465657
1.521307
1.474215
1.530082
1.48329
1.539019
1.491931
1.547611
1.498673
1.55919
1.507271
1.565821
1.517785
1.575456
1.524364
1.584351
1.530764
1.590916
1.537203
1.597347
1.548563
1.603762
1.560282
1.614653
1.57076
1.624124
1.577342
1.632688
1.585894
1.639248
1.596208
1.645823
1.602762
1.654441
1.609162
1.661023
1.615559
1.670385
1.622012
1.679322
1.630878
1.690074
1.637613
1.696674
1.644022
1.703055
1.652561
1.709636
1.661317
1.716188
1.672148
1.722788
1.680667
1.732319
1.687226
1.738894
1.693654
1.747521
1.70042
1.758948
1.710936
1.767606
1.717516
1.776172
1.726934
1.784766
1.733494
1.793488
1.739886
1.80217
1.746465
1.810719
1.755269
1.817313
1.76394
1.826023
1.773595
1.836814
1.78016
1.843385
1.786727
1.851962
1.79336
1.858693
1.804809
1.865143
1.81338
1.873717
1.822459
1.880484
1.829026
1.88923
1.837871
1.89784
1.844425
1.906584
1.850844
1.917585
1.859544
1.926481
1.87072
1.933096
1.879316
1.941651
1.885891
1.950235
1.89471
1.960568
1.903424
1.969115
1.910007
1.975707
1.918715
1.982105
1.925328
1.990684
1.933862
1.999688
1.940423
2.00965
1.950058
2.016427
1.956677
2.022837
1.965539
2.029418
1.972089
2.037939
1.978687
2.044691
1.987221
2.055369
1.993821
2.063934
2.000376
2.072957
2.006754
2.085271
2.013156
2.095152
2.019573
2.101756
2.02849
2.108158
2.035089
2.116774
2.041683
2.128093
2.050556
2.134699
2.064278
2.143301
2.072939
2.151913
2.083055
2.163769
2.089665
2.174496
2.098243
2.181444
2.106821
2.193829
2.118088
2.200444
2.126713
2.209005
2.136337
2.215572
2.14555
2.221965
2.154153
2.228714
2.160886
2.237334
2.167472
2.245913
2.176124
2.25453
2.188209
2.263129
2.196752
2.274688
2.203338
2.283312
2.21331
2.291912
2.224352
2.300564
2.233002
2.311843
2.241589
2.321511
2.250151
2.328082
2.260736
2.334682
2.267311
2.341073
2.275877
2.347644
2.282457
2.359079
2.292948
2.370769
2.299517
2.379691
2.308124
2.391493
2.314873
2.400109
2.323485
2.406708
2.332145
2.41567
2.341085
2.424426
2.349617
2.433042
2.356217
2.441608
2.362617
2.448164
2.369185
2.454748
2.37575
2.463774
2.384336
2.470347
2.394417
2.476749
2.403114
2.485418
2.415137
2.491974
2.423749
2.498418
2.432382
2.507063
2.44128
2.519083
2.44784
2.52564
2.454265
2.53224
2.460663
2.540762
2.469271
2.547308
2.479339
2.553706
2.486081
2.560279
2.49488
2.568857
2.501457
2.578222
2.507866
2.586828
2.518076
2.595359
2.530584
2.604086
2.540279
2.612694
2.546846
2.621277
2.55324
2.631096
2.559677
2.639689
2.568314
2.648372
2.574879
2.658556
2.583439
2.667224
2.590055
2.675838
2.601541
2.68489
2.608105
2.696725
2.614478
2.7053
2.620936
2.715771
2.629457
2.728085
2.638012
2.734691
2.644733
2.74328
2.651125
2.749836
2.657546
2.756407
2.663946
2.762836
2.672575
2.769274
2.683145
2.782194
2.693332
2.79075
2.704065
2.799369
2.710847
2.809494
2.724705
2.819354
2.73325
2.827935
2.739833
2.836593
2.746393
2.847484
2.752783
2.85423
2.759389
2.863669
2.767943
2.872273
2.774505
2.878836
2.780899
2.887388
2.787276
2.896012
2.793732
2.904629
2.802267
2.911191
2.808851
2.917751
2.818661
2.924139
2.828006
2.930559
2.834562
2.936944
2.840941
2.943349
2.847341
2.952207
2.853741
2.958942
2.86234
2.9675
2.869074
2.974073
2.877717
2.980458
2.884271
2.98686
2.890709
2.9955
2.899274
3.00592
2.907832
3.012499
2.916386
3.023032
2.924998
3.029794
2.933854
3.036165
2.940576
3.042586
2.946979
3.051165
2.955741
3.057765
2.964272
3.069952
2.970996
3.079498
2.977569
3.08803
2.986158
3.09461
2.992767
3.103222
3.001321
3.109763
3.009865
3.116345
3.018981
3.124919
3.025581
3.131518
3.034139
3.140096
3.04273
3.148659
3.049472
3.157229
3.05804
3.166031
3.066628
3.172614
3.075182
3.181589
3.083738
3.188318
3.090337
3.194718
3.0971
3.20328
3.108835
3.21183
3.117454
3.218603
3.127097
3.228962
3.133653
3.23556
3.140042
3.241963
3.146443
3.252333
3.155057
3.258917
3.164024
3.269562
3.172713
3.278647
3.181327
3.285393
3.190268
3.294066
3.196844
3.303428
3.203248
3.312027
3.212201
3.318615
3.218776
3.330673
3.22738
3.337602
3.233934
3.348522
3.240324
3.355093
3.246899
3.367076
3.256556
3.373645
3.263123
3.382249
3.271723
3.390801
3.281864
3.39969
3.291269
3.411026
3.301437
3.419558
3.310376
3.430091
3.318905
3.440025
3.327507
3.448539
3.339021
3.457332
3.347934
3.469055
3.354534
3.477594
3.363235
3.484159
3.375289
3.492678
3.383904
3.502625
3.396999
3.512959
3.403577
3.524275
3.412399
3.53342
3.421705
3.54342
3.432781
3.551932
3.439332
3.560647
3.445732
3.573459
3.454252
3.58629
3.460829
3.596011
3.471064
3.605823
3.482891
3.614489
3.489514
3.624378
3.498311
3.636289
3.504863
3.644787
3.511248
3.656674
3.518044
3.667317
3.532263
3.677256
3.542854
3.683884
3.554916
3.696135
3.561487
3.705554
3.569981
3.716056
3.580684
3.726128
3.58724
3.734644
3.593663
3.741218
3.600063
3.750134
3.608967
3.758672
3.620796
3.767219
3.627396
3.778402
3.639512
3.788998
3.648035
3.803754
3.656555
3.814074
3.662972
3.820659
3.675176
3.829597
3.68643
3.842534
3.696771
3.85105
3.708294
3.862219
3.720481
3.871071
3.729633
3.885116
3.736194
3.89367
3.744683
3.902199
3.753161
3.908777
3.759774
3.919312
3.771303
3.927817
3.779836
3.93635
3.789901
3.94293
3.798415
3.952402
3.808231
3.96095
3.816781
3.973583
3.826925
3.980335
3.838754
3.991197
3.847257
4.003507
3.855791
4.010082
3.864282
4.019334
3.87279
4.029546
3.884859
4.0408
3.895613
4.049548
3.90416
4.058073
3.913894
4.070733
3.922451
4.082081
3.931916
4.093262
3.941991
4.10524
3.950576
4.114124
3.95909
4.125525
3.968167
4.134167
3.976681
4.145387
3.98519
4.156502
3.997837
4.168793
4.004416
4.177393
4.01296
4.185915
4.024189
4.196813
4.032722
4.209596
4.039322
4.222998
4.052406
4.2363
4.058988
4.245002
4.065406
4.257701
4.073915
4.266479
4.085121
4.280667
4.096568
4.289668
4.103347
4.30244
4.116672
4.315125
4.129039
4.327129
4.141205
4.335677
4.152902
4.346368
4.164102
4.353189
4.172652
4.368188
4.18116
4.380838
4.190251
4.390307
4.20247
4.406515
4.211049
4.415125
4.221786
4.430101
4.238319
4.440868
4.244963
4.458061
4.257415
4.471986
4.264185
4.485471
4.276739
4.498207
4.283345
4.517781
4.296118
4.531585
4.304765
4.543764
4.319207
4.558778
4.333975
4.574135
4.34484
4.589706
4.355641
4.600656
4.366352
4.613925
4.378305
4.628241
4.398622
4.642165
4.413072
4.653201
4.425034
4.6692
4.435534
4.684658
4.449648
4.700737
4.456537
4.713914
4.472543
4.730139
4.486037
4.745924
4.498703
4.761771
4.514036
4.777096
4.525881
4.794903
4.535902
4.808601
4.548477
4.822201
4.563447
4.836736
4.576068
4.851992
4.588226
4.871525
4.610219
4.885891
4.626446
4.904728
4.63997
4.923267
4.65287
4.938133
4.666303
4.95191
4.682065
4.965664
4.696307
4.983489
4.717977
4.998851
4.744507
5.014054
4.761555
5.027464
4.776175
5.04369
4.798298
5.059149
4.814435
5.074526
4.832328
5.088847
4.850209
5.105513
4.867011
5.1193
4.886706
5.134656
4.900341
5.152451
4.912999
5.165116
4.929801
5.181251
4.947634
5.196257
4.963881
5.218827
4.977488
5.238254
4.993818
5.25868
5.015834
5.274715
5.028147
5.28886
5.043751
5.302187
5.059151
5.314843
5.078856
5.328766
5.098258
5.340851
5.113146
5.359651
5.132542
5.374844
5.144694
5.389565
5.158831
5.40225
5.17836
5.417059
5.196299
5.431245
5.209405
5.443747
5.228167
5.454992
5.242723
5.471321
5.260604
5.506649
5.276134
5.525297
5.296428
5.544022
5.314896
5.563777
5.32869
5.584427
5.345289
5.602389
5.362139
5.624607
5.378695
5.646885
5.398344
5.668427
5.425756
5.690487
5.442006
5.712028
5.458472
5.756914
5.498094
5.796386
5.519489
5.810184
5.544326
5.86496
5.565874
5.888715
5.593267
5.905097
5.61647
5.933383
5.637466
5.955562
5.658799
5.975245
5.677288
6.004346
5.705215
6.02411
5.72762
6.059182
5.838151
6.088067
5.861882
6.117412
5.912928
6.137753
5.976156
6.172838
6.079326
6.20875
6.139283
6.240672
6.164124
6.275607
6.189548
6.32148
6.240246
6.358577
6.300921
6.401808
6.357051
6.448328
6.426272
6.498606
6.548134
6.55203
6.609206
6.59876
6.643744
6.648869
6.682254
6.699024
6.71691
6.748998
6.859389
6.798796
6.909578
6.848566
6.959601
6.898807
7.009665
6.949149
7.059739
6.998817
7.109838
7.048938
7.160041
7.098731
7.210536
7.148563
7.26072
7.198275
7.310667
7.24803
7.361128
7.297826
7.411527
7.348027
7.461838
7.397934
7.512329
7.447625
7.562107
7.497757
7.612586
7.548218
7.662254
7.598136
7.712565
7.647756
7.762327
7.697869
7.812059
7.747887
7.861852
7.797525
7.912186
7.847947
7.962655
7.897925
8.012455
7.947937
8.062455
7.997608
8.112706
8.047349
8.162449
8.148013
8.212827
8.19768
8.263238
8.247971
8.313758
8.29833
8.363784
8.348727
8.413516
8.398476
8.463635
8.448173
8.513247
8.498065
8.563244
8.598266
8.613643
8.648116
8.663704
8.698404
8.71415
8.748269
8.764106
8.798604
8.814042
8.848987
8.864439
8.899395
8.914068
8.999399
8.964499
9.049865
9.014892
9.1001
9.064557
9.15049
9.114277
9.200293
9.16437
9.25066
9.21417
9.300886
9.264031
9.351114
9.314335
9.451629
9.364755
9.502057
9.415022
9.552145
9.465396
9.601777
9.515698
9.649455
9.565629
9.699646
9.615553
9.749413
9.665347
9.799295
9.716863
9.849699
9.76596
9.900073
9.816561
9.950448
9.865728
9.99964
9.915719
10.0499
10.01565
10.10031
10.06528
10.15051
10.11546
10.20074
10.1654
10.25084
10.21577
10.3012
10.26547
10.35097
10.31541
10.40094
10.36553
10.45064
10.41566
10.50101
10.4654
10.55128
10.51588
10.6016
10.56606
10.65202
10.61599
10.70243
10.66567
10.75283
10.71607
10.80321
10.76588
10.85362
10.8156
10.90354
10.86547
10.95403
10.91518
11.00374
10.96493
11.05393
11.01518
11.10433
11.0654
11.1546
11.1152
11.20476
11.16567
11.255
11.21587
11.30496
11.26632
11.35532
11.31644
11.40566
11.41719
11.45561
11.46747
11.506
11.51773
11.55605
11.56786
11.60574
11.61832
11.65593
11.66839
11.70633
11.71885
11.75665
11.76923
11.80639
11.81968
11.85618
11.8695
11.9058
11.91955
11.95575
11.96966
12.00606
12.01992
12.05648
12.0701
12.10659
12.11998
12.1565
12.17021
12.20674
12.22029
12.24305
12.25564
12.29293
12.30563
12.3434
12.35594
12.39358
12.40608
12.44368
12.45651
12.49372
12.50668
12.54398
12.55664
12.5938
12.60655
12.64416
12.65636
12.69387
12.70631
12.74397
12.75651
12.79386
12.80691
12.84379
12.85708
12.89404
12.90746
12.94447
12.95709
12.99459
13.00742
13.09451
13.05766
13.14445
13.10824
13.19457
13.1587
13.24439
13.20875
13.29404
13.25817
13.34406
13.30803
13.39443
13.35796
13.44409
13.40788
13.49379
13.45763
13.54424
13.5073
13.5939
13.55715
13.64399
13.607
13.69382
13.65732
13.74358
13.70709
13.79398
13.75672
13.84396
13.80648
13.89438
13.85662
13.94463
13.90649
13.99502
13.95633
14.04531
14.00642
14.09569
14.05619
14.14602
14.10635
14.19618
14.15658
14.2458
14.20619
14.29561
14.25649
14.3454
14.30664
14.3954
14.35693
14.44582
14.40734
14.49627
14.45781
14.54634
14.50814
14.64669
14.55785
14.69695
14.60833
14.74708
14.65872
14.79677
14.70907
14.8465
14.75934
14.89689
14.80966
14.94713
14.85937
14.99761
14.9093
15.04788
14.95945
15.09788
15.00965
15.14757
15.05961
15.19786
15.10925
15.2479
15.15954
15.29762
15.20966
15.34776
15.26011
15.39793
15.3104
15.49856
15.36059
15.54904
15.4103
15.59921
15.46052
15.64933
15.51019
15.69907
15.55998
15.74954
15.60969
15.79992
15.65998
15.85031
15.70964
15.90015
15.75936
15.94985
15.8092
15.99954
15.85936
16.05002
15.90939
16.10031
15.95974
16.15015
16.01003
16.20004
16.06025
16.24993
16.1609
16.30014
16.21109
16.34984
16.26132
16.39988
16.31137
16.44983
16.3615
16.49944
16.41185
16.55321
16.46218
16.59992
16.51258
16.65001
16.56237
16.70014
16.61205
16.7498
16.66197
16.8002
16.7124
16.85004
16.76221
16.89966
16.81264
16.94998
16.86229
16.99971
16.91256
17.0501
16.96261
17.1005
17.01255
17.1507
17.06264
17.2005
17.11297
17.25033
17.16277
17.30017
17.21264
17.35013
17.2627
17.40005
17.31269
17.45043
17.36283
17.50068
17.41281
17.5503
17.46323
17.60041
17.51323
17.65035
17.56301
17.70028
17.61282
17.74364
17.65755
17.7937
17.70779
17.84404
17.75826
17.89368
17.80865
17.94343
17.85829
17.99381
17.90849
18.04424
17.95859
18.09397
18.00879
18.14404
18.05894
18.19415
18.10865
18.2443
18.15844
18.29436
18.20815
18.32103
18.2586
18.3709
18.30834
18.42101
18.35852
18.47123
18.40825
18.52131
18.45839
18.57135
18.50845
18.62143
18.55878
18.6717
18.60915
18.72175
18.65879
18.77202
18.70906
18.82242
18.75955
18.87224
18.80988
18.92187
18.85965
18.9723
18.90954
19.02262
18.9592
19.0727
19.05989
19.12235
19.10966
19.17253
19.15962
19.22243
19.21007
19.27289
19.26021
19.32316
19.31032
19.37326
19.36027
19.42336
19.41047
19.4733
19.46039
19.52319
19.5108
19.57347
19.56057
19.62382
19.61092
19.67408
19.6607
19.72411
19.71033
19.7742
19.7604
19.82461
19.81083
19.87496
19.86065
19.92527
19.91086
19.97571
19.96069
20.02547
20.01064
20.07582
20.06118
20.12574
20.11113
20.17548
20.16086
20.22519
20.21099
20.27538
20.26115
20.32546
20.31125
20.37511
20.36143
20.42481
20.41174
20.47464
20.46188
20.52493
20.51155
20.57507
20.56182
20.62487
20.61189
20.67517
20.66155
20.7253
20.71129
20.77499
20.76096
20.82461
20.81136
20.87467
20.86181
20.92506
20.91158
20.97469
20.96116
21.0251
21.0115
21.0753
21.06114
21.12536
21.1114
21.17543
21.16129
21.22558
21.211
21.27598
21.26149
21.32565
21.31193
21.3758
21.36233
21.4257
21.41201
21.47586
21.4623
21.52599
21.51254
21.57628
21.5627
21.62645
21.6129
21.67672
21.66253
21.72692
21.71223
21.77696
21.76209
21.8269
21.81247
21.87652
21.86281
21.92688
21.91262
21.97644
21.96229
22.02658
22.01208
22.07664
22.06235
22.12695
22.11278
22.17708
22.16269
22.22737
22.21269
22.27752
22.26278
22.32764
22.31311
22.37758
22.36281
22.42765
22.41322
22.47794
22.46342
22.52815
22.51335
22.57831
22.56368
22.62853
22.61388
22.67887
22.66414
22.72851
22.71394
22.77815
22.7642
22.82858
22.81453
22.87884
22.86466
22.92916
22.91514
22.97963
22.96554
23.0301
23.01548
23.07974
23.06513
23.12968
23.11479
23.16647
23.16452
23.21642
23.21261
23.26662
23.2627
23.31643
23.31257
23.36655
23.36264
23.41695
23.41287
23.4671
23.46291
23.51674
23.51258
23.56672
23.56297
23.61665
23.61338
23.66669
23.66332
23.71693
23.70706
23.76503
23.75723
23.81402
23.8074
23.86404
23.85758
23.91152
23.9076
23.96126
23.95744
24.01093
24.00724
24.06055
24.05749
24.11031
24.1073
24.16
24.15725
24.21021
24.20708
24.25908
24.25675
24.30932
24.30671
24.35948
24.35703
24.40968
24.40691
24.46
24.45684
24.51033
24.50677
24.56013
24.55697
24.60984
24.60688
24.65981
24.6571
24.71018
24.70688
24.76007
24.75702
24.81006
24.80702
24.86034
24.85695
24.91012
24.90677
24.96013
24.95684
25.01046
25.0065
25.06014
25.0565
25.11058
25.10664
25.1602
25.15635
25.20994
25.20644
25.26024
25.25675
25.31022
25.30662
25.36038
25.35649
25.41071
25.40624
25.46087
25.45587
25.51051
25.50599
25.56065
25.55629
25.61085
25.60668
25.6612
25.65707
25.71162
25.70689
25.76182
25.7573
25.8115
25.80757
25.86172
25.8574
25.91178
25.90746
25.96178
25.95761
26.0121
26.00749
26.06211
26.05742
26.11182
26.10736
26.16208
26.15743
26.21242
26.20786
26.26251
26.25792
26.31282
26.30814
26.36314
26.35776
26.41322
26.40809
26.46325
26.45774
26.51329
26.5082
26.56362
26.5584
26.6141
26.60825
26.66427
26.65814
26.71461
26.70851
26.76478
26.75892
26.81478
26.80901
26.86497
26.85901
26.91471
26.9094
26.96509
26.95906
27.01555
27.00946
27.06557
27.0595
27.11579
27.1097
27.1661
27.15986
27.21608
27.20983
27.2659
27.26027
27.31563
27.31007
27.36596
27.36
27.41572
27.4101
27.46569
27.46014
27.51587
27.51006
27.56559
27.56037
27.6156
27.61053
27.66562
27.66044
27.71573
27.71026
27.76605
27.76044
27.81571
27.81073
27.86576
27.86099
27.91555
27.91119
27.96522
27.96153
28.0156
28.012
28.06595
28.0623
28.16582
28.11217
28.21599
28.16243
28.26595
28.21278
28.31558
28.26298
28.36531
28.31318
28.41514
28.36329
28.465
28.41302
28.51545
28.46289
28.56515
28.51284
28.61506
28.5629
28.66536
28.61311
28.71553
28.66275
28.76558
28.71277
28.81606
28.76321
28.86584
28.81294
28.9161
28.85709
28.95133
28.90757
29.00121
28.9573
29.05132
29.00708
29.10138
29.0569
29.1516
29.10703
29.20139
29.1573
29.25118
29.20695
29.30157
29.25698
29.35159
29.30724
29.40185
29.3577
29.45177
29.40781
29.50199
29.45796
29.55223
29.50799
29.60206
29.55809
29.65178
29.60802
29.70225
29.70826
29.75222
29.75833
29.80244
29.8082
29.85275
29.85795
29.90243
29.90774
29.95256
29.95776
30.00289
30.00806
30.05278
30.05826
30.10309
30.10801
30.15308
30.15821
30.20304
30.20646
30.25317
30.25629
30.30301
30.30598
30.35327
30.35573
30.40103
30.40589
30.4513
30.45571
30.49731
30.50601
30.53648
30.55588
30.58653
30.60622
30.63695
30.65621
30.68711
30.70668
30.73911
30.75707
30.78813
30.80838
30.83788
30.85714
30.88848
30.90695
30.93788
30.95735
30.98816
31.00715
31.03864
31.05698
31.0891
31.10728
31.1395
31.15698
31.18914
31.20738
31.23963
31.2576
31.2899
31.3074
31.34027
31.3576
31.38994
31.40804
31.43966
31.45837
31.48969
31.50865
31.53988
31.55831
31.59029
31.60844
31.64049
31.65807
31.69067
31.70856
31.74109
31.75818
31.79093
31.80824
31.84112
31.85844
31.89146
31.90882
31.94164
31.95844
31.99175
32.00877
32.04173
32.05904
32.09206
32.10933
32.14187
32.15899
32.1922
32.20871
32.23765
32.25833
32.28742
32.30844
32.33731
32.3557
32.38742
32.40575
32.43768
32.45559
32.48801
32.50551
32.53827
32.55569
32.58811
32.60588
32.63827
32.65628
32.68823
32.70642
32.73845
32.75611
32.78831
32.80627
32.83843
32.85647
32.88871
32.9067
32.93847
32.95721
32.9888
33.00684
33.03885
33.05669
33.08926
33.10684
33.13953
33.15651
33.18973
33.20617
33.23969
33.2566
33.28973
33.30688
33.33965
33.35688
33.38984
33.40727
33.43976
33.45751
33.49014
33.50749
33.54043
33.55721
33.5907
33.60746
33.64086
33.65789
33.69096
33.7038
33.7407
33.75415
33.79065
33.80381
33.84077
33.85394
33.89072
33.90366
33.94092
33.95409
33.99112
34.00396
34.04082
34.05375
34.09084
34.10406
34.14058
34.15628
34.19065
34.20486
34.24068
34.2546
34.29118
34.30496
34.34039
34.35456
34.39069
34.40416
34.4405
34.454
34.49018
34.50418
34.54005
34.55381
34.5903
34.65431
34.64043
34.70411
34.69035
34.75375
34.74009
34.80406
34.79011
34.90468
34.84027
34.9551
34.89038
35.00541
34.94064
35.05554
34.99063
35.10535
35.04095
35.15579
35.09137
35.20615
35.14182
35.25587
35.19195
35.30574
35.2421
35.35547
35.29221
35.40587
35.34203
35.4558
35.39249
35.50584
35.44296
35.55592
35.4933
35.60613
35.54347
35.65646
35.59357
35.7065
35.64366
35.75698
35.69375
35.80664
35.74401
35.85664
35.79422
35.90673
35.84453
35.95706
35.89468
36.00726
35.94436
36.05713
36.04507
36.10698
36.09489
36.15663
36.1446
36.20679
36.19448
36.25658
36.24421
36.30679
36.2944
36.35696
36.34455
36.40692
36.39448
36.45736
36.4444
36.50769
36.49475
36.55779
36.54512
36.60816
36.59495
36.65823
36.64474
36.70828
36.69477
36.75788
36.74445
36.80805
36.79468
36.85838
36.84465
36.90861
36.89457
36.95844
36.94458
37.0083
36.99474
37.05823
37.04514
37.10791
37.09488
37.15762
37.14519
37.20805
37.19487
37.25838
37.24531
37.30841
37.29564
37.35824
37.34573
37.4079
37.39544
37.45756
37.449
37.50861
37.49552
37.5578
37.54531
37.60759
37.59539
37.65737
37.64539
37.7068
37.69547
37.7572
37.74572
37.80764
37.79585
37.85764
37.84549
37.90796
37.89546
37.95783
37.94532
38.00781
37.99576
38.05812
38.04611
38.10862
38.09584
38.15873
38.14566
38.20839
38.19551
38.25872
38.24536
38.30895
38.2957
38.35923
38.34565
38.40905
38.39564
38.45928
38.44542
38.50969
38.49509
38.56008
38.54549
38.61034
38.59584
38.66065
38.64575
38.71101
38.69598
38.76125
38.74635
38.81091
38.79654
38.8606
38.8465
38.91022
38.89674
38.96025
38.94635
39.01059
38.99681
39.06045
39.04663
39.11021
39.09668
39.16028
39.14662
39.21046
39.19627
39.26048
39.24621
39.31074
39.29581
39.36094
39.3457
39.41119
39.39556
39.4612
39.44569
39.51151
39.49596
39.56187
39.54633
39.60125
39.5798
39.63343
39.62957
39.68336
39.67996
39.71707
39.72986
39.76677
39.77963
39.8171
39.82963
39.86697
39.87675
39.91609
39.91999
39.95898
39.97013
40.00497
40.00449
40.06473
40.04356
40.08905
40.07518
40.12862
40.11809
40.16275
40.15142
40.18496
40.19294
40.25811
40.2404
40.29053
40.29065
40.33784
40.34065
40.38786
40.39094
40.43765
40.44065
40.48812
40.49062
40.53817
40.54106
40.58829
40.59087
40.63819
40.64053
40.68841
40.69059
40.73825
40.74048
40.78821
40.79052
40.83782
40.84013
40.88794
40.8901
40.93768
40.9404
40.98817
40.99188
41.03857
41.04047
41.08845
41.09041
41.13809
41.13981
41.18828
41.18947
41.23817
41.23921
41.28828
41.28921
41.33829
41.33892
41.38829
41.38881
41.43791
41.43913
41.48786
41.48877
41.53791
41.53904
41.58821
41.5887
41.63797
41.63849
41.68782
41.68887
41.73816
41.73898
41.7879
41.78916
41.83828
41.8393
41.88824
41.88937
41.93847
41.93952
41.98815
41.9892
42.0383
42.03941
42.08807
42.08945
42.138
42.13963
42.18776
42.18952
42.2376
42.23997
42.28813
42.28976
42.33789
42.33977
42.38829
42.39003
42.43829
42.44015
42.48813
42.4902
42.53853
42.54029
42.58855
42.59056
42.63887
42.64028
42.68893
42.69032
42.73889
42.74021
42.78914
42.79003
42.83945
42.84041
42.88985
42.89055
42.93967
42.94022
42.98994
42.99001
43.04018
43.04017
43.09012
43.09047
43.14007
43.14037
43.18987
43.19075
43.23979
43.24106
43.28988
43.2915
43.33979
43.34163
43.3898
43.39182
43.43978
43.44221
43.48978
43.49247
43.54007
43.54287
43.59051
43.59267
43.64017
43.64295
43.69032
43.69126
43.74076
43.74095
43.791
43.79139
43.84079
43.84182
43.8908
43.89148
43.94094
43.94142
43.99057
43.99153
44.04095
44.0418
44.09084
44.09178
44.14113
44.14147
44.19086
44.19158
44.24071
44.24194
44.29033
44.29161
44.34077
44.3414
44.39084
44.39209
44.44124
44.44189
44.49101
44.49165
44.54097
44.54142
44.59139
44.59125
44.64146
44.64167
44.69177
44.69135
44.74123
44.74128
44.79165
44.79155
44.84167
44.84186
44.8913
44.8922
44.94175
44.9421
44.99168
44.99192
45.04162
45.04164
45.09198
45.09185
45.14162
45.14183
45.19168
45.19203
45.24144
45.24196
45.29165
45.29219
45.34154
45.3423
45.3916
45.39267
45.44181
45.44297
45.4921
45.49314
45.54176
45.54337
45.59187
45.5936
45.64175
45.64392
45.69166
45.69437
45.74183
45.74402
45.79169
45.79445
45.84171
45.84416
45.89173
45.8941
45.9417
45.94447
45.99194
45.99419
46.04205
46.04458
46.09216
46.09475
46.14217
46.14442
46.19262
46.19405
46.24281
46.24371
46.29319
46.29388
46.34346
46.34418
46.39366
46.39429
46.44336
46.44478
46.49309
46.49458
46.54315
46.54501
46.59279
46.59512
46.64251
46.64552
46.69262
46.69595
46.74296
46.74635
46.79332
46.79654
46.84341
46.84628
46.89362
46.89589
46.94346
46.94562
46.99319
46.99554
47.04338
47.04578
47.09345
47.09558
47.14387
47.14534
47.19418
47.19567
47.2438
47.24582
47.29401
47.29567
47.34417
47.34618
47.3942
47.3958
47.444
47.49588
47.49424
47.5457
47.54465
47.59581
47.59478
47.64624
47.64466
47.69637
47.69479
47.7464
47.74478
47.79672
47.79451
47.84732
47.84499
47.89742
47.89547
47.94743
47.94733
47.99762
47.99577
48.04747
48.04569
48.0974
48.09546
48.14783
48.14526
48.19789
48.19566
48.24751
48.24566
48.29753
48.29573
48.34746
48.34546
48.39782
48.39557
48.44755
48.44537
48.49731
48.49511
48.54709
48.54477
48.59682
48.59439
48.64719
48.64443
48.69758
48.69476
48.74774
48.74469
48.79818
48.79491
48.8478
48.84458
48.89801
48.89429
48.94822
48.94397
48.99858
48.99362
49.0489
49.04332
49.09859
49.09378
49.14874
49.14423
49.199
49.19407
49.24934
49.24378
49.29963
49.29349
49.34967
49.34335
49.39934
49.39317
49.44973
49.44357
49.4994
49.49346
49.54927
49.54331
49.59898
49.59378
49.64871
49.64339
49.69844
49.69328
49.74813
49.74368
49.7986
49.79411
49.84824
49.84442
49.89849
49.8947
49.9481
49.94501
49.99846
49.99529
50.04813
50.04554
50.09843
50.09544
50.14876
50.14508
50.1985
50.19542
50.24817
50.24587
50.29858
50.2956
50.34892
50.39507
50.3987
50.4447
50.44835
50.49499
50.49859
50.54521
50.54824
50.59523
50.59811
50.64561
50.64823
50.69539
50.69835
50.74515
50.74871
50.79479
50.79838
50.84461
50.84869
50.89478
50.89875
50.94514
50.94918
50.9954
50.99963
51.04558
51.05015
51.09613
51.10021
51.14648
51.15022
51.19655
51.19938
51.24602
51.24948
51.29575
51.29942
51.34538
51.34921
51.39554
51.39943
51.44518
51.44962
51.49561
51.49963
51.54586
51.54976
51.59612
51.59937
51.64654
51.64964
51.69634
51.70001
51.74599
51.75037
51.79623
51.80068
51.84645
51.85101
51.89644
51.90122
51.94666
51.95129
51.99666
52.00098
52.04704
52.0514
52.09746
52.1017
52.14716
52.152
52.19759
52.20232
52.24733
52.25248
52.29696
52.30228
52.34682
52.35242
52.39657
52.40247
52.44687
52.45292
52.49725
52.50305
52.54742
52.55289
52.59715
52.60247
52.6471
52.65213
52.69732
52.70261
52.7475
52.75298
52.79775
52.80264
52.84772
52.85292
52.89762
52.90254
52.94806
52.95277
52.99823
53.00299
53.04845
53.05267
53.09889
53.10288
53.1489
53.15305
53.19925
53.20337
53.24958
53.25354
53.29942
53.30313
53.3497
53.35344
53.39957
53.40366
53.44997
53.45384
53.49997
53.50377
53.55001
53.55374
53.60015
53.60399
53.65007
53.65416
53.69794
53.70404
53.7476
53.7537
53.798
53.8034
53.84797
53.85307
53.8976
53.90273
53.94783
53.95277
53.99787
54.00239
54.04763
54.05285
54.09809
54.1033
54.14849
54.15336
54.19894
54.20366
54.24861
54.25396
54.29823
54.30439
54.34881
54.35457
54.39859
54.40437
54.44868
54.45424
54.49876
54.50404
54.54863
54.55437
54.5986
54.6045
54.64847
54.65437
54.69833
54.70442
54.74832
54.75448
54.79839
54.80437
54.84811
54.85474
54.89774
54.9049
54.94752
54.95494
54.99761
55.00517
55.04733
55.05551
55.09699
55.10531
55.14662
55.15549
55.19633
55.20562
55.24681
55.25578
55.29652
55.30604
55.34686
55.3562
55.39667
55.40643
55.44704
55.45633
55.49737
55.50622
55.54737
55.55611
55.59741
55.60642
55.6477
55.65607
55.69753
55.70622
55.74773
55.75653
55.79817
55.80682
55.84794
55.85653
55.89791
55.90675
55.94772
55.95701
55.99814
56.007
56.04803
56.057
56.09824
56.1073
56.14859
56.15708
56.19892
56.20746
56.24932
56.25728
56.29924
56.30725
56.34953
56.35753
56.39927
56.40722
56.44967
56.45755
56.49933
56.50728
56.54897
56.55742
56.5993
56.60752
56.64944
56.65787
56.69976
56.70771
56.74957
56.75779
56.79935
56.80767
56.84942
56.85779
56.89984
56.90755
56.94952
56.9578
56.99928
57.00748
57.04923
57.05744
57.09915
57.10744
57.14964
57.1577
57.19965
57.20787
57.24929
57.25801
57.29949
57.30799
57.34915
57.35848
57.39894
57.39857
57.44201
57.44486
57.49188
57.49494
57.54168
57.5446
57.5921
57.59494
57.64251
57.6959
57.69301
57.74584
57.74269
57.79587
57.7932
57.84607
57.84256
57.89654
57.89223
57.94632
57.94254
57.99676
57.99274
58.04704
58.04294
58.09729
58.09296
58.14772
58.14314
58.19751
58.193
58.24735
58.24307
58.29763
58.29314
58.34762
58.34347
58.39733
58.39349
58.43802
58.44386
58.48839
58.49397
58.53845
58.54435
58.58886
58.59483
58.63872
58.64526
58.6891
58.69536
58.73896
58.74569
58.78885
58.79576
58.83872
58.8462
58.88915
58.89653
58.93878
58.94702
58.98843
58.99733
59.03882
59.04725
59.08931
59.09686
59.13956
59.14648
59.18956
59.19674
59.23991
59.24688
59.28998
59.2972
59.34042
59.34725
59.3901
59.39687
59.43991
59.44688
59.49008
59.49667
59.53974
59.547
59.59009
59.5974
59.68964
59.64718
59.73943
59.697
59.78981
59.74678
59.8402
59.7966
59.88997
59.84694
59.94042
59.89685
59.9901
59.94718
60.0403
59.99734
60.0905
60.04734
60.14061
60.09698
60.1911
60.14692
60.24103
60.19691
60.29081
60.247
60.34114
60.29673
60.39123
60.34684
60.44087
60.39647
60.49076
60.44677
60.54107
60.49656
60.59147
60.54633
60.6412
60.59679
60.69153
60.6464
60.74126
60.69646
60.79139
60.74632
60.84126
60.79676
60.89166
60.84639
60.94214
60.89602
60.99182
60.94638
61.04252
60.99665
61.09268
61.04706
61.14286
61.09727
61.19241
61.14727
61.24286
61.19678
61.29305
61.24689
61.34345
61.29724
61.39378
61.34735
61.44387
61.39749
61.49413
61.44776
61.54432
61.49798
61.59454
61.54831
61.64454
61.59861
61.69478
61.64891
61.74487
61.69865
61.7952
61.7483
61.84492
61.79838
61.89512
61.84844
61.94518
61.94871
61.99491
61.99851
62.04477
62.0485
62.095
62.09877
62.14526
62.14863
62.19551
62.19883
62.24533
62.24908
62.29549
62.29921
62.34572
62.34883
62.39615
62.39914
62.44636
62.44888
62.49598
62.49881
62.54589
62.54855
62.59621
62.59895
62.64657
62.64866
62.69626
62.69833
62.74665
62.74816
62.79707
62.79856
62.84677
62.8484
62.89645
62.89869
62.94618
62.94915
62.99659
62.99955
63.04624
63.04959
63.09635
63.09968
63.14635
63.15012
63.19645
63.19978
63.24615
63.24314
63.29609
63.29325
63.34618
63.34368
63.39643
63.39334
63.44606
63.44311
63.49621
63.49287
63.54663
63.54255
63.59631
63.59281
63.6463
63.64325
63.69661
63.69292
63.74684
63.74335
63.79729
63.79381
63.84756
63.84352
63.89729
63.89381
63.94728
63.94347
63.99723
63.99326
64.04697
64.04365
64.09689
64.094
64.14723
64.14445
64.19702
64.1948
64.24739
64.24513
64.29789
64.29543
64.34759
64.34506
64.39787
64.39553
64.44809
64.44573
64.49801
64.4956
64.54768
64.5453
64.59736
64.59495
64.64767
64.64536
64.69731
64.69531
64.74699
64.74579
64.79682
64.79625
64.84646
64.84666
64.89631
64.89632
64.94618
64.94597
64.99618
64.99644
65.04601
65.04677
65.09569
65.09724
65.13002
65.12669
65.17447
65.17171
65.22172
65.21278
65.27199
65.26319
65.32183
65.31236
65.37195
65.36244
65.4159
65.41285
65.46599
65.46325
65.51613
65.5129
65.56629
65.56252
65.61639
65.61237
65.66605
65.66204
65.71567
65.71238
65.76586
65.76269
65.8157
65.81303
65.86057
65.8633
65.91084
65.91361
65.96119
65.96383
66.01085
66.01357
66.05702
66.05226
66.10672
66.10193
66.15385
66.13297
66.2037
66.18289
66.25413
66.2329
66.30431
66.28297
66.35411
66.33317
66.40443
66.38351
66.45444
66.43349
66.50462
66.48344
66.55451
66.53339
66.60464
66.58322
66.65503
66.63353
66.70531
66.68327
66.75536
66.73347
66.80522
66.78355
66.85489
66.83373
66.90518
66.88355
66.95562
66.93362
67.00597
66.98399
67.05598
67.03429
67.10592
67.08449
67.15588
67.13478
67.2057
67.18465
67.25558
67.23462
67.30558
67.28469
67.35548
67.33472
67.40556
67.38482
67.45547
67.4352
67.50536
67.48531
67.55571
67.53533
67.60528
67.58531
67.65537
67.63547
67.7056
67.68513
67.75543
67.73541
67.80556
67.7856
67.85584
67.83573
67.90562
67.8858
67.95721
67.93619
68.00571
67.98648
68.05563
68.03676
68.1053
68.08652
68.15469
68.13681
68.20488
68.18673
68.25521
68.2371
68.30496
68.2864
68.35532
68.33612
68.40505
68.3858
68.45467
68.43559
68.50463
68.48533
68.55462
68.53531
68.60427
68.58499
68.70447
68.6348
68.75407
68.68452
68.80421
68.73451
68.854
68.78438
68.90412
68.83475
68.95441
68.88503
69.00488
68.93531
69.05482
68.98575
69.10504
69.03595
69.15473
69.08611
69.20448
69.13615
69.25458
69.18637
69.30441
69.23659
69.35472
69.28684
69.4044
69.33676
69.45451
69.38705
69.50454
69.43739
69.55434
69.48782
69.60426
69.53765
69.6544
69.58761
69.70432
69.63741
69.7543
69.68728
69.80444
69.73694
69.85457
69.78728
69.90485
69.88728
69.95532
69.93697
70.00523
69.98676
70.05144
70.03661
70.10143
70.08634
70.15129
70.13013
70.20107
70.17834
70.25143
70.22833
70.30123
70.27883
70.35098
70.32912
70.40063
70.37876
70.45029
70.42919
70.5005
70.47936
70.55056
70.52963
70.60028
70.58008
70.65011
70.63049
70.69986
70.68037
70.74976
70.73039
70.80019
70.78015
70.85049
70.83055
70.90031
70.88056
70.95042
70.93066
71.00084
70.98045
71.05082
71.03061
71.10074
71.08041
71.15099
71.13065
71.2007
71.18053
71.25089
71.23065
71.30075
71.28095
71.35117
71.38148
71.40089
71.43168
71.45117
71.48188
71.50124
71.53152
71.55158
71.63158
71.60164
71.68167
71.65137
71.7318
71.70096
71.78146
71.74657
71.83147
71.79664
71.87267
71.84691
71.92277
71.89738
71.97321
71.94709
72.02299
71.99689
72.07265
72.0467
72.12225
72.09704
72.17245
72.147
72.22261
72.19748
72.27237
72.24729
72.32224
72.29743
72.37199
72.34725
72.42178
72.39716
72.47211
72.44743
72.52198
72.49573
72.57192
72.54539
72.62187
72.59548
72.66647
72.64548
72.71684
72.69562
72.76665
72.74573
72.81657
72.79539
72.86677
72.84502
72.91657
72.89532
72.96638
72.94515
73.01606
72.99499
73.06638
73.04534
73.11618
73.095
73.16631
73.14465
73.21677
73.19445
73.26698
73.24434
73.31719
73.29472
73.36736
73.34488
73.41725
73.39532
73.46755
73.4451
73.51723
73.49535
73.56723
73.5455
73.61771
73.59585
73.66744
73.64606
73.71717
73.69581
73.76682
73.74627
73.81673
73.79614
73.86636
73.84579
73.9167
73.896
73.9671
73.94624
74.01678
73.99587
74.06718
74.04564
74.11697
74.09557
74.16669
74.14531
74.21714
74.19524
74.26749
74.24565
74.3176
74.29539
74.3681
74.34526
74.41773
74.39503
74.46761
74.44523
74.51781
74.49567
74.56763
74.54552
74.61772
74.59576
74.66743
74.64583
74.71763
74.69603
74.76797
74.74603
74.81828
74.79613
74.86848
74.84625
74.91843
74.9463
74.96869
74.99591
75.01885
75.04617
75.06859
75.09832
75.119
75.14703
75.16909
75.19678
75.2194
75.24664
75.26975
75.29665
75.32151
75.34649
75.37058
75.3969
75.42094
75.44688
75.47022
75.49734
75.51992
75.54764
75.5702
75.59745
75.61994
75.64713
75.66974
75.69755
75.71965
75.74755
75.76935
75.79793
75.81978
75.84782
75.87014
75.89816
75.92032
75.94854
75.97007
75.99889
76.01986
76.04862
76.0698
76.09834
76.11958
76.14861
76.16985
76.19897
76.21952
76.24883
76.26913
76.29877
76.31886
76.34873
76.36866
76.39857
76.4184
76.44843
76.46806
76.49876
76.51777
76.5492
76.56739
76.5996
76.61732
76.64973
76.66714
76.69969
76.71683
76.74934
76.76727
76.79956
76.81772
76.84954
76.86752
76.89927
76.91751
76.94955
76.96777
76.99932
77.01745
77.04944
77.06726
77.09922
77.11758
77.1494
77.16745
77.19984
77.21785
77.25026
77.26826
77.30045
77.31866
77.35048
77.36888
77.40068
77.41876
77.45113
77.46849
77.50157
77.51818
77.55148
77.56843
77.6012
77.61829
77.65092
77.6683
77.70053
77.71836
77.7504
77.76842
77.80025
77.81842
77.85011
77.86809
77.90046
77.9183
77.95093
77.96801
78.00086
78.01784
78.05072
78.06757
78.10207
78.11763
78.15064
78.16808
78.2011
78.21787
78.25087
78.26814
78.30065
78.31884
78.35111
78.36876
78.40099
78.41856
78.45136
78.46849
78.50129
78.51886
78.54335
78.56879
78.59322
78.61517
78.643
78.6653
78.69338
78.71496
78.74361
78.76479
78.79403
78.81493
78.84377
78.86469
78.8937
78.91456
78.94365
78.96453
78.99355
79.01461
79.04348
79.06198
79.09354
79.11192
79.14392
79.16232
79.19418
79.21262
79.24411
79.26234
79.29424
79.31213
79.34409
79.36198
79.39394
79.4118
79.44375
79.46174
79.49417
79.51212
79.54409
79.56188
79.59448
79.61205
79.64415
79.6618
79.69448
79.71218
79.74417
79.76186
79.79441
79.81211
79.84408
79.862
79.8939
79.91238
79.94403
79.9628
79.99441
80.01257
80.04416
80.06232
80.09389
80.11273
80.14367
80.16258
80.19334
80.21253
80.24327
80.26273
80.29333
80.31281
80.34336
80.36251
80.39317
80.41218
80.44356
80.46258
80.49393
80.51223
80.54442
80.56252
80.59427
80.61293
80.6441
80.6627
80.69387
80.71313
80.74429
80.76327
80.79415
80.81323
80.84389
80.86332
80.89349
80.91357
80.94395
80.9633
80.9938
81.01304
81.04372
81.06329
81.09374
81.11324
81.14371
81.16325
81.19387
81.21316
81.24406
81.26317
81.29408
81.31336
81.34412
81.36395
81.39394
81.41369
81.44387
81.46379
81.49351
81.51332
81.54345
81.56322
81.59331
81.61295
81.64365
81.6627
81.67986
81.6999
81.72977
81.75003
81.77946
81.8001
81.82935
81.84997
81.87918
81.89987
81.92885
81.94975
81.97852
81.99944
82.02818
82.04988
82.07794
82.0995
82.12797
82.14934
82.17783
82.19894
82.22767
82.24893
82.2778
82.29884
82.32809
82.34927
82.37852
82.3991
82.42896
82.44949
82.4787
82.49953
82.52838
82.5499
82.57878
82.60007
82.62918
82.64989
82.67899
82.69956
82.72862
82.74922
82.77883
82.79934
82.82848
82.84973
82.87878
82.89986
82.92845
82.9498
82.97823
82.99949
83.02809
83.04928
83.07771
83.09967
83.12735
83.15012
83.17731
83.19986
83.22698
83.24973
83.27711
83.29992
83.32715
83.35028
83.37737
83.39995
83.42744
83.45026
83.47708
83.49998
83.52685
83.54982
83.57648
83.60016
83.62661
83.65031
83.67632
83.7
83.72678
83.74973
83.77698
83.79945
83.82664
83.84995
83.87708
83.90024
83.92757
83.95058
83.9775
84.00101
84.02782
84.05064
84.0778
84.1003
84.12813
84.15026
84.17849
84.2
84.22823
84.25011
84.27808
84.29984
84.3284
84.34979
84.37877
84.39951
84.42921
84.44993
84.47945
84.5002
84.52927
84.5505
84.5792
84.60084
84.629
84.6511
84.67933
84.7013
84.72943
84.7514
84.77905
84.80158
84.82928
84.85099
84.87895
84.90067
84.92941
84.95063
84.97926
85.00063
85.02978
85.05029
85.07946
85.09998
85.12982
85.14977
85.18005
85.19946
85.23041
85.24977
85.28012
85.29982
85.32985
85.35012
85.3796
85.39986
85.42979
85.44966
85.48005
85.49946
85.53024
85.54939
85.58053
85.5991
85.63074
85.64938
85.68038
85.69906
85.73067
85.74915
85.78035
85.79924
85.83073
85.84924
85.88088
85.89832
85.93101
85.94857
85.97414
85.99829
86.02325
86.04825
86.06313
86.07947
86.10721
86.12957
86.14963
86.16157
86.1808
86.19624
86.22139
86.22874
86.26046
86.25724
86.29493
86.31354
86.32787
86.32896
86.35381
86.3505
86.37287
86.36784
86.3946
86.39178
86.41113
86.41483
86.43019
86.43616
86.44666
86.45515
86.46219
86.47229
86.47865
86.48782
86.49934
86.50275
86.51366
86.52517
86.53268
86.54221
86.54752
86.55583
86.56262
86.57097
86.57735
86.58619
86.58587
86.60066
86.59972
86.61268
86.61285
86.62833
86.62364
86.63975
86.63763
86.65139
86.65036
86.66619
86.66427
86.67374
86.677
86.68603
86.68906
86.69872
86.70209
86.71117
86.71687
86.72459
86.72739
86.7357
86.74129
86.74846
86.75208
86.7607
86.76682
86.77403
86.77855
86.78645
86.79156
86.79903
86.80656
86.81349
86.82132
86.82726
86.83233
86.8419
86.84793
86.85621
86.86106
86.8699
86.87457
86.8841
86.88905
86.89767
86.9009
86.91258
86.91431
86.9224
86.92799
86.9364
86.94032
86.9511
86.95379
86.9641
86.96683
86.97669
86.97853
86.98403
86.99149
86.99954
87.00478
87.01266
87.01237
87.02588
87.02417
87.0378
87.03345
87.05328
87.04886
87.06359
87.06196
87.07701
87.07026
87.08926
87.08121
87.09666
87.09385
87.10626
87.10841
87.11972
87.12132
87.13222
87.13361
87.14458
87.14905
87.15823
87.15987
87.17233
87.17308
87.18463
87.1841
87.20319
87.20435
87.21393
87.21909
87.2287
87.23409
87.24273
87.25188
87.25789
87.26739
87.26959
87.27539
87.28445
87.29131
87.2949
87.30505
87.30869
87.31863
87.32101
87.33064
87.33056
87.3457
87.34492
87.3593
87.35423
87.37003
87.36849
87.38314
87.3818
87.39514
87.39339
87.4059
87.40504
87.41885
87.41468
87.42911
87.42731
87.43826
87.44142
87.44771
87.45519
87.45981
87.46915
87.47308
87.48248
87.4907
87.49409
87.50417
87.50629
87.51646
87.51881
87.52884
87.53201
87.54003
87.54343
87.55299
87.55536
87.56542
87.56556
87.57719
87.57275
87.59276
87.58353
87.60018
87.5976
87.61325
87.60786
87.62472
87.61514
87.63397
87.62436
87.64532
87.63174
87.65852
87.64095
87.66815
87.65355
87.67841
87.66275
87.68867
87.68422
87.70075
87.69444
87.70995
87.70364
87.72165
87.71284
87.73089
87.72456
87.74111
87.73175
87.74972
87.74168
87.76206
87.74905
87.76928
87.75826
87.77644
87.76559
87.78564
87.7728
87.79588
87.78515
87.80755
87.79675
87.81475
87.80698
87.82645
87.81664
87.83949
87.8268
87.84685
87.83595
87.85855
87.84333
87.87034
87.85504
87.88712
87.86813
87.90305
87.8859
87.91357
87.90202
87.92787
87.91877
87.9392
87.93069
87.94661
87.94475
87.96059
87.95862
87.97157
87.96887
87.98478
87.98011
88.01691
87.99334
88.02757
88.00788
88.0439
88.02998
88.057
88.0478
88.06771
88.06033
88.08624
88.07298
88.09801
88.08677
88.11415
88.09745
88.13282
88.12035
88.1496
88.13384
88.1614
88.15317
88.17588
88.16075
88.18751
88.17804
88.20302
88.18688
88.21814
88.20152
88.23074
88.22275
88.24249
88.23497
88.25424
88.25039
88.268
88.26566
88.28178
88.27832
88.29482
88.28833
88.30515
88.3039
88.31909
88.31728
88.32831
88.32475
88.3358
88.33717
88.35003
88.34639
88.36395
88.35915
88.37781
88.37041
88.38811
88.38224
88.39986
88.3997
88.41415
88.41506
88.44556
88.43352
88.45909
88.45113
88.47463
88.46526
88.4879
88.47884
88.5015
88.49212
88.51473
88.50394
88.5302
88.52093
88.54257
88.53603
88.56282
88.55274
88.57442
88.56626
88.59135
88.58405
88.61314
88.60332
88.62579
88.61514
88.64083
88.63183
88.65606
88.64366
88.66832
88.65752
88.6816
88.67203
88.69476
88.68387
88.70401
88.69127
88.71124
88.70516
88.71847
88.71637
88.7257
88.72705
88.73727
88.73879
88.75003
88.7506
88.76183
88.7666
88.77728
88.78359
88.80702
88.80022
88.82743
88.82936
88.84779
88.84707
88.87209
88.86552
88.88735
88.8858
88.90845
88.8971
88.92362
88.91315
88.94475
88.93263
88.96101
88.9452
88.97276
88.9656
88.98847
88.9774
88.99996
88.99222
89.01527
89.00222
89.02556
89.01499
89.03638
89.02835
89.04996
89.039
89.05941
89.04766
89.07468
89.06264
89.08649
89.07391
89.09685
89.08125
89.10416
89.09398
89.11347
89.1066
89.12276
89.11829
89.13316
89.12749
89.14247
89.13465
89.15173
89.14185
89.15896
89.15519
89.16827
89.16233
89.17553
89.16915
89.18272
89.17995
89.19002
89.19165
89.20149
89.19884
89.21075
89.21285
89.21808
89.22208
89.22849
89.23228
89.242
89.2445
89.25131
89.25586
89.26084
89.26569
89.27609
89.27905
89.28666
89.29066
89.29731
89.29807
89.30615
89.31136
89.31569
89.31876
89.32867
89.32803
89.33929
89.33542
89.34862
89.34466
89.3604
89.35397
89.37094
89.36572
89.38123
89.37473
89.39049
89.38757
89.39781
89.39679
89.40868
89.4085
89.41793
89.41573
89.42719
89.42503
89.43754
89.43533
89.44482
89.44455
89.45541
89.45176
89.46286
89.46335
89.47458
89.47445
89.48489
89.48366
89.49667
89.49293
89.50591
89.50012
89.51315
89.50722
89.52244
89.51412
89.53172
89.52664
89.53901
89.53692
89.55132
89.54416
89.55862
89.55444
89.57195
89.5617
89.58121
89.57484
89.59154
89.58883
89.60439
89.60045
89.61363
89.60792
89.62428
89.62083
89.63764
89.62971
89.64491
89.63911
89.65661
89.64959
89.66697
89.65699
89.67869
89.66639
89.68793
89.67581
89.69826
89.68925
89.70861
89.70117
89.72128
89.71063
89.73468
89.72495
89.74628
89.73505
89.75555
89.74923
89.76733
89.75871
89.77772
89.77155
89.79184
89.78201
89.8046
89.79252
89.81385
89.80674
89.82561
89.81954
89.83887
89.83245
89.84867
89.84365
89.85815
89.85549
89.86994
89.86494
89.88351
89.88065
89.89404
89.89141
89.91726
89.9051
89.9265
89.9187
89.93579
89.92632
89.94759
89.93691
89.95926
89.94752
89.96654
89.95952
89.97826
89.96708
89.98548
89.97454
89.9927
89.98385
90.00001
89.99317
