0.007638529
0.007639191
0.02160913
0.02195729
0.03183582
0.03303234
0.0437711
0.04695261
0.0523168
0.05455457
0.06424975
0.06714404
0.07530592
0.08247259
0.08315134
0.09668468
0.09621564
0.1089594
0.1083154
0.12123
0.1217465
0.1313047
0.1329043
0.1460087
0.1448063
0.1574669
0.1564328
0.1687913
0.168168
0.1837328
0.1814866
0.1928993
0.1901344
0.2051616
0.2021507
0.2203028
0.2143608
0.2313544
0.2277481
0.2448628
0.2391705
0.2535022
0.2498079
0.2662935
0.2673574
0.2729662
0.27658
0.2814973
0.2909632
0.2935571
0.3043544
0.3047675
0.3157791
0.3142171
0.322477
0.3231336
0.3356371
0.3336877
0.3476367
0.3445353
0.3604324
0.3548328
0.3708031
0.3638328
0.3812439
0.3750201
0.3878356
0.3866993
0.394263
0.4004339
0.4032646
0.4101669
0.4164247
0.4193667
0.4250433
0.4301666
0.4364369
0.4387892
0.4449637
0.4510202
0.4535698
0.4642659
0.465976
0.4746072
0.474963
0.4835943
0.4856338
0.4960737
0.4967042
0.5100166
0.5080871
0.5167897
0.5223744
0.5270311
0.5309449
0.5383641
0.5430776
0.5526847
0.5496821
0.5612302
0.5608421
0.5698012
0.5720358
0.5821525
0.5847661
0.5951627
0.5915751
0.6086622
0.6046414
0.6243536
0.6168118
0.6362161
0.629436
0.6471491
0.6435256
0.6595507
0.6537316
0.6710274
0.6675067
0.6830274
0.6769063
0.6956126
0.6865457
0.7056578
0.6983266
0.7164952
0.7081059
0.7299617
0.7199714
0.7418175
0.7266301
0.7551154
0.7398734
0.7704939
0.7557608
0.7824748
0.7692731
0.7960166
0.7836807
0.8086662
0.7956284
0.817626
0.8062782
0.8265386
0.8170029
0.83733
0.8292965
0.8505961
0.8379295
0.8627585
0.8503457
0.8742916
0.8603708
0.8861286
0.8708061
0.8962161
0.8856365
0.9078162
0.9000968
0.9209384
0.9103029
0.9348797
0.9189295
0.9435478
0.9278775
0.9501772
0.936502
0.9611562
0.9489601
0.9700226
0.9629452
0.9804221
0.977068
0.9874534
0.9880008
1.002526
0.9966339
1.016326
1.008292
1.024957
1.022829
1.038412
1.032254
1.049377
1.045089
1.05969
1.057895
1.068712
1.071895
1.080282
1.082824
1.086889
1.096025
1.095555
1.107698
1.107711
1.119498
1.11944
1.131616
1.128021
1.145673
1.138948
1.155782
1.147983
1.168488
1.159657
1.177138
1.171276
1.189754
1.184838
1.201867
1.196527
1.213989
1.203086
1.220764
1.20954
1.232564
1.221065
1.241964
1.233243
1.253599
1.240193
1.263155
1.250943
1.275054
1.259532
1.281629
1.26618
1.288029
1.279136
1.296879
1.28965
1.309916
1.299735
1.323828
1.306325
1.330461
1.316193
1.339001
1.322749
1.345588
1.329389
1.355428
1.339149
1.364158
1.35147
1.370748
1.362144
1.38096
1.368717
1.387531
1.377284
1.394139
1.387796
1.404673
1.39679
1.413618
1.406016
1.422159
1.414612
1.428759
1.42381
1.43739
1.433395
1.443959
1.439982
1.452556
1.449616
1.459129
1.4608
1.465742
1.469415
1.474606
1.477996
1.484227
1.484581
1.496281
1.495081
1.504867
1.505099
1.511464
1.511677
1.519186
1.520239
1.527755
1.52988
1.534352
1.536465
1.540951
1.542874
1.550877
1.551436
1.557458
1.560005
1.566345
1.568612
1.573091
1.575177
1.583314
1.581581
1.59188
1.590312
1.602155
1.599041
1.608734
1.612042
1.617286
1.618612
1.627481
1.628573
1.634265
1.635134
1.642886
1.641546
1.653464
1.653327
1.662089
1.661946
1.668662
1.670441
1.675085
1.678998
1.684937
1.687631
1.695799
1.696478
1.705555
1.710503
1.717413
1.719113
1.726861
1.727944
1.73875
1.734578
1.747353
1.743518
1.753933
1.750077
1.762526
1.758648
1.769086
1.767258
1.775482
1.773831
1.781887
1.782501
1.790859
1.789061
1.797471
1.795476
1.80605
1.801876
1.812617
1.808275
1.821377
1.814676
1.83001
1.823252
1.838599
1.831933
1.847505
1.838506
1.854254
1.847052
1.862809
1.853795
1.86939
1.862384
1.878382
1.868941
1.88699
1.875526
1.893584
1.884124
1.904071
1.892899
1.912639
1.902259
1.919219
1.910907
1.92819
1.917669
1.936918
1.928537
1.943482
1.935127
1.950081
1.941539
1.961907
1.952464
1.970474
1.959039
1.980392
1.967624
1.987146
1.976186
1.995773
1.988474
2.002512
1.995434
2.008927
2.003983
2.02055
2.010575
2.03066
2.023579
2.044857
2.032177
2.054186
2.040783
2.060932
2.047493
2.069467
2.059788
2.078038
2.066405
2.084613
2.078294
2.093279
2.08486
2.103214
2.09144
2.114545
2.100071
2.123459
2.108937
2.130061
2.119916
2.136615
2.12987
2.143045
2.138443
2.152056
2.14753
2.158615
2.157568
2.167215
2.167557
2.17594
2.176173
2.184856
2.187433
2.191442
2.194181
2.20311
2.204135
2.211653
2.21536
2.218213
2.222058
2.224613
2.230649
2.233582
2.239239
2.243842
2.247972
2.252413
2.257786
2.261107
2.269869
2.269677
2.278454
2.278843
2.287335
2.285606
2.296002
2.295099
2.304801
2.303679
2.317105
2.312305
2.323851
2.320915
2.332468
2.331336
2.34364
2.338077
2.350375
2.347496
2.356955
2.356117
2.365923
2.36581
2.374502
2.374449
2.381062
2.383447
2.387449
2.39001
2.393856
2.398655
2.404439
2.405209
2.415266
2.413809
2.421849
2.42244
2.430532
2.432344
2.439117
2.443798
2.447731
2.452635
2.454295
2.462302
2.460698
2.47261
2.469303
2.47937
2.475862
2.489197
2.482253
2.497876
2.488645
2.504609
2.495443
2.513188
2.506368
2.521796
2.514898
2.530408
2.521463
2.536976
2.530375
2.54337
2.538996
2.549928
2.547615
2.55633
2.558848
2.565072
2.567493
2.573634
2.579649
2.580207
2.586218
2.590324
2.594824
2.598982
2.603453
2.607663
2.61473
2.618242
2.6233
2.626835
2.62991
2.633444
2.6389
2.642039
2.645462
2.652727
2.651849
2.663855
2.658239
2.674517
2.664662
2.68639
2.671099
2.695071
2.683447
2.70584
2.694995
2.717383
2.70359
2.727993
2.710315
2.734589
2.716721
2.740978
2.726025
2.74738
2.734641
2.756172
2.741391
2.765836
2.753587
2.772394
2.76326
2.778796
2.771893
2.785196
2.781914
2.793766
2.790496
2.800384
2.797284
2.811921
2.80919
2.820514
2.815923
2.827264
2.824493
2.837488
2.833124
2.846159
2.845149
2.856517
2.851905
2.863124
2.858476
2.871669
2.867383
2.880304
2.877896
2.889002
2.884657
2.897595
2.893569
2.904495
2.900175
2.910895
2.908751
2.919443
2.915306
2.926001
2.921687
2.932441
2.928416
2.941105
2.934851
2.948038
2.943491
2.960256
2.954591
2.966854
2.961157
2.973431
2.967752
2.98222
2.974323
2.988783
2.982952
2.995399
2.989523
3.005166
2.999456
3.011895
3.006042
3.018637
3.015147
3.027169
3.021883
3.033761
3.030518
3.040326
3.037105
3.048819
3.045655
3.05745
3.052215
3.066087
3.058788
3.072799
3.067454
3.079389
3.076054
3.08797
3.082631
3.094526
3.089187
3.10113
3.09781
3.109665
3.104543
3.118382
3.111099
3.131332
3.117501
3.139902
3.126099
3.146456
3.13517
3.152858
3.143738
3.161433
3.150296
3.168198
3.156699
3.176923
3.165346
3.187974
3.177252
3.19473
3.188674
3.206649
3.196297
3.21324
3.204853
3.225729
3.211587
3.237021
3.22034
3.247393
3.228911
3.254129
3.237453
3.262729
3.247483
3.271328
3.254052
3.277901
3.264412
3.284286
3.274852
3.290697
3.283424
3.301507
3.289983
3.311646
3.296384
3.318377
3.302803
3.32511
3.311317
3.331898
3.317886
3.340433
3.324273
3.346993
3.330744
3.353554
3.341892
3.359928
3.348642
3.366361
3.359289
3.372763
3.367841
3.381382
3.376849
3.390594
3.385716
3.399155
3.397499
3.407706
3.404048
3.418163
3.410442
3.426719
3.41684
3.438112
3.425423
3.447193
3.434314
3.455792
3.440877
3.462393
3.449404
3.470903
3.457914
3.479555
3.464514
3.488086
3.473037
3.499444
3.481936
3.507992
3.490447
3.514567
3.499963
3.52316
3.509732
3.533416
3.516307
3.541951
3.526485
3.55328
3.536781
3.559888
3.543341
3.573302
3.549714
3.579882
3.556133
3.589562
3.565541
3.596154
3.577228
3.602558
3.588047
3.61351
3.600032
3.624216
3.610177
3.632874
3.61675
3.641856
3.627608
3.65404
3.638433
3.662654
3.646978
3.669257
3.657078
3.680706
3.663705
3.687456
3.675778
3.693875
3.684244
3.702779
3.692757
3.715547
3.704177
3.722118
3.710777
3.730751
3.72231
3.742159
3.733743
3.750705
3.742303
3.759638
3.754776
3.768421
3.761544
3.776987
3.771359
3.785491
3.781627
3.795435
3.790142
3.80396
3.798698
3.812443
3.811679
3.821453
3.82021
3.832986
3.828083
3.84518
3.836996
3.856107
3.843564
3.864952
3.852092
3.873717
3.860573
3.887473
3.867175
3.89808
3.875757
3.906718
3.887594
3.91783
3.894171
3.928205
3.90306
3.936817
3.913308
3.948231
3.922799
3.96005
3.929405
3.968606
3.937903
3.975583
3.949876
3.990026
3.960173
3.996645
3.966773
4.008578
3.975296
4.017145
3.986685
4.0258
3.99761
4.032562
4.006272
4.039317
4.016438
4.048316
4.026572
4.056802
4.03848
4.065316
4.04735
4.075623
4.055904
4.084151
4.067863
4.096782
4.078677
4.107888
4.091085
4.116511
4.10282
4.126311
4.113739
4.137335
4.123476
4.149675
4.132059
4.162437
4.141196
4.172826
4.153262
4.18177
4.159824
4.190247
4.166275
4.19878
4.174738
4.208278
4.181333
4.221956
4.192995
4.230866
4.205416
4.239539
4.216463
4.252731
4.226599
4.263839
4.240102
4.277905
4.254901
4.290332
4.267768
4.304379
4.282276
4.31729
4.293568
4.327864
4.303094
4.337541
4.316061
4.34941
4.328931
4.359503
4.344318
4.368705
4.356951
4.37735
4.369899
4.390873
4.383353
4.403498
4.398555
4.416195
4.407765
4.428443
4.418483
4.439757
4.43455
4.454601
4.445566
4.468003
4.456499
4.481281
4.471565
4.494946
4.485423
4.50855
4.500498
4.521333
4.511398
4.531837
4.525927
4.547326
4.532764
4.560373
4.54722
4.573894
4.560215
4.586694
4.571265
4.597791
4.584821
4.610868
4.596791
4.621495
4.611029
4.630134
4.623472
4.643795
4.634661
4.658694
4.647144
4.670481
4.6614
4.685962
4.683481
4.699968
4.695914
4.713505
4.711524
4.727426
4.726683
4.741838
4.740549
4.756723
4.753144
4.771683
4.765217
4.785816
4.780089
4.798828
4.793547
4.814465
4.812212
4.828796
4.826142
4.841561
4.842681
4.857127
4.858912
4.869424
4.87746
4.88513
4.895418
4.893276
4.913943
4.907924
4.928757
4.920599
4.942252
4.935052
4.958356
4.949358
4.973283
4.967266
4.988666
4.982822
5.006555
4.997211
5.024323
5.011682
5.039475
5.026625
5.053954
5.039293
5.068597
5.054651
5.08734
5.073426
5.101717
5.09113
5.119675
5.100605
5.1338
5.127983
5.148937
5.143291
5.166087
5.159528
5.184474
5.175755
5.198971
5.193671
5.219352
5.212425
5.235518
5.224077
5.254185
5.241516
5.272149
5.26027
5.289986
5.278088
5.305319
5.294023
5.31981
5.315358
5.345343
5.334082
5.360776
5.346926
5.37658
5.358421
5.396283
5.384068
5.410929
5.402866
5.426785
5.417182
5.447076
5.434093
5.471913
5.44874
5.496525
5.47009
5.513385
5.485537
5.540791
5.51222
5.560258
5.537203
5.585854
5.568825
5.609879
5.590916
5.634645
5.61749
5.653475
5.648075
5.684793
5.663199
5.698541
5.688956
5.753579
5.715661
5.79706
5.743946
5.819972
5.776814
5.843175
5.811125
5.873807
5.83661
5.898603
5.861553
5.923425
5.887132
5.949872
5.914686
5.97277
5.937219
5.99599
5.969459
6.021689
5.986721
6.051006
6.017479
6.083539
6.040533
6.117918
6.067128
6.155358
6.101548
6.180238
6.133478
6.206913
6.169411
6.244713
6.197929
6.285931
6.229705
6.330593
6.271594
6.370332
6.316278
6.417706
6.366042
6.464167
6.415792
6.484977
6.466208
6.538464
6.512255
6.578196
6.562452
6.628184
6.607512
6.678062
6.656939
6.768527
6.707188
6.818698
6.757447
6.86717
6.807871
6.917302
6.857936
6.967678
6.908319
7.017316
6.958601
7.067586
7.008461
7.117721
7.058228
7.168027
7.108418
7.218112
7.158711
7.268513
7.208768
7.318876
7.258991
7.369227
7.308909
7.418892
7.359037
7.469308
7.409151
7.518971
7.458793
7.56867
7.509238
7.61854
7.559635
7.668956
7.610123
7.719244
7.659922
7.768939
7.709579
7.819365
7.759249
7.869678
7.808893
7.919479
7.859109
7.969234
7.95969
8.019706
8.00937
8.069941
8.05934
8.120208
8.109622
8.169835
8.209446
8.219503
8.259733
8.269281
8.309834
8.319133
8.359645
8.369087
8.409811
8.419032
8.459966
8.469343
8.509631
8.519228
8.559934
8.568922
8.609637
8.618677
8.660006
8.668594
8.709766
8.718525
8.76019
8.76816
8.809801
8.868801
8.860019
8.91849
8.909862
8.968801
8.959761
9.019114
9.009501
9.068821
9.059894
9.119153
9.109678
9.169106
9.159798
9.21908
9.210156
9.31992
9.26021
9.3702
9.310296
9.420544
9.360491
9.470376
9.410723
9.520281
9.460872
9.570516
9.510592
9.620193
9.560417
9.669901
9.61035
9.719608
9.660717
9.769944
9.710319
9.819943
9.760944
9.870007
9.810247
9.919368
9.860455
9.969099
9.910132
10.01931
9.960129
10.06894
10.01032
10.11904
10.06008
10.16889
10.10971
10.2185
10.15988
10.2685
10.2099
10.36926
10.26031
10.4192
10.30993
10.469
10.35995
10.51898
10.41018
10.56933
10.46034
10.61913
10.51001
10.6689
10.56026
10.7189
10.60987
10.76864
10.66031
10.81843
10.70998
10.86806
10.75972
10.91792
10.80933
10.96829
10.8594
11.01818
10.90951
11.0679
10.95992
11.11823
11.01018
11.16796
11.05999
11.2183
11.1099
11.26856
11.16012
11.31837
11.26005
11.36854
11.31016
11.41831
11.36032
11.46857
11.41063
11.51842
11.51063
11.56868
11.56103
11.61857
11.61069
11.66843
11.66045
11.71824
11.71009
11.76791
11.76045
11.81801
11.81012
11.86804
11.86057
11.91828
11.91024
11.96871
12.01067
12.0188
12.04883
12.06846
12.09904
12.11367
12.14951
12.16342
12.24994
12.21354
12.29998
12.26334
12.3499
12.313
12.39962
12.36297
12.44931
12.41274
12.49918
12.46243
12.54916
12.51282
12.64957
12.56323
12.69928
12.61363
12.74917
12.6637
12.79914
12.71332
12.84939
12.76301
12.89904
12.81336
12.94982
12.86369
12.99977
12.91412
13.05023
12.96448
13.10023
13.01502
13.14988
13.06551
13.20036
13.1156
13.25076
13.1656
13.30119
13.21584
13.35087
13.26569
13.40073
13.31613
13.45039
13.366
13.50035
13.41646
13.55071
13.46612
13.60046
13.5161
13.65081
13.56638
13.70065
13.61615
13.75072
13.66654
13.80108
13.71691
13.85152
13.76713
13.90189
13.86705
13.95212
13.91741
14.00208
13.96719
14.05178
14.01739
14.102
14.06774
14.1524
14.1177
14.20287
14.21771
14.253
14.26799
14.30286
14.31836
14.35326
14.36859
14.40347
14.46863
14.45354
14.51859
14.50391
14.56838
14.55426
14.6188
14.60441
14.66893
14.65433
14.71931
14.70459
14.76962
14.75463
14.81968
14.80489
14.86962
14.85518
14.92004
14.90563
14.97023
14.95565
15.02051
15.00539
15.07076
15.05503
15.12111
15.10539
15.17085
15.15551
15.22055
15.20588
15.27068
15.25587
15.32031
15.30629
15.37058
15.35595
15.42103
15.40571
15.46663
15.45604
15.5167
15.50617
15.56636
15.55655
15.61615
15.60691
15.66588
15.65731
15.71551
15.7071
15.76595
15.75677
15.81611
15.80721
15.86617
15.85698
15.91586
15.90742
15.96608
15.95723
16.01637
16.00692
16.06616
16.05705
16.11642
16.1075
16.16677
16.15937
16.21695
16.20791
16.2667
16.25836
16.317
16.30831
16.36839
16.35775
16.41767
16.40782
16.46757
16.45817
16.51783
16.50841
16.56773
16.55881
16.61743
16.60923
16.66743
16.65969
16.71786
16.7101
16.76813
16.75988
16.8178
16.80964
16.8682
16.85957
16.91856
16.9099
16.96848
16.95987
17.01895
17.01007
17.06899
17.06032
17.11935
17.1103
17.16973
17.16036
17.2198
17.21061
17.26946
17.26109
17.31955
17.31153
17.37
17.36136
17.41458
17.41099
17.46464
17.46099
17.5068
17.51128
17.55647
17.56158
17.65674
17.61127
17.70705
17.66152
17.75677
17.71162
17.80707
17.76149
17.85717
17.81158
17.9073
17.86125
17.95753
17.91125
18.00741
17.96153
18.05711
18.01192
18.10707
18.0622
18.20754
18.11185
18.25773
18.16188
18.30753
18.21165
18.35769
18.26161
18.39333
18.31177
18.4437
18.36211
18.494
18.41213
18.54431
18.4621
18.5941
18.51245
18.64423
18.56273
18.69459
18.61304
18.74426
18.66331
18.79412
18.71325
18.84391
18.76298
18.89425
18.81325
18.94464
18.86299
18.99469
18.91311
19.04515
18.96347
19.09497
19.01331
19.14511
19.06354
19.19499
19.11393
19.24541
19.16399
19.29584
19.21433
19.34589
19.26471
19.39631
19.31512
19.44596
19.36512
19.49625
19.4151
19.54634
19.46526
19.59669
19.51519
19.64651
19.61711
19.69696
19.66612
19.74678
19.71582
19.79718
19.76581
19.8471
19.8153
19.89724
19.91477
19.94707
19.96477
19.99647
20.01488
20.04603
20.06462
20.09586
20.11474
20.146
20.16501
20.19637
20.21535
20.24643
20.26564
20.29646
20.3159
20.34687
20.36601
20.39695
20.41643
20.44662
20.46649
20.49634
20.5164
20.546
20.56651
20.5961
20.61635
20.64594
20.66646
20.69617
20.71687
20.74655
20.76663
20.79695
20.81683
20.84733
20.86707
20.89772
20.91673
20.94807
20.96661
20.99854
21.01628
21.04828
21.0659
21.09836
21.11557
21.14807
21.1659
21.19776
21.2163
21.24773
21.2663
21.29748
21.31675
21.34755
21.36653
21.39778
21.41675
21.44774
21.4669
21.49799
21.51701
21.54801
21.56674
21.59765
21.61699
21.64772
21.66729
21.69745
21.71768
21.74786
21.76799
21.79808
21.81783
21.8484
21.86779
21.89814
21.91821
21.94854
21.96799
21.99898
22.01828
22.04893
22.06867
22.09908
22.11902
22.1495
22.16879
22.19985
22.21852
22.25026
22.26821
22.30053
22.31841
22.35023
22.36879
22.45105
22.41906
22.501
22.46945
22.55087
22.51941
22.60122
22.5692
22.65139
22.61934
22.70131
22.66952
22.8014
22.71913
22.85129
22.7689
22.90116
22.81933
22.93898
22.86954
23.03806
22.91951
23.08785
22.96919
23.13772
23.0196
23.18792
23.06971
23.23801
23.11994
23.28796
23.1702
23.33804
23.21991
23.38777
23.27017
23.43895
23.32059
23.48863
23.37106
23.53869
23.42111
23.589
23.47099
23.63872
23.52129
23.68851
23.57091
23.73871
23.62106
23.78903
23.67091
23.83945
23.72115
23.88961
23.77155
23.94004
23.8217
23.99008
23.86582
24.04053
23.91558
24.09028
23.96598
24.13996
24.01641
24.19001
24.1167
24.24042
24.16702
24.29017
24.21677
24.33994
24.26721
24.38987
24.31721
24.44022
24.36749
24.49036
24.41735
24.54021
24.46751
24.59054
24.5173
24.64023
24.61741
24.69007
24.66755
24.74043
24.71774
24.79063
24.76802
24.8407
24.81828
24.8904
24.86797
24.94007
24.91822
24.98972
24.96867
25.03945
25.01862
25.08994
25.06895
25.14034
25.11929
25.19045
25.16914
25.24082
25.21897
25.2908
25.26917
25.34091
25.31962
25.3912
25.37001
25.44147
25.41968
25.49187
25.4698
25.54206
25.51987
25.64255
25.57007
25.69294
25.62016
25.74292
25.66994
25.79253
25.71959
25.84287
25.76981
25.89254
25.82026
25.94265
25.86992
25.99232
25.91995
26.04253
25.97025
26.09261
26.02032
26.14297
26.07006
26.19281
26.12018
26.24273
26.17055
26.2931
26.22042
26.34281
26.27008
26.39307
26.32042
26.44318
26.37085
26.49319
26.42101
26.54292
26.47085
26.59283
26.52047
26.64272
26.57081
26.6927
26.6205
26.74258
26.67021
26.79291
26.71999
26.84298
26.7701
26.89264
26.82046
26.943
26.87018
26.99329
26.92011
27.04311
26.97039
27.09292
27.0207
27.14305
27.07106
27.19278
27.12151
27.24259
27.17153
27.29302
27.22177
27.34338
27.272
27.39332
27.32186
27.44378
27.37199
27.49363
27.42219
27.54378
27.47222
27.59392
27.52244
27.64371
27.57263
27.69395
27.62253
27.74362
27.67255
27.79411
27.72239
27.84381
27.77276
27.89355
27.82249
27.94388
27.87235
27.9942
27.92255
28.04394
27.97271
28.09402
28.02286
28.14396
28.07302
28.19361
28.12264
28.24383
28.17255
28.2937
28.22275
28.34373
28.27248
28.39357
28.32289
28.44334
28.37331
28.49315
28.42375
28.53935
28.47344
28.58939
28.50728
28.63035
28.55721
28.68066
28.60738
28.72353
28.65724
28.7734
28.70705
28.82356
28.75733
28.8738
28.80718
28.92402
28.85703
28.97408
28.90667
29.02413
28.95708
29.07434
29.0073
29.12403
29.05774
29.17427
29.10807
29.22439
29.15773
29.27423
29.20813
29.32405
29.25853
29.37401
29.30815
29.42411
29.35843
29.47456
29.40801
29.52471
29.45842
29.57481
29.50889
29.6249
29.55903
29.67507
29.60899
29.72507
29.65922
29.77491
29.70932
29.82484
29.74466
29.87464
29.79443
29.92477
29.84472
29.97511
29.89445
30.02519
29.94489
30.0753
29.98692
30.12548
30.03942
30.17551
30.08746
30.22464
30.13732
30.27472
30.18673
30.32473
30.23702
30.37444
30.28706
30.42465
30.33675
30.47592
30.38705
30.52465
30.43751
30.57514
30.48775
30.62487
30.53804
30.67454
30.58768
30.72436
30.63775
30.7746
30.68788
30.82493
30.73807
30.87459
30.78801
30.9243
30.83814
30.97457
30.88814
31.02486
30.93833
31.07463
30.98867
31.12431
31.03824
31.17449
31.08821
31.22495
31.13793
31.27538
31.18767
31.32582
31.23745
31.37633
31.2878
31.42672
31.33751
31.47708
31.3877
31.52723
31.43733
31.57716
31.48713
31.62759
31.53697
31.67754
31.58713
31.72731
31.63708
31.77749
31.68672
31.82764
31.73642
31.87737
31.78684
31.92776
31.87643
31.97749
31.90555
32.02789
31.95526
32.07402
32.00544
32.12363
32.05525
32.17335
32.1049
32.22358
32.15464
32.27335
32.20496
32.32371
32.25502
32.37397
32.30517
32.42384
32.35528
32.47416
32.40497
32.52444
32.45523
32.57437
32.50495
32.62397
32.55528
32.674
32.60565
32.72369
32.6559
32.77409
32.70597
32.82396
32.75595
32.87394
32.8555
32.9236
32.90519
32.97355
32.95524
33.02319
33.00567
33.07281
33.05553
33.12319
33.10544
33.17368
33.15529
33.2234
33.20504
33.27307
33.25514
33.32321
33.30489
33.37319
33.35474
33.42341
33.40453
33.47322
33.45461
33.52354
33.50494
33.57335
33.55458
33.62309
33.6041
33.72345
33.65417
33.7732
33.70413
33.82315
33.75413
33.8735
33.8042
33.92344
33.85455
33.97295
33.90486
34.02335
33.95479
34.07351
34.0044
34.12357
34.05452
34.17346
34.10468
34.22356
34.15502
34.27383
34.2054
34.32379
34.25525
34.37407
34.30541
34.42439
34.35579
34.47461
34.40542
34.52436
34.45568
34.5746
34.50539
34.62471
34.55559
34.67498
34.60594
34.72546
34.6559
34.77525
34.70621
34.82492
34.75608
34.87492
34.80634
34.925
34.85659
34.9753
34.90631
35.02533
34.95668
35.07573
35.00686
35.12596
35.05714
35.17629
35.1068
35.2265
35.15719
35.27636
35.20706
35.32605
35.2568
35.37596
35.30703
35.42591
35.35666
35.47598
35.40692
35.52605
35.45727
35.57635
35.50766
35.62676
35.55753
35.67721
35.65815
35.72689
35.70799
35.7767
35.75764
35.82636
35.80806
35.8763
35.85839
35.92612
35.90884
35.97578
35.9587
36.02558
36.00898
36.07549
36.05919
36.12563
36.10918
36.17577
36.15936
36.22597
36.20972
36.27583
36.26001
36.32578
36.31025
36.37564
36.36063
36.42555
36.41098
36.47589
36.46065
36.52599
36.51112
36.57601
36.56144
36.62617
36.61187
36.6763
36.66162
36.72603
36.76242
36.77642
36.81238
36.82656
36.86223
36.87668
36.91261
36.92656
36.96304
36.97682
37.01328
37.02714
37.06322
37.07862
37.1133
37.12743
37.16309
37.17794
37.21337
37.22787
37.26348
37.27768
37.31389
37.32795
37.36399
37.3782
37.41436
37.42802
37.46457
37.47783
37.51441
37.5276
37.56483
37.57742
37.6148
37.62741
37.66489
37.67732
37.71522
37.72758
37.76543
37.77779
37.81512
37.8282
37.86548
37.87827
37.91592
37.92807
37.96629
37.97852
38.01608
38.02853
38.06635
38.07867
38.11647
38.1284
38.16648
38.17878
38.21628
38.22888
38.26675
38.27868
38.31721
38.37832
38.36728
38.42797
38.41769
38.47763
38.46751
38.52732
38.51747
38.57729
38.56793
38.62691
38.61754
38.67667
38.66746
38.72651
38.71712
38.77687
38.76721
38.82671
38.81721
38.87691
38.86728
38.92664
38.91733
38.97653
38.96711
39.02672
39.01716
39.07639
39.06708
39.12673
39.11744
39.1766
39.16299
39.22322
39.20657
39.27363
39.25639
39.34992
39.30637
39.39966
39.3561
39.44978
39.40599
39.50017
39.45638
39.55057
39.50602
39.58765
39.55364
39.63268
39.59953
39.68252
39.63289
39.71477
39.67969
39.75241
39.70691
39.78417
39.75216
39.83097
39.78724
39.86536
39.83691
39.9157
39.88382
39.96536
39.93398
40.01521
39.98416
40.06522
40.03413
40.11531
40.08459
40.16557
40.13464
40.21598
40.18499
40.26611
40.23541
40.31598
40.28548
40.36631
40.33542
40.41622
40.38511
40.46623
40.43509
40.5165
40.48481
40.56687
40.53531
40.61657
40.58558
40.66674
40.63525
40.71814
40.68512
40.76703
40.73503
40.81681
40.78482
40.8662
40.83464
40.91587
40.88436
40.96572
40.93416
41.01563
40.9845
41.0653
41.03498
41.11501
41.0849
41.16488
41.13476
41.21473
41.23441
41.26496
41.28408
41.31466
41.33435
41.36499
41.38442
41.41518
41.43454
41.46558
41.4842
41.51579
41.5346
41.56618
41.58422
41.61628
41.63469
41.66673
41.68489
41.71699
41.73529
41.76679
41.7854
41.81679
41.83545
41.86704
41.88586
41.91746
41.93631
41.96724
41.98605
42.01695
42.03589
42.06694
42.08572
42.11713
42.13599
42.16759
42.18585
42.21753
42.23612
42.26724
42.28598
42.31744
42.33622
42.36726
42.38587
42.41746
42.43613
42.46771
42.48578
42.51764
42.53601
42.56746
42.58585
42.6176
42.63599
42.668
42.68571
42.71833
42.73555
42.76864
42.78599
42.81872
42.83633
42.86854
42.88671
42.91832
42.93647
42.96798
42.98685
43.01847
43.03676
43.06819
43.08678
43.11825
43.13639
43.1687
43.18686
43.26842
43.23705
43.31865
43.28714
43.36851
43.33697
43.41819
43.38692
43.46855
43.43721
43.51824
43.48686
43.56845
43.539
43.66838
43.58718
43.71872
43.63703
43.76896
43.68697
43.81897
43.7369
43.86941
43.787
43.91905
43.83665
43.9687
43.88651
44.01852
43.9362
44.06856
43.9865
44.1191
44.0365
44.16914
44.08669
44.21857
44.13676
44.26868
44.18696
44.31857
44.23664
44.36853
44.28646
44.41845
44.3363
44.46889
44.38642
44.51929
44.43671
44.56903
44.48697
44.61915
44.53699
44.66883
44.58682
44.7187
44.63664
44.76834
44.73637
44.81804
44.78643
44.86786
44.83611
44.91777
44.88621
44.96775
44.93634
45.0174
44.98596
45.06742
45.03591
45.11722
45.0859
45.1676
45.13609
45.21802
45.18629
45.26842
45.23667
45.31881
45.28633
45.36906
45.33657
45.41941
45.38642
45.46927
45.43639
45.5197
45.48644
45.56989
45.53643
45.62013
45.5864
45.66978
45.63648
45.71949
45.68642
45.76919
45.73689
45.81891
45.78727
45.86925
45.8376
45.91962
45.88726
45.96951
45.93713
46.01986
45.98715
46.07001
46.03742
46.12026
46.08707
46.17067
46.13734
46.22068
46.1871
46.27045
46.23733
46.32032
46.28706
46.37057
46.33739
46.42098
46.38768
46.47073
46.43808
46.52045
46.48849
46.57011
46.53858
46.61998
46.58828
46.66971
46.63802
46.71944
46.68829
46.76937
46.73871
46.81916
46.78891
46.86897
46.84033
46.91898
46.88902
46.96932
46.93928
47.01937
46.98901
47.06899
47.03883
47.11865
47.0886
47.16862
47.13905
47.21827
47.18877
47.26859
47.23898
47.31849
47.28907
47.3689
47.33926
47.41891
47.38946
47.46966
47.43943
47.51998
47.48951
47.57035
47.53954
47.62045
47.58997
47.67006
47.63993
47.72017
47.69024
47.76998
47.74017
47.82014
47.79024
47.87031
47.83997
47.91998
47.88963
47.97016
47.98985
48.02038
48.03962
48.07002
48.0899
48.12051
48.1397
48.17016
48.18969
48.21989
48.23932
48.27017
48.28969
48.32057
48.33944
48.37091
48.38989
48.42123
48.4399
48.47121
48.48989
48.52111
48.53982
48.57111
48.58969
48.62097
48.63938
48.6707
48.68936
48.72056
48.73936
48.77021
48.78912
48.82023
48.83876
48.87069
48.88905
48.92034
48.93949
48.96997
48.98978
49.0203
49.04018
49.07027
49.09054
49.12067
49.14087
49.17101
49.19122
49.22069
49.2415
49.27067
49.29194
49.32036
49.34234
49.37034
49.39277
49.42014
49.44281
49.47007
49.49263
49.52022
49.54284
49.57053
49.59263
49.62029
49.64275
49.67048
49.69237
49.72049
49.74221
49.7708
49.79187
49.82079
49.84222
49.87059
49.89206
49.92091
49.9421
49.97119
49.99207
50.02155
50.04223
50.07134
50.09213
50.12165
50.14195
50.17154
50.19216
50.222
50.24215
50.27225
50.29232
50.37227
50.34235
50.42226
50.39208
50.47187
50.44235
50.52211
50.49255
50.57387
50.54296
50.62226
50.5926
50.67184
50.64271
50.72174
50.69301
50.77158
50.74294
50.82133
50.79259
50.87164
50.8425
50.922
50.89225
50.97232
50.94242
51.02279
50.99253
51.07286
51.04287
51.12286
51.09321
51.1732
51.14359
51.22352
51.19408
51.27365
51.24446
51.3234
51.29487
51.37318
51.34517
51.42313
51.39494
51.4729
51.44507
51.52253
51.49553
51.57238
51.54517
51.62229
51.59558
51.67209
51.64552
51.72178
51.69534
51.77226
51.7458
51.82259
51.7956
51.87276
51.8455
51.92316
51.89587
51.97315
51.94603
52.02325
51.99604
52.07304
52.04618
52.12288
52.09653
52.17287
52.14698
52.22314
52.19677
52.27365
52.24712
52.32336
52.29702
52.37384
52.34745
52.42369
52.39713
52.47398
52.49732
52.52429
52.54768
52.57411
52.59731
52.6244
52.64697
52.67417
52.69679
52.72414
52.74641
52.77439
52.79645
52.82437
52.84624
52.87415
52.89636
52.9243
52.94677
52.974
52.99725
53.02436
53.04762
53.07397
53.09768
53.12432
53.14945
53.17443
53.19787
53.22447
53.24771
53.27446
53.29778
53.32462
53.34733
53.37442
53.39734
53.42408
53.44717
53.47396
53.49688
53.52369
53.54655
53.5741
53.59629
53.62449
53.64661
53.67482
53.69663
53.72468
53.74627
53.77518
53.79614
53.82509
53.84581
53.87528
53.89585
53.92498
53.94576
53.97459
53.99592
54.02422
54.04559
54.07409
54.09602
54.12388
54.14573
54.17395
54.19548
54.22392
54.24509
54.27374
54.29495
54.3236
54.34486
54.37338
54.39516
54.4232
54.44552
54.47319
54.49594
54.52331
54.54628
54.57339
54.59616
54.6236
54.64587
54.67406
54.69613
54.72391
54.74586
54.82412
54.79588
54.87434
54.84566
54.9244
54.89537
54.97409
54.94581
55.02417
54.99562
55.0742
55.04571
55.12445
55.09586
55.17463
55.14593
55.22512
55.19555
55.27518
55.24526
55.32562
55.29523
55.37564
55.34505
55.42585
55.39521
55.52636
55.44559
55.57657
55.49543
55.62655
55.54563
55.67631
55.59561
55.72616
55.64604
55.77623
55.6965
55.82624
55.74694
55.87671
55.79679
55.92689
55.84664
55.97718
55.89657
56.02683
55.94624
56.07697
55.99651
56.12658
56.04633
56.17629
56.09598
56.22647
56.14645
56.27657
56.19665
56.32691
56.24636
56.37677
56.29608
56.4264
56.34595
56.47648
56.39788
56.52668
56.44683
56.57655
56.54735
56.6265
56.59715
56.67698
56.64677
56.7268
56.69661
56.77654
56.74632
56.82677
56.79625
56.87642
56.84615
56.92636
56.94694
56.9766
56.99036
57.02687
57.03547
57.07706
57.08572
57.12754
57.13602
57.1777
57.18617
57.22809
57.23661
57.27817
57.28685
57.32784
57.33703
57.37814
57.38735
57.42846
57.43703
57.47894
57.48713
57.52896
57.53696
57.579
57.58707
57.62885
57.63743
57.67929
57.68723
57.72963
57.73755
57.78001
57.78724
57.83042
57.83767
57.88006
57.8874
57.93034
57.93715
57.97245
57.98719
58.02282
58.03682
58.07269
58.08702
58.1228
58.13713
58.17275
58.18693
58.22268
58.23667
58.27272
58.28675
58.32307
58.33703
58.37348
58.38728
58.42381
58.43702
58.47419
58.4874
58.52405
58.53709
58.57374
58.5868
58.62408
58.637
58.67419
58.68711
58.72387
58.73701
58.77432
58.78714
58.82399
58.83674
58.87384
58.88719
58.92405
58.93688
58.97379
58.98702
59.02397
59.03718
59.12398
59.08748
59.17426
59.13718
59.22393
59.1868
59.27354
59.23668
59.32331
59.28661
59.37325
59.33698
59.42302
59.38725
59.47298
59.43761
59.52338
59.48745
59.57378
59.53781
59.62399
59.58745
59.67418
59.63768
59.72385
59.68792
59.77426
59.73994
59.82453
59.78871
59.87459
59.83926
59.92464
59.88869
59.97512
59.93834
60.02524
59.98833
60.07557
60.03856
60.1259
60.08864
60.17605
60.13831
60.22627
60.18823
60.27665
60.23863
60.32697
60.28865
60.37662
60.33895
60.42738
60.38911
60.47744
60.43922
60.52721
60.48952
60.57652
60.53936
60.6269
60.58963
60.67669
60.63926
60.72669
60.68972
60.77691
60.73946
60.82658
60.78931
60.87669
60.83951
60.92677
60.88982
60.97694
60.9403
61.02727
60.99078
61.07732
61.04118
61.12748
61.09144
61.17781
61.14111
61.22794
61.19085
61.27828
61.24111
61.32834
61.29118
61.3785
61.34155
61.42863
61.44199
61.47888
61.49187
61.529
61.54204
61.5787
61.59251
61.6286
61.6423
61.67883
61.69261
61.72929
61.74228
61.77975
61.792
61.82981
61.84162
61.88029
61.89137
61.93007
61.9412
61.98038
61.99083
62.03001
62.04127
62.08022
62.09115
62.13001
62.14093
62.17968
62.19125
62.23011
62.24086
62.28041
62.29128
62.33072
62.34169
62.38114
62.39146
62.4312
62.44116
62.48154
62.49141
62.53194
62.54116
62.58173
62.59155
62.63145
62.64193
62.68154
62.69186
62.73187
62.74155
62.78164
62.79191
62.83206
62.84218
62.88197
62.89234
62.9318
62.94252
62.98147
62.99269
63.03158
63.04239
63.08193
63.09211
63.13193
63.14182
63.18233
63.19226
63.23247
63.24192
63.28236
63.29213
63.33218
63.34175
63.3819
63.39206
63.43237
63.44231
63.48203
63.49264
63.53246
63.54308
63.5822
63.59347
63.632
63.64351
63.68172
63.69394
63.73173
63.74365
63.78139
63.79345
63.83178
63.84332
63.88146
63.89296
63.93129
63.94286
63.98179
63.99257
64.03178
64.04233
64.08223
64.092
64.13202
64.14238
64.18224
64.19265
64.23255
64.24229
64.28223
64.29209
64.33228
64.3424
64.38261
64.39256
64.43224
64.44272
64.48252
64.49283
64.53268
64.54312
64.58297
64.59355
64.63264
64.64359
64.6825
64.69398
64.73215
64.72561
64.76117
64.76529
64.8109
64.81515
64.84435
64.86166
64.88842
64.91159
64.93849
64.96185
64.98851
65.01158
65.0389
65.06143
65.08904
65.11103
65.13923
65.1609
65.18955
65.21056
65.23996
65.26092
65.29017
65.31115
65.34035
65.36128
65.3904
65.41123
65.4403
65.46109
65.49014
65.51074
65.54057
65.56107
65.59045
65.59994
65.64026
65.63191
65.68333
65.68234
65.72373
65.72622
65.77381
65.77619
65.822
65.82634
65.87202
65.87662
65.92241
65.92677
65.97279
65.97708
66.02254
66.02749
66.07293
66.07754
66.12325
66.1278
66.17307
66.17746
66.22322
66.22739
66.27356
66.27763
66.32394
66.32809
66.37395
66.37801
66.42422
66.42816
66.47398
66.47819
66.52426
66.52822
66.57446
66.57834
66.62491
66.62795
66.67488
66.67767
66.72517
66.72796
66.77548
66.77766
66.82594
66.82788
66.87579
66.87791
66.92426
66.92805
66.9743
66.97818
67.02474
67.02841
67.07457
67.07858
67.12459
67.12864
67.1743
67.17847
67.21992
67.22864
67.26977
67.27866
67.3195
67.32847
67.36967
67.37862
67.41967
67.42894
67.46978
67.47908
67.51992
67.52919
67.56916
67.57915
67.6188
67.62934
67.66898
67.67938
67.71896
67.7291
67.76865
67.7788
67.8184
67.82891
67.8681
67.87905
67.91779
67.92903
67.96755
67.97894
68.01723
68.02867
68.06772
68.07839
68.11811
68.12856
68.16788
68.17832
68.21771
68.22862
68.26736
68.27824
68.31698
68.32822
68.36729
68.37849
68.41728
68.42889
68.46744
68.47878
68.51748
68.52872
68.56774
68.57889
68.61742
68.62859
68.66736
68.67878
68.70901
68.72866
68.75867
68.77843
68.80836
68.82846
68.8588
68.87884
68.90848
68.92892
68.95883
68.97878
69.00851
69.02898
69.05868
69.0793
69.10856
69.12946
69.1583
69.17971
69.20816
69.22936
69.258
69.27948
69.3083
69.32936
69.35835
69.37983
69.40826
69.42941
69.45811
69.47934
69.50806
69.52951
69.55817
69.57933
69.60823
69.62209
69.65857
69.67184
69.70873
69.72195
69.75893
69.77234
69.80922
69.87216
69.85895
69.92207
69.90876
69.97174
69.95848
70.02216
70.00893
70.0723
70.05928
70.12197
70.10969
70.17223
70.16013
70.22204
70.21035
70.27208
70.26079
70.32179
70.31127
70.37206
70.36174
70.42183
70.41151
70.47186
70.46131
70.49379
70.51134
70.54398
70.56181
70.59428
70.61208
70.64468
70.66222
70.69432
70.71249
70.74445
70.76011
70.79461
70.81028
70.84469
70.86046
70.89482
70.91077
70.94508
70.96117
70.99504
71.01188
71.04519
71.06158
71.09492
71.11179
71.14499
71.16187
71.19537
71.21159
71.24541
71.2618
71.29508
71.31178
71.34479
71.36156
71.39433
71.41118
71.4444
71.46094
71.49411
71.51105
71.54374
71.61079
71.59412
71.66066
71.64454
71.71037
71.69418
71.76019
71.74413
71.80985
71.79424
71.85986
71.84417
71.96023
71.894
72.00985
71.94373
72.05979
71.99345
72.10956
72.04377
72.15918
72.09406
72.20163
72.14406
72.25142
72.19451
72.30144
72.24486
72.35169
72.29453
72.40144
72.34492
72.45148
72.39457
72.50143
72.44453
72.55118
72.4943
72.60155
72.54472
72.65161
72.59509
72.70201
72.64529
72.75188
72.69579
72.80177
72.74603
72.85149
72.79646
72.90115
72.84637
72.95101
72.89609
73.00136
72.94577
73.0517
72.99571
73.10141
73.04545
73.15115
73.09525
73.20094
73.14502
73.25089
73.19545
73.30056
73.24554
73.3508
73.29592
73.40104
73.34563
73.45067
73.39564
73.50035
73.44556
73.55067
73.49585
73.6011
73.54983
73.65082
73.64654
73.70123
73.69634
73.75102
73.74598
73.80141
73.79621
73.85175
73.84591
73.90153
73.89568
73.95155
73.94537
74.00146
73.99511
74.05122
74.04501
74.10099
74.09507
74.15062
74.14484
74.20094
74.19497
74.25095
74.24455
74.30101
74.29427
74.35119
74.34441
74.40142
74.3949
74.45135
74.44476
74.50151
74.49446
74.55154
74.54489
74.60174
74.5953
74.65192
74.64529
74.7019
74.69523
74.75228
74.79516
74.80274
74.84482
74.85271
74.89458
74.90247
74.94499
74.95226
74.99469
75.0019
75.04462
75.05173
75.09445
75.10179
75.14478
75.15219
75.19485
75.202
75.24516
75.2523
75.29552
75.30264
75.3452
75.35246
75.39551
75.40232
75.44511
75.45267
75.49488
75.50297
75.54518
75.55317
75.59515
75.60317
75.64517
75.65343
75.69526
75.70316
75.74486
75.75285
75.79475
75.80267
75.84489
75.85252
75.89523
75.90276
75.94499
75.95263
75.99531
76.00225
76.04507
76.05235
76.09517
76.10249
76.14504
76.15244
76.19547
76.20219
76.2458
76.25256
76.29556
76.30232
76.34526
76.35218
76.39545
76.40184
76.44573
76.45202
76.49599
76.50209
76.54566
76.5518
76.59606
76.60139
76.64644
76.65112
76.69782
76.70085
76.7466
76.75055
76.79688
76.80043
76.84698
76.8501
76.89683
76.89974
76.94685
76.94977
76.99681
76.99962
77.04704
77.04982
77.09737
77.10024
77.14731
77.15008
77.19716
77.2
77.24715
77.2499
77.29754
77.29975
77.34769
77.34937
77.39732
77.39937
77.44751
77.44902
77.49725
77.5491
77.54722
77.59896
77.59707
77.64901
77.64718
77.69948
77.69708
77.74924
77.74703
77.79919
77.79681
77.84927
77.84711
77.89935
77.897
77.94912
77.94678
77.99879
77.99662
78.04855
78.04623
78.09853
78.09634
78.14859
78.14647
78.19835
78.24673
78.24827
78.29701
78.29805
78.34747
78.34809
78.39294
78.38149
78.44335
78.43131
78.49308
78.48164
78.5433
78.53154
78.59321
78.58126
78.64334
78.63171
78.69302
78.68176
78.74332
78.73207
78.79368
78.78172
78.84332
78.83138
78.891
78.8811
78.94073
78.93097
78.99039
78.98139
79.04061
79.03131
79.09049
79.08175
79.14095
79.13198
79.19087
79.18193
79.24133
79.23191
79.29145
79.28165
79.34148
79.33205
79.39155
79.38214
79.44154
79.43227
79.4916
79.48241
79.54178
79.53213
79.59186
79.58227
79.64163
79.63264
79.6918
79.68237
79.74207
79.7327
79.79238
79.78284
79.84241
79.83293
79.8922
79.883
79.9425
79.93339
79.99266
79.98333
80.04233
80.03345
80.09226
80.08337
80.14237
80.1335
80.19212
80.1834
80.2422
80.23316
80.29221
80.28278
80.34264
80.33302
80.39303
80.38315
80.44284
80.43309
80.49271
80.48331
80.54246
80.53358
80.59225
80.58392
80.64259
80.6353
80.69279
80.68425
80.74255
80.73465
80.79289
80.78452
80.84332
80.83457
80.89316
80.88475
80.94298
80.93477
80.99312
80.9849
81.0433
81.03523
81.0931
81.08509
81.14319
81.13508
81.19318
81.1851
81.24289
81.23483
81.29282
81.28487
81.34315
81.33501
81.39288
81.38483
81.44282
81.43449
81.49254
81.48479
81.54274
81.53495
81.5918
81.57406
81.64182
81.62447
81.69154
81.67454
81.74151
81.72449
81.79141
81.7744
81.84104
81.82423
81.89151
81.87436
81.9411
81.92422
81.99101
81.97386
82.04086
82.0238
82.09114
82.07388
82.14162
82.12421
82.19163
82.17408
82.24177
82.27399
82.29167
82.32393
82.34133
82.37356
82.39142
82.42321
82.44136
82.47357
82.49122
82.52321
82.54117
82.57366
82.59082
82.62392
82.64156
82.67427
82.69143
82.72427
82.74121
82.77389
82.79076
82.82391
82.84042
82.87391
82.89005
82.92372
82.93978
82.97398
82.98959
83.02375
83.04001
83.07363
83.08994
83.12365
83.13986
83.17367
83.19006
83.22337
83.2402
83.27367
83.29058
83.32401
83.34042
83.37437
83.39034
83.42438
83.43998
83.47486
83.48961
83.52483
83.53993
83.57452
83.58961
83.62483
83.63939
83.6749
83.68919
83.72526
83.73901
83.7758
83.78946
83.82635
83.8391
83.87656
83.88878
83.92639
83.93926
83.97625
84.03992
84.02613
84.08957
84.07623
84.13937
84.1263
84.18966
84.17632
84.24005
84.22618
84.28976
84.27644
84.33966
84.32686
84.39006
84.37731
84.44052
84.42706
84.49059
84.47696
84.54076
84.52671
84.5905
84.57683
84.64019
84.62712
84.69009
84.67697
84.74045
84.72688
84.79086
84.82637
84.89112
84.87604
84.94123
84.926
84.99155
84.97608
85.04179
85.02637
85.09151
85.07668
85.14149
85.12671
85.19125
85.17635
85.24117
85.22646
85.29095
85.27629
85.34076
85.32621
85.39045
85.37604
85.44088
85.4257
85.49064
85.4761
85.54029
85.52655
85.5905
85.62683
85.64069
85.67688
85.69109
85.72704
85.74138
85.77729
85.7915
85.82722
85.84226
85.87741
85.89268
85.92714
85.94233
85.97569
85.99195
86.02583
86.04201
86.07483
86.09212
86.11695
86.14217
86.14996
86.1795
86.18713
86.22276
86.23135
86.2729
86.26869
86.30584
86.33618
86.34181
86.37329
86.36499
86.39809
86.38539
86.41405
86.41492
86.43721
86.44093
86.45525
86.4659
86.47691
86.49366
86.50189
86.52212
86.52174
86.54543
86.53654
86.56269
86.55989
86.57893
86.57725
86.59417
86.60567
86.61057
86.61979
86.62713
86.63349
86.64262
86.64983
86.65762
86.66631
86.66683
86.67729
86.6791
86.69054
86.69383
86.70448
86.71266
86.71924
86.72323
86.73132
86.73733
86.74707
86.7489
86.75908
86.76363
86.77058
86.77494
86.77974
86.7839
86.78906
86.79874
86.80245
86.81367
86.81771
86.8288
86.83186
86.84203
86.84302
86.85701
86.85635
86.87115
86.87084
86.88328
86.88393
86.8923
86.89714
86.90523
86.91162
86.91809
86.92489
86.92882
86.93487
86.94335
86.94798
86.95512
86.96262
86.96822
86.97659
86.98074
86.98804
86.99429
86.99593
87.00456
87.01088
87.01732
87.02495
87.03016
87.03788
87.04247
87.05888
87.05663
87.07344
87.06586
87.0807
87.07959
87.09212
87.09306
87.10135
87.10533
87.11685
87.11666
87.12868
87.12935
87.13872
87.14214
87.15221
87.15438
87.16621
87.16476
87.17475
87.17672
87.18826
87.18832
87.20177
87.20179
87.21312
87.21732
87.22784
87.22842
87.23524
87.24216
87.24918
87.24959
87.26274
87.25956
87.27638
87.27562
87.28664
87.28753
87.29531
87.29491
87.30834
87.30511
87.3193
87.31749
87.32665
87.33115
87.33701
87.33951
87.35445
87.35409
87.36748
87.36642
87.38184
87.37666
87.39601
87.38931
87.40812
87.40189
87.41944
87.41482
87.43013
87.43905
87.44361
87.45089
87.45831
87.4641
87.46872
87.47521
87.4821
87.48956
87.49666
87.50105
87.51114
87.51484
87.52417
87.52221
87.5386
87.53402
87.55174
87.56111
87.56779
87.57498
87.5788
87.58618
87.59579
87.60019
87.61077
87.61185
87.62673
87.62782
87.64794
87.64227
87.66138
87.65549
87.67314
87.66955
87.68478
87.68587
87.69927
87.70194
87.7126
87.73771
87.72184
87.74802
87.73222
87.75973
87.74659
87.77184
87.75754
87.78108
87.77159
87.79141
87.78507
87.80067
87.79718
87.80986
87.80881
87.81705
87.82053
87.82626
87.83232
87.83351
87.84487
87.84518
87.85677
87.86467
87.8701
87.87839
87.87805
87.8923
87.89307
87.90541
87.90747
87.91707
87.92767
87.92859
87.93698
87.94205
87.95307
87.95068
87.961
87.96415
87.9778
87.97585
87.99043
87.98988
88.00395
88.00075
88.01392
88.011
88.02385
88.02254
88.03739
88.03181
88.05133
88.04207
88.06004
88.05238
88.07112
88.06688
88.07833
88.076
88.08559
88.08521
88.0994
88.09689
88.10966
88.10719
88.11993
88.11725
88.1292
88.13058
88.13844
88.14451
88.1477
88.15614
88.15699
88.16607
88.16969
88.17634
88.18256
88.18812
88.19621
88.20407
88.21072
88.21139
88.21818
88.22318
88.23373
88.23994
88.24578
88.24728
88.25325
88.25764
88.27113
88.27301
88.28037
88.28424
88.29206
88.29128
88.30126
88.30465
88.31049
88.31187
88.32191
88.32112
88.33439
88.33154
88.3436
88.34861
88.35279
88.35826
88.36731
88.37212
88.38419
88.3856
88.39159
88.39741
88.40283
88.41385
88.41483
88.44093
88.43677
88.4524
88.44543
88.47352
88.45938
88.48678
88.47289
88.5
88.48824
88.5132
88.49973
88.52251
88.51395
88.53633
88.52128
88.54371
88.5332
88.55765
88.55612
88.57266
88.57126
88.5853
88.58066
88.59275
88.60272
88.61382
88.62052
88.62664
88.63931
88.6423
88.66044
88.66087
88.67139
88.67857
88.69339
88.69273
88.70504
88.70367
88.71831
88.71291
88.72739
88.72653
88.73958
88.73987
88.74701
88.75152
88.76089
88.7618
88.77428
88.76912
88.7871
88.78776
88.80128
88.80616
88.82081
88.81373
88.83862
88.84104
88.85745
88.8623
88.89497
88.89132
88.90852
88.91856
88.93936
88.93536
88.95952
88.96178
88.98352
88.97866
88.9947
89.00665
89.00972
89.02069
89.03012
89.04359
89.04456
89.05353
89.05632
89.0667
89.06371
89.07725
89.08717
89.09106
89.09972
89.09837
89.10898
89.10757
89.11821
89.12018
89.12679
89.12735
89.13778
89.13459
89.1495
89.14719
89.15971
89.15883
89.16692
89.16601
89.17608
89.17299
89.18524
89.18018
89.1924
89.18935
89.20158
89.20245
89.20878
89.21161
89.21896
89.22075
89.2263
89.22808
89.23784
89.2373
89.2471
89.24971
89.26083
89.26144
89.26821
89.27182
89.28091
89.28812
89.29262
89.30151
89.30515
89.31305
89.31245
89.32479
89.32271
89.33504
89.32996
89.34688
89.34025
89.35959
89.3545
89.36886
89.36631
89.37809
89.37624
89.38729
89.38798
89.39472
89.39831
89.40861
89.41003
89.42118
89.4204
89.42859
89.43263
89.43578
89.44
89.44299
89.44923
89.45177
89.45644
89.46457
89.46568
89.47484
89.47488
89.48512
89.4821
89.49435
89.49131
89.50608
89.50056
89.51344
89.50795
89.52064
89.51715
89.52991
89.5264
89.53915
89.53909
89.54839
89.54649
89.55865
89.55678
89.56796
89.5671
89.5803
89.57736
89.58956
89.58478
89.60131
89.59719
89.61162
89.60458
89.62192
89.61484
89.63219
89.62521
89.63943
89.63553
89.65049
89.6458
89.65971
89.65504
89.67062
89.66429
89.67785
89.6715
89.68958
89.68071
89.69987
89.6899
89.71017
89.6972
89.71949
89.71108
89.7364
89.71843
89.74645
89.73233
89.76089
89.74094
89.76825
89.75433
89.77985
89.76389
89.79047
89.77656
89.80093
89.78828
89.81122
89.80087
89.8215
89.81477
89.83078
89.82851
89.84003
89.8412
89.84931
89.85373
89.86267
89.8663
89.87189
89.8763
89.87931
89.88371
89.89331
89.89544
89.90262
89.90469
89.91436
89.91497
89.92349
89.92423
89.93278
89.93693
89.94408
89.9496
89.95151
89.95882
89.96542
89.96808
89.97504
89.9773
89.98425
89.98902
89.99165
89.99929
