0.007459623
0.007474408
0.0201611
0.03243838
0.03340494
0.0409987
0.04345657
0.05479019
0.05429588
0.06907311
0.06588096
0.08012723
0.07535182
0.09072692
0.08660966
0.09933916
0.0984783
0.112872
0.1098113
0.1252716
0.1222798
0.1370361
0.1344795
0.1482711
0.1432938
0.1606562
0.1522145
0.1709893
0.1656578
0.179858
0.1782096
0.193387
0.1893595
0.2080694
0.1960157
0.2146695
0.2083258
0.2271027
0.2235275
0.2382567
0.2322916
0.2509687
0.2468145
0.260404
0.2611848
0.2717203
0.2763866
0.2802701
0.2880781
0.2895762
0.2997566
0.3005883
0.3110421
0.312459
0.319623
0.3275898
0.3325351
0.3395043
0.3465809
0.3510457
0.3550892
0.359639
0.3664908
0.3738555
0.3750446
0.385422
0.3836797
0.395934
0.3968232
0.4094006
0.4100021
0.4179564
0.4211997
0.4303209
0.4335872
0.4425603
0.4422221
0.4560972
0.4570217
0.472228
0.4701339
0.4839862
0.4786841
0.4949317
0.4907898
0.5059502
0.5032082
0.5194418
0.5144727
0.5317558
0.5284597
0.543901
0.5413428
0.550516
0.5479529
0.5607324
0.5608863
0.5740653
0.5698069
0.5870651
0.5826066
0.5991002
0.5949416
0.6099874
0.6046179
0.623756
0.6112475
0.6343973
0.62292
0.6473532
0.6357429
0.6562634
0.6511216
0.6670628
0.6647233
0.6739007
0.6759689
0.6872315
0.6866851
0.699254
0.7016369
0.713383
0.7154847
0.7222909
0.7275197
0.7340409
0.7398173
0.745299
0.7503504
0.7612795
0.7668731
0.769861
0.7789161
0.780773
0.7855494
0.7947143
0.7990719
0.8047181
0.8057386
0.8168868
0.8202008
0.8296406
0.8328817
0.8423756
0.846263
0.8553629
0.8601915
0.8666607
0.8727828
0.8795605
0.8864619
0.8902184
0.9003363
0.9005262
0.9097176
0.9135824
0.9189132
0.9239632
0.9334794
0.9348215
0.9448126
0.9473168
0.9565395
0.960754
0.9681994
0.9723915
0.9819971
0.9810558
0.9940133
0.9946782
1.010465
1.005676
1.02385
1.020115
1.036868
1.034523
1.04806
1.043848
1.057397
1.052589
1.068878
1.065012
1.082311
1.080055
1.094936
1.094088
1.104701
1.107496
1.11981
1.117617
1.132175
1.130748
1.144925
1.142975
1.158508
1.153568
1.172769
1.162568
1.184742
1.169174
1.194896
1.178809
1.206187
1.191988
1.214787
1.20194
1.223541
1.208719
1.230341
1.220788
1.236766
1.23317
1.246183
1.239756
1.257541
1.248316
1.266184
1.256891
1.27734
1.269101
1.286273
1.27812
1.292873
1.288852
1.299466
1.295452
1.305875
1.30205
1.315368
1.313417
1.326607
1.321969
1.335174
1.330718
1.34177
1.339568
1.353119
1.348251
1.359738
1.356984
1.368308
1.370384
1.374873
1.381954
1.386458
1.388517
1.395052
1.395117
1.40372
1.404152
1.410272
1.413941
1.416672
1.420535
1.425236
1.431497
1.431826
1.440049
1.441405
1.446617
1.451671
1.453182
1.463775
1.459605
1.474373
1.468848
1.482987
1.475431
1.489537
1.48184
1.495989
1.490352
1.502555
1.496958
1.50897
1.503349
1.520441
1.509743
1.531453
1.516305
1.538055
1.523049
1.549869
1.529649
1.556467
1.536072
1.565069
1.547449
1.577489
1.556094
1.586899
1.5627
1.593495
1.569096
1.599899
1.575491
1.608447
1.581887
1.615038
1.588447
1.626842
1.594847
1.638061
1.60347
1.647736
1.611981
1.659723
1.620532
1.668299
1.629113
1.674868
1.63943
1.683441
1.648344
1.690001
1.65738
1.69863
1.665979
1.707228
1.672565
1.719169
1.681445
1.725786
1.69197
1.734375
1.700578
1.740933
1.709105
1.747333
1.717705
1.755933
1.726288
1.762551
1.735612
1.771103
1.742177
1.777665
1.748761
1.784265
1.757687
1.797449
1.766244
1.80785
1.774798
1.814427
1.783422
1.822998
1.790159
1.831646
1.796778
1.840193
1.80874
1.846931
1.820311
1.855566
1.826898
1.865184
1.837171
1.873778
1.846444
1.884297
1.855331
1.896063
1.86391
1.902982
1.872562
1.911506
1.883624
1.918085
1.890176
1.928312
1.896801
1.936855
1.905398
1.943643
1.912134
1.956709
1.918538
1.96332
1.927104
1.971886
1.937817
1.978446
1.946349
1.984848
1.952907
1.993462
1.959337
2.000029
1.970828
2.006593
1.97944
2.012995
1.986028
2.024262
1.994744
2.035768
2.006138
2.048299
2.012725
2.057553
2.023306
2.066367
2.031898
2.074927
2.043957
2.081688
2.050729
2.092158
2.062955
2.103846
2.073943
2.112454
2.083471
2.12106
2.092392
2.129776
2.101335
2.141574
2.108075
2.153642
2.11661
2.162258
2.123354
2.168988
2.131937
2.175381
2.138531
2.181792
2.149393
2.191391
2.156105
2.202045
2.162745
2.211368
2.174371
2.221774
2.183946
2.228565
2.190527
2.237126
2.199163
2.245722
2.207856
2.257904
2.216492
2.266518
2.22877
2.273258
2.239347
2.282387
2.246089
2.292924
2.254636
2.301524
2.263273
2.31022
2.271855
2.319384
2.281268
2.328036
2.287836
2.338573
2.296435
2.350708
2.305031
2.357301
2.3143
2.363714
2.325022
2.373456
2.337167
2.382153
2.347484
2.388897
2.354057
2.39776
2.362619
2.411356
2.369166
2.418103
2.375594
2.426721
2.387166
2.438504
2.397966
2.445073
2.40807
2.453918
2.418688
2.462787
2.425234
2.471439
2.43169
2.480139
2.4403
2.488741
2.446859
2.497374
2.453263
2.505919
2.461948
2.512513
2.470529
2.524711
2.487741
2.534306
2.496364
2.542902
2.504945
2.551482
2.513499
2.558272
2.525099
2.568095
2.536276
2.576703
2.544894
2.586452
2.555823
2.593084
2.568997
2.605243
2.57963
2.613827
2.586216
2.624052
2.594764
2.632555
2.603476
2.639118
2.617811
2.646036
2.633006
2.652616
2.641562
2.662945
2.650141
2.672743
2.658744
2.679317
2.667361
2.689069
2.674095
2.695688
2.682628
2.706881
2.69119
2.71542
2.70013
2.722149
2.706723
2.728583
2.718144
2.737155
2.726746
2.743711
2.737014
2.750116
2.745603
2.758738
2.752539
2.765493
2.763695
2.775415
2.773693
2.784279
2.785788
2.790877
2.79254
2.799466
2.803073
2.806037
2.811627
2.815375
2.821487
2.824629
2.828056
2.835428
2.836649
2.844016
2.843215
2.856603
2.849624
2.865332
2.858159
2.874975
2.864759
2.885869
2.871159
2.897581
2.877593
2.90657
2.886128
2.917413
2.894823
2.924047
2.903758
2.932615
2.910342
2.939372
2.918948
2.950069
2.93007
2.956815
2.940514
2.96549
2.94909
2.976227
2.959326
2.984818
2.965949
2.996412
2.977657
3.005045
2.986586
3.01373
2.995212
3.023536
3.003956
3.030311
3.013222
3.038965
3.026603
3.05074
3.033557
3.061552
3.043551
3.06811
3.05489
3.076683
3.063973
3.083268
3.073059
3.094176
3.081623
3.106176
3.090281
3.112763
3.107181
3.123243
3.115853
3.131842
3.124755
3.138411
3.13373
3.147002
3.142315
3.155619
3.148888
3.164241
3.15979
3.172812
3.168411
3.179377
3.179114
3.187907
3.185687
3.19471
3.1948
3.208176
3.208515
3.214736
3.215086
3.221292
3.223644
3.227709
3.23225
3.234286
3.238819
3.242881
3.247377
3.249442
3.253929
3.258139
3.260339
3.268903
3.269327
3.275641
3.278908
3.284236
3.287466
3.290826
3.296011
3.297211
3.302742
3.303611
3.309132
3.312155
3.315532
3.322746
3.324047
3.331354
3.33295
3.339881
3.339525
3.351287
3.348073
3.359895
3.360152
3.368753
3.368752
3.377639
3.377257
3.386142
3.383813
3.392745
3.390395
3.401286
3.399976
3.412069
3.408569
3.422238
3.415142
3.430944
3.425946
3.44337
3.436006
3.449938
3.445904
3.456334
3.456016
3.464897
3.462614
3.473553
3.469003
3.482055
3.475416
3.492932
3.486148
3.504346
3.492736
3.513704
3.502707
3.523668
3.511348
3.532207
3.524281
3.53877
3.532815
3.547364
3.541314
3.557551
3.549814
3.569419
3.556745
3.575996
3.565266
3.585996
3.575536
3.594531
3.58473
3.6011
3.594313
3.609902
3.600913
3.62402
3.609461
3.632568
3.618846
3.64432
3.632303
3.655538
3.638879
3.66655
3.64823
3.678525
3.659832
3.687067
3.66868
3.695996
3.677569
3.704499
3.6861
3.71307
3.694775
3.726614
3.708279
3.737365
3.717166
3.749872
3.723745
3.758486
3.73546
3.770098
3.747967
3.780689
3.757278
3.791219
3.768876
3.804756
3.781332
3.815032
3.795875
3.827872
3.804381
3.836382
3.814391
3.842951
3.82431
3.851663
3.832903
3.861481
3.844609
3.872935
3.853361
3.883004
3.866259
3.893862
3.874775
3.902426
3.886323
3.912386
3.896542
3.920872
3.905041
3.929488
3.913605
3.940079
3.926474
3.952962
3.933074
3.964895
3.941603
3.971495
3.952206
3.983741
3.958777
3.99247
3.965236
4.004339
3.97739
4.018138
3.985914
4.027953
3.996322
4.03996
4.005358
4.048783
4.01493
4.060058
4.024318
4.069528
4.036054
4.076137
4.042638
4.088676
4.053273
4.097317
4.059873
4.108211
4.073406
4.116827
4.083797
4.123402
4.094385
4.129863
4.107228
4.140477
4.117451
4.155386
4.129604
4.162004
4.136246
4.172006
4.150589
4.181426
4.161652
4.191859
4.170137
4.203801
4.178803
4.216731
4.19123
4.229402
4.202599
4.236006
4.213251
4.248995
4.221852
4.261024
4.228654
4.275015
4.239735
4.290392
4.252402
4.297151
4.259098
4.312413
4.272195
4.324934
4.286847
4.339853
4.300032
4.349089
4.309269
4.364996
4.317886
4.379348
4.332335
4.396988
4.345896
4.412193
4.358778
4.425718
4.372262
4.439412
4.387988
4.451717
4.401915
4.464607
4.411652
4.475354
4.426571
4.484413
4.438791
4.498154
4.453666
4.514787
4.468266
4.526872
4.480765
4.540707
4.494248
4.553815
4.507498
4.569371
4.518064
4.585131
4.533358
4.600674
4.546989
4.613618
4.562765
4.626457
4.574717
4.642417
4.586851
4.655671
4.599925
4.666921
4.615452
4.677837
4.632253
4.692016
4.647418
4.699476
4.661042
4.71401
4.674692
4.726911
4.687863
4.742011
4.70445
4.755683
4.719053
4.766389
4.731651
4.778793
4.744794
4.792945
4.766167
4.805716
4.775846
4.815347
4.785911
4.829253
4.79872
4.843521
4.81757
4.859281
4.831184
4.874637
4.843711
4.890168
4.858429
4.905996
4.871418
4.927333
4.887583
4.941466
4.902351
4.955139
4.917755
4.969589
4.937115
4.98658
4.951591
5.000165
4.971918
5.015604
4.987212
5.027477
5.003828
5.042848
5.017761
5.05806
5.044621
5.073141
5.057077
5.088505
5.08922
5.103736
5.120975
5.120069
5.133981
5.131231
5.15012
5.147735
5.163643
5.163136
5.176345
5.177932
5.186244
5.195842
5.221415
5.211587
5.233094
5.230537
5.24931
5.254597
5.268705
5.273463
5.280082
5.295592
5.296169
5.3101
5.308519
5.328041
5.340418
5.346771
5.352372
5.36734
5.368882
5.393243
5.417041
5.411995
5.460809
5.431524
5.492242
5.447576
5.528738
5.472292
5.543839
5.494576
5.567107
5.51511
5.586752
5.53093
5.607041
5.548977
5.63102
5.570304
5.652559
5.593468
5.675644
5.625571
5.7479
5.645246
5.762333
5.671664
5.785354
5.689795
5.833146
5.717234
5.849
5.735325
5.891272
5.770531
5.91869
5.79286
5.939277
5.82339
5.956506
5.839052
5.992498
5.856237
6.008488
5.88283
6.025089
5.935902
6.054193
5.954028
6.077438
5.990181
6.110671
6.015117
6.134764
6.104098
6.171086
6.13692
6.202878
6.175369
6.24082
6.207185
6.279836
6.24499
6.326759
6.31672
6.362167
6.347967
6.408499
6.384831
6.440543
6.467427
6.490566
6.508501
6.540471
6.558552
6.590404
6.608647
6.640332
6.659116
6.690629
6.709432
6.741131
6.758934
6.790578
6.809275
6.839998
6.859224
6.889669
6.909287
6.939958
6.953164
6.990357
7.05324
7.040004
7.10287
7.089646
7.20342
7.139956
7.253562
7.190186
7.303241
7.239861
7.353552
7.290247
7.403353
7.340551
7.45301
7.390646
7.502891
7.44065
7.552808
7.490778
7.602682
7.540414
7.652883
7.590814
7.702761
7.640746
7.752872
7.69073
7.852715
7.740438
7.902874
7.790238
7.953253
7.840255
8.003674
7.89
8.05409
7.9403
8.10428
7.990006
8.154023
8.03964
8.203691
8.089671
8.30354
8.139338
8.353477
8.189389
8.403402
8.239663
8.453465
8.289698
8.503284
8.33984
8.55322
8.390191
8.602936
8.440309
8.653401
8.490174
8.703071
8.540594
8.752748
8.590698
8.80275
8.640625
8.852482
8.690996
8.90268
8.740862
8.952517
8.790861
9.002243
8.840592
9.052602
8.890516
9.102276
8.940434
9.152069
8.990322
9.201779
9.040289
9.302114
9.090094
9.35196
9.139825
9.402106
9.189917
9.451974
9.290053
9.502071
9.33975
9.552238
9.389738
9.602027
9.43945
9.652057
9.4891
9.702362
9.539539
9.752792
9.589222
9.804055
9.688736
9.853332
9.739064
9.903922
9.788911
9.953694
9.839067
10.00405
9.889242
10.05379
9.938843
10.1041
9.988825
10.15381
10.03894
10.20363
10.0892
10.25352
10.1391
10.30326
10.23879
10.35329
10.28895
10.40357
10.33935
10.45395
10.3892
10.50375
10.43916
10.55339
10.48939
10.60325
10.5896
10.6535
10.63963
10.70383
10.68968
10.75363
10.73989
10.80391
10.79012
10.85428
10.83973
10.90401
10.88953
10.95374
10.93926
11.00336
10.9896
11.05375
11.03939
11.10413
11.08919
11.15391
11.13906
11.20357
11.18902
11.25337
11.23873
11.30364
11.28875
11.35331
11.33908
11.40302
11.38904
11.45314
11.43888
11.50327
11.48891
11.5529
11.53888
11.60321
11.58933
11.65317
11.63965
11.7035
11.69
11.75373
11.73996
11.80367
11.79015
11.85373
11.83998
11.9041
11.88974
11.95392
11.93954
12.00403
11.98921
12.05446
12.03945
12.1048
12.0892
12.15523
12.13894
12.20223
12.17398
12.25168
12.22383
12.30209
12.27399
12.35246
12.3237
12.40254
12.37356
12.45296
12.42379
12.50339
12.47347
12.55309
12.52386
12.60315
12.57353
12.65332
12.62319
12.7036
12.67332
12.75347
12.72346
12.80315
12.77393
12.85301
12.82399
12.90335
12.87366
12.95306
12.92402
13.00346
12.97431
13.0531
13.02449
13.1033
13.07463
13.15318
13.12492
13.20366
13.17541
13.25324
13.22589
13.30346
13.27599
13.3534
13.32572
13.40334
13.3755
13.45331
13.42522
13.50321
13.47564
13.55314
13.52528
13.60358
13.57502
13.65407
13.6248
13.70377
13.67505
13.75426
13.72482
13.80459
13.77509
13.85484
13.82515
13.90471
13.87508
14.00459
13.92542
14.05436
13.97515
14.10398
14.02487
14.15432
14.07454
14.20466
14.12487
14.25472
14.17503
14.30485
14.22549
14.35529
14.27587
14.40512
14.3262
14.45481
14.37649
14.50524
14.42643
14.55529
14.47649
14.60531
14.52683
14.65552
14.57699
14.70585
14.62743
14.75608
14.67755
14.80612
14.72727
14.85621
14.77727
14.90596
14.82738
14.9564
14.877
15.0062
14.92712
15.05663
14.97725
15.10708
15.0274
15.1571
15.07733
15.20721
15.12759
15.25717
15.17767
15.30763
15.27851
15.35809
15.32882
15.40822
15.37914
15.45844
15.42959
15.50842
15.47175
15.5583
15.52164
15.6085
15.57135
15.65869
15.62159
15.70843
15.67124
15.7587
15.72147
15.80835
15.77127
15.85848
15.82148
15.9089
15.87173
15.95886
15.9214
16.00914
15.97173
16.05927
16.07112
16.1095
16.12146
16.15919
16.17132
16.20956
16.22119
16.25976
16.2716
16.31014
16.32151
16.35974
16.37163
16.40982
16.42163
16.45978
16.47179
16.51026
16.52213
16.56079
16.57269
16.61088
16.62279
16.66062
16.67338
16.71032
16.72297
16.75995
16.77262
16.81038
16.8223
16.86078
16.8727
16.91112
16.92297
16.96082
16.97331
17.01097
17.02343
17.06128
17.07315
17.11146
17.12305
17.16154
17.17338
17.21191
17.22329
17.26232
17.27348
17.31267
17.32342
17.36271
17.37329
17.4124
17.42291
17.46247
17.47268
17.5125
17.5227
17.56277
17.57261
17.61297
17.62294
17.66333
17.67291
17.7133
17.72317
17.76366
17.77317
17.81372
17.82315
17.86357
17.87304
17.91384
17.92323
17.96383
17.97347
18.01418
18.02396
18.06445
18.07409
18.11428
18.12414
18.1643
18.1741
18.21469
18.22407
18.26445
18.27437
18.31436
18.32462
18.36462
18.37487
18.41432
18.4248
18.46421
18.4746
18.51464
18.52454
18.56432
18.57469
18.61465
18.62468
18.66497
18.67447
18.71463
18.72487
18.76436
18.77496
18.81469
18.82541
18.86444
18.87573
18.91443
18.92565
18.96462
18.97602
19.01458
19.02593
19.06465
19.07609
19.11496
19.12636
19.16508
19.176
19.21497
19.22608
19.26524
19.27642
19.31544
19.32613
19.36588
19.37619
19.41581
19.42654
19.4661
19.47668
19.5159
19.52679
19.56636
19.57705
19.61683
19.62728
19.66653
19.67733
19.71657
19.72728
19.76687
19.7775
19.81669
19.82786
19.86694
19.87793
19.91706
19.97813
19.96721
20.02785
20.01735
20.07819
20.0672
20.12793
20.1168
20.17781
20.16675
20.22738
20.21643
20.27765
20.26645
20.32739
20.31679
20.37706
20.36709
20.42719
20.41673
20.4775
20.46641
20.52747
20.51639
20.57723
20.56678
20.62718
20.61705
20.67712
20.66739
20.72743
20.71749
20.77729
20.76751
20.82756
20.81778
20.87797
20.86787
20.92796
20.91775
20.97824
20.96814
21.02861
21.01853
21.07879
21.0687
21.12844
21.11888
21.17806
21.16859
21.22772
21.21872
21.2775
21.2689
21.32799
21.3192
21.37843
21.36913
21.42804
21.41933
21.47822
21.5196
21.52824
21.56991
21.57872
21.61965
21.62858
21.67013
21.67854
21.72051
21.72852
21.77077
21.77887
21.82076
21.82925
21.87099
21.87903
21.92132
21.92911
21.97104
21.9787
22.02106
22.02837
22.07075
22.07842
22.12086
22.12895
22.17111
22.17931
22.22071
22.22914
22.27032
22.27879
22.32065
22.32904
22.37105
22.37908
22.42136
22.42952
22.47151
22.4799
22.52133
22.53032
22.57096
22.5807
22.62062
22.631
22.67103
22.68146
22.72137
22.73201
22.77138
22.782
22.82164
22.82708
22.86622
22.87715
22.91637
22.91575
22.96165
22.96581
23.01205
23.01608
23.0625
23.06646
23.11257
23.1168
23.16251
23.16706
23.21269
23.21747
23.26257
23.26766
23.31246
23.31772
23.36249
23.36794
23.41283
23.44568
23.4628
23.49572
23.51497
23.54591
23.56347
23.59771
23.61371
23.64668
23.66327
23.69622
23.71283
23.74608
23.76269
23.79607
23.81284
23.84573
23.86269
23.89554
23.91294
23.94512
23.96329
23.99553
24.01308
24.04567
24.06296
24.09574
24.11299
24.14538
24.16341
24.19539
24.21328
24.245
24.26333
24.29478
24.31359
24.34526
24.36348
24.39569
24.41336
24.44597
24.46382
24.49638
24.514
24.5463
24.56448
24.59644
24.6144
24.64644
24.66482
24.6967
24.71527
24.7468
24.76548
24.79644
24.81575
24.84633
24.86588
24.89648
24.91618
24.94666
24.9666
24.99635
25.01684
25.04633
25.06722
25.09664
25.11735
25.14682
25.16712
25.19713
25.21717
25.24745
25.26737
25.29724
25.31706
25.34772
25.36674
25.39743
25.41646
25.44712
25.46687
25.54679
25.51714
25.59679
25.56717
25.64665
25.61691
25.69704
25.66719
25.74708
25.71754
25.79735
25.76731
25.84768
25.81774
25.89781
25.86784
25.94768
25.9179
25.99742
25.96779
26.04738
26.01786
26.09724
26.06756
26.14757
26.11737
26.19794
26.16746
26.2481
26.21742
26.29821
26.26772
26.34856
26.31778
26.39841
26.36817
26.44868
26.41832
26.49843
26.46859
26.54888
26.51864
26.59881
26.56826
26.64876
26.61836
26.69876
26.66836
26.74872
26.71826
26.79906
26.76821
26.84937
26.81854
26.89979
26.86832
26.94986
26.91803
27.00034
26.96781
27.0508
27.01825
27.10072
27.06858
27.15061
27.11868
27.20103
27.16818
27.2508
27.21836
27.301
27.26848
27.35128
27.31864
27.40106
27.36887
27.45135
27.4185
27.50128
27.46895
27.55148
27.5193
27.60161
27.56908
27.65145
27.66903
27.70147
27.7189
27.75119
27.76855
27.80105
27.8189
27.85128
27.86933
27.90152
27.919
27.95117
27.96935
28.00121
28.01902
28.05137
28.06923
28.10147
28.16982
28.15164
28.22023
28.20201
28.27039
28.2519
28.32046
28.30186
28.37049
28.35208
28.42012
28.40246
28.47039
28.45233
28.52008
28.50237
28.55485
28.55252
28.60485
28.60236
28.64488
28.64745
28.69528
28.69725
28.74519
28.74766
28.79535
28.79776
28.84548
28.8479
28.89513
28.8983
28.94542
28.9486
28.99539
28.99866
29.04581
29.04873
29.09622
29.09899
29.14657
29.14943
29.19667
29.19978
29.24632
29.24948
29.29637
29.29968
29.3464
29.34936
29.39611
29.39929
29.44624
29.44971
29.49674
29.49997
29.5466
29.55011
29.59644
29.60038
29.64657
29.65018
29.69686
29.69989
29.7467
29.7495
29.79706
29.79932
29.84667
29.84977
29.89636
29.89994
29.94658
29.94975
29.99685
30.00007
30.04703
30.05047
30.09692
30.08801
30.14725
30.13823
30.19519
30.18783
30.24512
30.23762
30.29492
30.28794
30.34466
30.33781
30.39438
30.38794
30.4443
30.4381
30.49405
30.48817
30.54376
30.53842
30.59509
30.58835
30.64421
30.64001
30.69439
30.68884
30.7441
30.73906
30.79384
30.78899
30.84418
30.83868
30.89438
30.88888
30.94409
30.93876
30.99389
30.98916
31.04364
31.0396
31.09334
31.08932
31.14301
31.13903
31.19303
31.18865
31.2431
31.23842
31.29348
31.28889
31.34387
31.33926
31.39421
31.38896
31.44461
31.43894
31.4945
31.48941
31.54448
31.53986
31.59473
31.59005
31.64503
31.63968
31.69467
31.68969
31.74477
31.73933
31.7949
31.78941
31.84474
31.83945
31.89499
31.88971
31.94508
31.93777
31.99533
31.97935
32.04146
32.02932
32.09167
32.07904
32.14189
32.1294
32.19199
32.17965
32.24194
32.23005
32.29197
32.28054
32.34196
32.33064
32.39228
32.381
32.44212
32.43144
32.49234
32.48159
32.54222
32.5319
32.59255
32.58206
32.64282
32.63206
32.69255
32.68254
32.74295
32.7322
32.79299
32.78219
32.84306
32.83206
32.89308
32.88224
32.94287
32.93225
32.99275
32.98245
33.04285
33.0329
33.09299
33.08259
33.14266
33.13252
33.19247
33.18262
33.24253
33.2327
33.29301
33.28239
33.34292
33.33251
33.39301
33.38291
33.44337
33.43269
33.49341
33.48296
33.54367
33.53309
33.59332
33.58311
33.64365
33.6335
33.69387
33.6837
33.74419
33.73384
33.79407
33.78424
33.84433
33.83442
33.89399
33.88441
33.94364
33.93462
33.99702
33.9852
34.0438
34.03538
34.09414
34.08537
34.14387
34.13523
34.19409
34.23516
34.24385
34.28536
34.29406
34.33578
34.34406
34.38597
34.39406
34.43583
34.44389
34.48607
34.49416
34.53588
34.54453
34.58631
34.5949
34.6367
34.64457
34.68695
34.69432
34.73728
34.74466
34.78761
34.79456
34.83776
34.84425
34.88801
34.89438
34.93839
34.94436
34.98856
35.04452
35.03825
35.09482
35.08815
35.14455
35.13835
35.19462
35.18842
35.24474
35.23887
35.29491
35.28875
35.34484
35.33899
35.39497
35.38943
35.44514
35.43906
35.49548
35.48913
35.54522
35.53889
35.59555
35.58933
35.64562
35.63969
35.69535
35.68995
35.74563
35.73966
35.79542
35.78993
35.8452
35.83982
35.89531
35.88952
35.94571
35.93951
35.99606
35.98988
36.04587
36.04014
36.09588
36.08992
36.14622
36.13994
36.19642
36.18987
36.24614
36.23985
36.29655
36.28972
36.34669
36.33981
36.39669
36.38961
36.44703
36.43927
36.49716
36.48947
36.54756
36.53978
36.59796
36.58947
36.64783
36.6399
36.69748
36.68987
36.7474
36.74004
36.79769
36.7904
36.848
36.84071
36.8984
36.891
36.94802
36.94089
36.99779
36.99113
37.04771
37.04159
37.09768
37.0913
37.1474
37.1417
37.19724
37.19149
37.247
37.24189
37.29711
37.29193
37.34732
37.34243
37.39688
37.39286
37.44683
37.44271
37.49681
37.49295
37.54684
37.54325
37.59726
37.59372
37.64745
37.64408
37.69711
37.69411
37.74746
37.74448
37.79766
37.79419
37.84751
37.84418
37.89765
37.89387
37.9473
37.9439
37.99706
37.99376
38.04697
38.04354
38.09686
38.09397
38.14697
38.14375
38.19732
38.19408
38.24697
38.24393
38.29709
38.2937
38.39725
38.34366
38.44756
38.39341
38.49726
38.44311
38.54753
38.49318
38.59791
38.5428
38.64772
38.59293
38.69785
38.6433
38.74798
38.69354
38.79819
38.7438
38.84803
38.79417
38.89832
38.8442
38.94812
38.8941
38.99804
38.94396
39.04839
38.99362
39.09882
39.0435
39.14922
39.0932
39.19921
39.14335
39.24948
39.19379
39.2949
39.24386
39.33668
39.28656
39.38667
39.33466
39.43678
39.38429
39.48645
39.43435
39.5369
39.48472
39.57935
39.53512
39.62051
39.58515
39.65653
39.63534
39.68506
39.66005
39.72318
39.70544
39.75873
39.72509
39.79473
39.76252
39.83155
39.80167
39.85989
39.8228
39.90853
39.8728
39.94955
39.91913
39.98686
39.96257
40.03687
40.01217
40.0868
40.05853
40.13647
40.10857
40.18676
40.15841
40.23697
40.20813
40.2869
40.25821
40.33677
40.3079
40.38697
40.35819
40.43697
40.40845
40.48699
40.45825
40.53715
40.50813
40.58756
40.55779
40.63728
40.60752
40.687
40.65777
40.73675
40.70809
40.78645
40.75843
40.83674
40.80873
40.88649
40.85865
40.93645
40.90902
40.98674
41.00943
41.03702
41.05886
41.08714
41.10871
41.13674
41.15905
41.18662
41.20897
41.23638
41.259
41.28662
41.30376
41.33665
41.35418
41.38295
41.40442
41.43268
41.45444
41.48306
41.50448
41.53333
41.55436
41.58332
41.60397
41.63372
41.65417
41.68407
41.70436
41.73401
41.75452
41.784
41.8049
41.83424
41.85514
41.88407
41.90525
41.93452
41.95532
41.98427
42.00556
42.03409
42.05571
42.08424
42.10584
42.13451
42.15557
42.18449
42.20549
42.23483
42.25554
42.28503
42.30549
42.33522
42.35554
42.38518
42.40583
42.43491
42.45584
42.48471
42.50603
42.53496
42.55576
42.58526
42.60609
42.63565
42.65622
42.68553
42.70587
42.73578
42.75609
42.78551
42.80601
42.83518
42.85573
42.88485
42.90587
42.93459
42.95619
42.98448
43.00583
43.03462
43.05627
43.08498
43.10614
43.13516
43.15629
43.18484
43.20612
43.23529
43.25622
43.28548
43.30619
43.33552
43.35608
43.3859
43.40614
43.43572
43.45588
43.48571
43.50554
43.53534
43.55574
43.58534
43.60548
43.63544
43.65539
43.68521
43.70579
43.73557
43.75601
43.78591
43.80568
43.83622
43.85531
43.88624
43.90505
43.93664
43.95484
43.98711
44.00521
44.03697
44.10547
44.08675
44.15564
44.13661
44.20554
44.1867
44.25686
44.23709
44.30581
44.2872
44.35601
44.34083
44.40574
44.3879
44.45552
44.4375
44.50567
44.48734
44.55534
44.53758
44.60574
44.58762
44.6554
44.63783
44.70547
44.68799
44.75564
44.73822
44.80546
44.78809
44.85593
44.83853
44.90583
44.88821
44.95545
44.93852
45.00517
44.98845
45.05538
45.03852
45.10527
45.08831
45.15517
45.18854
45.20539
45.23858
45.25549
45.28834
45.30577
45.33821
45.35572
45.3884
45.4059
45.43867
45.45604
45.48866
45.50626
45.53858
45.55589
45.58833
45.60598
45.6383
45.65583
45.68799
45.70583
45.73808
45.7561
45.78808
45.8063
45.83808
45.85652
45.88824
45.90672
45.93831
45.95672
45.98859
46.00692
46.03888
46.05704
46.08904
46.10665
46.13866
46.15697
46.18864
46.20711
46.2388
46.25711
46.28883
46.30714
46.33923
46.35691
46.38897
46.40734
46.43938
46.45754
46.48956
46.50751
46.54005
46.55758
46.5897
46.60797
46.64002
46.65783
46.6899
46.70827
46.73986
46.75816
46.78966
46.80837
46.83979
46.85854
46.88989
46.90847
46.94011
46.95873
46.99057
47.00848
47.04036
47.05841
47.09072
47.10839
47.14042
47.15855
47.1901
47.20881
47.23985
47.2589
47.28999
47.30873
47.33965
47.35896
47.38995
47.40875
47.43983
47.45906
47.48997
47.50922
47.53975
47.55889
47.59011
47.61046
47.64021
47.65882
47.69017
47.70842
47.74184
47.75838
47.79047
47.80853
47.84056
47.85889
47.89042
47.90926
47.93997
47.95935
47.99035
48.00957
48.04031
48.05926
48.08995
48.10939
48.14034
48.15973
48.19044
48.20941
48.24022
48.25982
48.28984
48.30986
48.33996
48.36
48.38969
48.41027
48.44008
48.46065
48.48976
48.51081
48.5401
48.56065
48.59023
48.61051
48.64066
48.66045
48.69049
48.71018
48.7404
48.76006
48.79015
48.8098
48.83995
48.8597
48.88992
48.90947
48.93976
48.95921
48.98969
49.00967
49.03993
49.06004
49.08989
49.11009
49.13953
49.16029
49.18979
49.21003
49.23988
49.26023
49.28975
49.31066
49.33994
49.36106
49.38959
49.4107
49.43985
49.46099
49.49028
49.51066
49.54057
49.56028
49.59055
49.61026
49.64079
49.66056
49.69078
49.71039
49.74059
49.76075
49.79033
49.81038
49.84081
49.8601
49.89074
49.91018
49.94045
49.9599
49.99034
50.0097
50.04004
50.0594
50.08992
50.10921
50.13977
50.15882
50.19012
50.20914
50.23997
50.25891
50.28999
50.30917
50.33966
50.3589
50.39006
50.40881
50.43993
50.45885
50.49023
50.50917
50.5407
50.55938
50.59089
50.60937
50.6405
50.65898
50.6908
50.70942
50.74118
50.75951
50.79086
50.80968
50.84126
50.85955
50.89163
50.90935
50.94312
50.95914
50.99189
51.00929
51.04217
51.0591
51.09176
51.10916
51.14212
51.15919
51.19243
51.2089
51.24263
51.25876
51.29243
51.30854
51.34257
51.35903
51.39239
51.40927
51.44244
51.45895
51.49282
51.50898
51.54245
51.55865
51.59217
51.60833
51.64191
51.6582
51.69215
51.70819
51.74191
51.75792
51.79154
51.80842
51.84181
51.85887
51.89138
51.90934
51.94107
51.95934
51.99144
52.00952
52.0412
52.0592
52.09155
52.10912
52.14133
52.15922
52.19151
52.20941
52.24169
52.25984
52.292
52.30987
52.34234
52.36019
52.39277
52.41034
52.44276
52.46038
52.4931
52.51041
52.54307
52.56036
52.5934
52.61016
52.64332
52.65985
52.69323
52.71019
52.74323
52.76025
52.79289
52.81045
52.84325
52.86081
52.89367
52.91049
52.94402
52.96073
52.99389
53.0111
53.04356
53.06102
53.09318
53.11073
53.143
53.16079
53.19312
53.21116
53.24314
53.26113
53.29332
53.31103
53.34349
53.36065
53.39325
53.41063
53.44368
53.46065
53.49355
53.51063
53.54324
53.5603
53.59346
53.61016
53.6437
53.65999
53.69398
53.71025
53.74398
53.76072
53.79367
53.81035
53.8433
53.86005
53.89347
53.91043
53.94315
53.96029
53.99314
54.01025
54.04358
54.06012
54.14387
54.10964
54.19394
54.15969
54.2439
54.20963
54.29436
54.25958
54.34378
54.30997
54.39384
54.36037
54.44377
54.41028
54.4934
54.46003
54.54325
54.51041
54.59299
54.56034
54.643
54.61067
54.69285
54.66043
54.74318
54.71038
54.7935
54.76057
54.84372
54.81071
54.89391
54.86097
54.94372
54.91077
54.9941
54.96051
55.04391
55.01089
55.09356
55.06116
55.14329
55.11155
55.1929
55.16133
55.2433
55.21121
55.2937
55.26119
55.34361
55.31115
55.39377
55.36126
55.44344
55.40928
55.4935
55.45942
55.54356
55.50966
55.59327
55.55928
55.64352
55.60912
55.69374
55.65918
55.74368
55.70928
55.7936
55.75959
55.84388
55.80946
55.89423
55.85912
55.94436
55.90935
55.99464
55.95959
56.0444
56.00975
56.09478
56.05999
56.14467
56.10982
56.19437
56.16011
56.24404
56.21025
56.2937
56.26046
56.3441
56.31055
56.39408
56.36073
56.44428
56.41093
56.49408
56.4608
56.54443
56.51071
56.59414
56.56038
56.64375
56.6599
56.69402
56.70958
56.7442
56.75957
56.79435
56.80993
56.84461
56.85959
56.89494
56.90985
56.94512
56.96026
56.99545
57.0103
57.04552
57.06039
57.09514
57.11065
57.13646
57.16103
57.18626
57.21146
57.23595
57.26168
57.28564
57.31184
57.33606
57.36385
57.38573
57.41244
57.43565
57.46216
57.48548
57.5116
57.53521
57.56206
57.58519
57.61203
57.63493
57.66178
57.68535
57.71203
57.73495
57.76252
57.78445
57.81261
57.83472
57.86278
57.88507
57.91305
57.93518
57.96303
57.9856
58.01265
58.03553
58.0623
58.08567
58.11235
58.13587
58.16205
58.1861
58.21191
58.23638
58.26202
58.2862
58.31215
58.3366
58.36214
58.38707
58.41225
58.43744
58.46218
58.4878
58.51178
58.538
58.56151
58.58826
58.61164
58.63873
58.66209
58.68891
58.71218
58.73893
58.76244
58.78924
58.81275
58.83945
58.86244
58.88985
58.91229
58.94011
58.96201
58.99035
59.01171
59.04025
59.06143
59.08999
59.11127
59.1396
59.16101
59.18935
59.21141
59.23922
59.26142
59.28916
59.3114
59.33889
59.36185
59.38871
59.41145
59.43851
59.46186
59.48884
59.51143
59.53929
59.56115
59.58904
59.61134
59.63876
59.66154
59.68912
59.71154
59.73875
59.76184
59.78872
59.81153
59.83878
59.86116
59.88907
59.91115
59.93921
59.96109
59.98931
60.01135
60.03978
60.06145
60.08944
60.11115
60.13909
60.16082
60.18942
60.2112
60.23909
60.26148
60.2895
60.31177
60.33993
60.36195
60.39023
60.41205
60.44047
60.46167
60.49023
60.51172
60.54067
60.56175
60.59097
60.6122
60.64136
60.66259
60.6918
60.71247
60.74205
60.76264
60.79233
60.81268
60.8423
60.86261
60.89223
60.91239
60.94326
60.96224
60.9919
61.01194
61.04247
61.062
61.09209
61.11237
61.1424
61.16217
61.19209
61.21189
61.24213
61.26153
61.292
61.31129
61.34169
61.36124
61.39147
61.41153
61.44159
61.46189
61.49137
61.51191
61.54162
61.56207
61.59159
61.61195
61.64188
61.6624
61.69217
61.7127
61.74231
61.76292
61.79268
61.81313
61.84292
61.86324
61.89297
61.91342
61.94312
61.96319
61.99292
62.01281
62.04254
62.06264
62.0929
62.11292
62.14318
62.16272
62.1928
62.21284
62.24266
62.26252
62.29251
62.31216
62.34232
62.3619
62.39202
62.4123
62.44184
62.4626
62.4922
62.51281
62.54244
62.56311
62.59243
62.61327
62.64293
62.663
62.69337
62.71262
62.7437
62.76267
62.79386
62.81244
62.84418
62.86278
62.89404
62.91322
62.94372
62.96343
62.9934
63.01361
63.04363
63.0633
63.09404
63.1129
63.14406
63.16317
63.19452
63.21349
63.24485
63.2637
63.29456
63.3133
63.34428
63.3637
63.39472
63.41394
63.44506
63.46416
63.49548
63.51416
63.54591
63.56409
63.59618
63.61446
63.64611
63.66423
63.74603
63.71469
63.79648
63.76441
63.84614
63.81443
63.89582
63.86425
63.94622
63.91462
63.99657
63.96496
64.04671
64.01536
64.09637
64.06486
64.14615
64.11472
64.19601
64.1642
64.2466
64.21387
64.29695
64.26374
64.34669
64.3142
64.39646
64.36425
64.44643
64.41473
64.49623
64.46488
64.54614
64.51521
64.59603
64.56492
64.64586
64.61491
64.69573
64.66526
64.74548
64.71534
64.79534
64.76553
64.84507
64.80824
64.89222
64.84671
64.9378
64.88627
64.98743
64.936
65.03043
64.98244
65.07942
65.03258
65.12949
65.0825
65.17994
65.13216
65.22961
65.18211
65.27959
65.28143
65.32966
65.33173
65.38015
65.38206
65.43056
65.43214
65.48088
65.4818
65.53087
65.53206
65.58101
65.58192
65.63148
65.63216
65.68127
65.68198
65.731
65.73222
65.76787
65.78185
65.81641
65.82697
65.85513
65.87138
65.9054
65.92137
65.95528
65.97099
66.00568
66.02139
66.05574
66.07117
66.10617
66.12128
66.15614
66.17091
66.20657
66.22124
66.25626
66.2713
66.30627
66.32149
66.35638
66.37168
66.4064
66.42168
66.45619
66.47211
66.50584
66.52193
66.5556
66.57235
66.60592
66.62234
66.65612
66.67241
66.70604
66.72257
66.75603
66.77271
66.80625
66.82283
66.85609
66.87313
66.9065
66.92277
66.95686
66.97027
67.0065
67.02051
67.05682
67.07048
67.10697
67.12087
67.15691
67.1712
67.20605
67.22108
67.25584
67.2709
67.30555
67.32075
67.35549
67.3709
67.40585
67.4207
67.45618
67.47093
67.50652
67.52119
67.55618
67.57149
67.60635
67.62173
67.65621
67.67339
67.70607
67.72176
67.75605
67.77219
67.80577
67.82253
67.85558
67.87221
67.90584
67.92207
67.95776
67.9725
68.0067
68.02222
68.05678
68.072
68.10628
68.12193
68.15569
68.17192
68.20535
68.22225
68.25521
68.27206
68.30503
68.32186
68.35551
68.37159
68.40577
68.42168
68.45596
68.47152
68.50613
68.52164
68.55614
68.57171
68.60589
68.62147
68.65607
68.67108
68.70606
68.72144
68.75646
68.77164
68.80646
68.82133
68.85629
68.86806
68.90633
68.91844
68.95637
68.96886
69.00661
69.01878
69.1068
69.06845
69.15695
69.11887
69.20709
69.16933
69.25756
69.21951
69.30802
69.26978
69.35807
69.3195
69.40829
69.36926
69.45827
69.41927
69.50847
69.4692
69.5588
69.51884
69.60927
69.56878
69.65958
69.61869
69.70927
69.66909
69.74878
69.71957
69.79909
69.76964
69.84943
69.81995
69.89948
69.86996
69.94967
69.91958
69.99938
69.96922
70.04905
70.01923
70.09885
70.06916
70.14895
70.11885
70.19926
70.16869
70.2495
70.21918
70.29971
70.26962
70.34934
70.31925
70.39925
70.36901
70.44913
70.41864
70.49877
70.46837
70.54857
70.51839
70.5983
70.56815
70.64839
70.61785
70.69836
70.66795
70.74879
70.71823
70.79852
70.76807
70.84835
70.8178
70.89799
70.86754
70.94823
70.91738
70.99857
70.96769
71.04884
71.01741
71.09853
71.11817
71.14823
71.1679
71.19862
71.2179
71.24899
71.26769
71.29939
71.31755
71.34958
71.36707
71.3997
71.41736
71.44939
71.46761
71.49934
71.51721
71.54948
71.55949
71.60134
71.60966
71.65017
71.65943
71.70045
71.70908
71.74981
71.75938
71.80023
71.80976
71.8502
71.85965
71.90022
71.90986
71.95058
71.96
72.00047
72.01035
72.05077
72.06062
72.10049
72.10526
72.15034
72.15514
72.19997
72.20562
72.24528
72.25246
72.29503
72.30245
72.34508
72.35216
72.39497
72.40205
72.44461
72.45216
72.49444
72.50185
72.5447
72.5522
72.59495
72.60235
72.64467
72.65208
72.69501
72.70247
72.7454
72.75235
72.79582
72.80277
72.84626
72.85279
72.89642
72.90247
72.94666
72.95219
72.99687
73.00204
73.04727
73.05193
73.09776
73.10232
73.14821
73.15218
73.19833
73.20267
73.24799
73.25253
73.298
73.30256
73.3484
73.35233
73.39814
73.40266
73.44861
73.45238
73.49867
73.50212
73.54835
73.55203
73.59798
73.6017
73.64772
73.65189
73.69785
73.70222
73.74765
73.75189
73.79808
73.80199
73.84807
73.85211
73.89845
73.90178
73.9486
73.95145
73.99899
74.00179
74.04865
74.05164
74.09838
74.10202
74.14867
74.15164
74.19847
74.20198
74.24895
74.25172
74.29852
74.30193
74.349
74.35223
74.39941
74.40209
74.44965
74.45198
74.50001
74.50205
74.55032
74.55225
74.60018
74.60218
74.64987
74.65229
74.69954
74.70365
74.74927
74.75209
74.7992
74.80254
74.8496
74.85271
74.89984
74.90271
74.94952
74.95302
74.99923
75.00344
75.04952
75.0531
75.09982
75.10357
75.14976
75.15404
75.19955
75.20413
75.24947
75.25376
75.29955
75.30409
75.34938
75.35382
75.39925
75.40401
75.44965
75.45383
75.49964
75.50374
75.54998
75.55347
75.59963
75.60369
75.64998
75.65362
75.69992
75.704
75.75024
75.7542
75.80064
75.80392
75.85094
75.85403
75.90058
75.90395
75.95031
75.95383
76.00058
76.00347
76.05104
76.05335
76.10109
76.103
76.15089
76.15298
76.20084
76.20294
76.25076
76.25278
76.30043
76.30322
76.35023
76.35349
76.39995
76.40385
76.44976
76.45348
76.49947
76.50329
76.54996
76.5537
76.60001
76.604
76.64973
76.6543
76.70015
76.70453
76.74997
76.75459
76.8
76.80448
76.85033
76.85487
76.90044
76.90478
76.9503
76.95473
77.00029
77.00461
77.05019
77.05461
77.10017
77.10445
77.15057
77.1546
77.20087
77.20434
77.25052
77.2547
77.30042
77.30433
77.3501
77.35398
77.40015
77.40372
77.45042
77.45347
77.50009
77.50323
77.54996
77.5531
77.60029
77.60323
77.65007
77.65308
77.70005
77.70293
77.75002
77.75273
77.80012
77.80264
77.85018
77.85244
77.90022
77.90253
77.94998
77.9517
78.00024
78.00218
78.05011
78.05183
78.09974
78.10178
78.14951
78.15169
78.20142
78.20217
78.24988
78.25188
78.30036
78.30222
78.34993
78.35228
78.39996
78.40225
78.43906
78.43856
78.48903
78.48827
78.53899
78.53868
78.589
78.58875
78.63931
78.63876
78.68919
78.68925
78.73914
78.73907
78.7888
78.78891
78.83857
78.83878
78.88877
78.88908
78.93709
78.93391
78.98673
78.9836
79.03683
79.03329
79.08646
79.08329
79.1361
79.13327
79.18639
79.18307
79.23633
79.23289
79.28625
79.2829
79.33605
79.33307
79.38651
79.38303
79.43637
79.43304
79.4863
79.48276
79.53635
79.53281
79.58657
79.58252
79.63652
79.63243
79.68658
79.68288
79.73664
79.73319
79.78648
79.78355
79.83685
79.83356
79.88691
79.88393
79.9371
79.93035
79.98758
79.9804
80.03804
80.03007
80.08836
80.08006
80.13835
80.13036
80.18877
80.18012
80.23838
80.23048
80.28883
80.28094
80.33875
80.33128
80.38908
80.38101
80.43949
80.43138
80.48947
80.48127
80.53944
80.53149
80.58923
80.58176
80.63908
80.63153
80.68935
80.68118
80.73898
80.7308
80.78904
80.78069
80.83876
80.83045
80.88896
80.88181
80.93909
80.93019
80.98893
80.98014
81.03902
81.03004
81.08909
81.07971
81.13883
81.12978
81.18866
81.17979
81.23849
81.22974
81.28857
81.2796
81.33876
81.32986
81.3884
81.38006
81.43832
81.42997
81.48828
81.47977
81.53838
81.53004
81.58805
81.5798
81.62587
81.62029
81.67567
81.66999
81.72588
81.71985
81.77586
81.7698
81.82599
81.81983
81.87626
81.86963
81.92631
81.91928
81.97628
81.9697
82.02618
82.01945
82.07595
82.0693
82.12567
82.11956
82.17582
82.16997
82.22625
82.21962
82.27661
82.27011
82.32631
82.31998
82.37627
82.36996
82.42648
82.41997
82.47686
82.47024
82.52723
82.51988
82.57684
82.57021
82.6272
82.61996
82.67693
82.66984
82.72671
82.71976
82.7771
82.76949
82.82726
82.81911
82.87711
82.8688
82.92693
82.91902
82.97663
82.96886
83.02707
83.01894
83.07671
83.06918
83.12659
83.11894
83.17652
83.16864
83.22677
83.21861
83.27652
83.26841
83.3266
83.3121
83.37632
83.36206
83.42619
83.41208
83.47609
83.46207
83.52595
83.51242
83.57569
83.56281
83.62604
83.61268
83.6759
83.66307
83.72601
83.71349
83.77591
83.76316
83.82599
83.81349
83.87592
83.86396
83.92564
83.91387
83.9753
83.96432
84.02568
84.01461
84.07537
84.06716
84.12565
84.11506
84.17602
84.16545
84.22615
84.21555
84.27635
84.26501
84.32646
84.31472
84.37615
84.36282
84.42786
84.41282
84.47661
84.46321
84.52644
84.51295
84.57626
84.56282
84.6261
84.61272
84.6761
84.66241
84.72653
84.71238
84.7764
84.76262
84.82637
84.81294
84.87614
84.86266
84.92582
84.91261
84.97569
84.96252
85.02592
85.01263
85.07606
85.06298
85.12656
85.11261
85.17683
85.1626
85.22701
85.21299
85.27744
85.26268
85.3277
85.31248
85.37787
85.36217
85.42809
85.41258
85.47807
85.46284
85.52828
85.51328
85.57863
85.56354
85.62873
85.6138
85.67913
85.66399
85.72942
85.71396
85.77989
85.76411
85.82996
85.81403
85.88021
85.86436
85.93015
85.91419
85.97422
85.95658
86.02399
86.04493
86.06742
86.08538
86.1172
86.12916
86.15929
86.16196
86.20055
86.20605
86.24414
86.24408
86.2805
86.28206
86.31155
86.31144
86.34488
86.34339
86.36639
86.3711
86.38702
86.39537
86.40867
86.41281
86.42867
86.4397
86.45048
86.46572
86.4712
86.48386
86.48681
86.50895
86.51024
86.53061
86.52854
86.55311
86.54771
86.57032
86.56427
86.58585
86.58323
86.60228
86.60227
86.61685
86.61774
86.63245
86.63068
86.64838
86.6487
86.66321
86.66251
86.67862
86.6783
86.69128
86.6903
86.70368
86.70554
86.71874
86.71796
86.72958
86.73614
86.74219
86.74963
86.75565
86.76218
86.77045
86.7794
86.78358
86.78965
86.79605
86.80567
86.8132
86.8213
86.82845
86.83559
86.84
86.84865
86.85651
86.86425
86.87031
86.8788
86.88631
86.89307
86.89811
86.90634
86.90698
86.92049
86.9217
86.9314
86.93201
86.94474
86.9446
86.95911
86.9562
86.97389
86.97047
86.98289
86.97758
86.99654
86.98907
87.01003
87.0022
87.02293
87.0128
87.03467
87.02748
87.0482
87.04108
87.06083
87.05587
87.07412
87.07034
87.08612
87.08231
87.09362
87.09695
87.10757
87.10729
87.11957
87.12112
87.13171
87.13505
87.14416
87.14568
87.15443
87.15845
87.16936
87.16994
87.18246
87.18174
87.194
87.19291
87.21037
87.20662
87.21857
87.21778
87.23038
87.23344
87.24444
87.24271
87.2582
87.25671
87.27291
87.27038
87.29173
87.28604
87.3043
87.298
87.42307
87.31124
87.4958
87.3252
87.50829
87.33984
87.51793
87.3524
87.53129
87.36895
87.54052
87.38238
87.5508
87.39575
87.56171
87.40973
87.57233
87.4249
87.58406
87.43874
87.59333
87.4516
87.60259
87.46711
87.62339
87.48151
87.63586
87.49273
87.64506
87.50544
87.65244
87.5174
87.65969
87.5246
87.66691
87.53382
87.6761
87.54629
87.68529
87.55657
87.69268
87.56804
87.70191
87.57823
87.71359
87.58879
87.72279
87.59837
87.73004
87.60761
87.74179
87.61789
87.75203
87.62816
87.76126
87.64049
87.7715
87.65313
87.78319
87.66239
87.79038
87.6716
87.79961
87.68081
87.81018
87.69002
87.8219
87.69963
87.83266
87.71288
87.83999
87.72206
87.84715
87.72945
87.85435
87.73867
87.86605
87.74894
87.87978
87.7585
87.89578
87.77293
87.91179
87.78316
87.92687
87.7924
87.93459
87.80633
87.94377
87.81544
87.95294
87.82463
87.96215
87.83385
87.96932
87.8449
87.97992
87.85209
87.98911
87.91876
87.99934
87.93087
88.00852
87.9393
88.01569
87.94663
88.02288
87.95683
88.0331
87.96606
88.04028
87.97669
88.05051
87.98403
88.05772
87.99319
88.06689
88.00056
88.07404
88.00774
88.08123
88.0149
88.09225
88.02409
88.10143
88.03146
88.10861
88.03866
88.1156
88.04783
88.1226
88.05521
88.13178
88.06696
88.13896
88.07716
88.14614
88.08636
88.15534
88.09807
88.16272
88.10727
88.17195
88.11648
88.18459
88.12565
88.19378
88.13286
88.20803
88.14005
88.21937
88.15029
88.23115
88.15749
88.24785
88.18267
88.25583
88.19662
88.26308
88.23787
88.27012
88.25461
88.27931
88.26492
88.28664
88.27216
88.29385
88.28415
88.30407
88.29796
88.31329
88.30843
88.33271
88.32523
88.33991
88.33356
88.34996
88.3472
88.36163
88.35992
88.36896
88.37453
88.38844
88.38426
88.42941
88.40053
88.44585
88.43668
88.46016
88.45103
88.46941
88.45869
88.48278
88.47432
88.49311
88.51157
88.50802
88.52308
88.52558
88.56208
88.53725
88.57971
88.55176
88.59693
88.56951
88.61481
88.58154
88.63525
88.60948
88.64811
88.61911
88.65742
88.64711
88.67524
88.68269
88.68869
88.69791
88.70482
88.71315
88.71638
88.72958
88.73181
88.74444
88.74317
88.75177
88.75597
88.76357
88.76987
88.78094
88.77927
88.79594
88.79887
88.81369
88.82101
88.82986
88.8444
88.85977
88.86737
88.87413
88.89466
88.9109
88.91227
88.93164
88.92833
88.94808
88.93911
88.96693
88.96106
88.9774
88.97166
88.9999
88.99551
89.01197
89.00887
89.02604
89.02032
89.0379
89.03239
89.05057
89.04585
89.05813
89.05482
89.07214
89.06664
89.0797
89.07728
89.0969
89.09118
89.10767
89.09946
89.11806
89.10973
89.12849
89.12231
89.13736
89.13412
89.14463
89.14638
89.154
89.15556
89.16344
89.16481
89.17737
89.17503
89.1867
89.18421
89.19856
89.19141
89.20795
89.20404
89.21837
89.21754
89.22581
89.22472
89.23296
89.23394
89.24046
89.24128
89.25496
89.25048
89.26482
89.25768
89.2801
89.26498
89.28762
89.27946
89.30161
89.29121
89.31496
89.30379
89.3268
89.31879
89.33729
89.33128
89.35053
89.34394
89.35806
89.35471
89.37209
89.3681
89.37952
89.37991
89.3911
89.39259
89.40135
89.4029
89.40862
89.41463
89.42023
89.422
89.43048
89.42926
89.43772
89.43848
89.44696
89.44572
89.45876
89.45296
89.46796
89.46329
89.4752
89.47054
89.48443
89.48123
89.49369
89.48846
89.50291
89.49773
89.51215
89.507
89.52141
89.52031
89.52868
89.52959
89.53899
89.5388
89.54642
89.5461
89.55672
89.55785
89.56596
89.57053
89.57523
89.58226
89.58551
89.59154
89.59487
89.60507
89.60938
89.61684
89.61666
89.62961
89.62701
89.63987
89.63735
89.64919
89.65072
89.6644
89.65813
89.68016
89.67773
89.68707
89.69102
89.7024
89.70222
89.71507
89.71672
89.72437
89.72412
89.7391
89.73686
89.75178
89.75158
89.76725
89.76423
89.77679
89.77606
89.78944
89.79005
89.79682
89.80012
89.80867
89.81681
89.82189
89.82935
89.8344
89.84319
89.84749
89.85607
89.86179
89.86858
89.86987
89.88033
89.885
89.89349
89.89783
89.90086
89.90796
89.91339
89.92356
89.92796
89.93615
89.9366
89.94339
89.94924
89.95513
89.95662
89.96446
89.96835
89.9778
89.97862
89.9895
89.99532
89.99866
