0.007819004
0.008065573
0.02075209
0.02841514
0.03371414
0.03660229
0.04857821
0.052354
0.05724481
0.06757242
0.07020281
0.07976843
0.08518184
0.09557828
0.09841676
0.1036232
0.1099353
0.1102443
0.1221414
0.1243627
0.13557
0.1400352
0.1483324
0.1487457
0.1592548
0.1623641
0.1725506
0.1778343
0.183415
0.1908008
0.1998705
0.2046649
0.213512
0.2167752
0.2273389
0.2289643
0.2360012
0.2419539
0.247905
0.2554806
0.2616046
0.2685514
0.2754088
0.2816301
0.2890664
0.2953003
0.2977329
0.3094187
0.3113079
0.3219582
0.3200117
0.3356953
0.3325821
0.3500636
0.3415234
0.3680965
0.3554796
0.3783278
0.3665356
0.3884305
0.3755457
0.4028645
0.3868684
0.4168267
0.3958785
0.4268953
0.4048784
0.435608
0.4180718
0.4492155
0.4289072
0.4638779
0.441669
0.4770814
0.452
0.4906728
0.4609209
0.5035539
0.473612
0.5170933
0.4822119
0.5292345
0.4908722
0.5412134
0.503603
0.5532591
0.5129945
0.5680127
0.5239444
0.5808043
0.5339795
0.5922144
0.5441795
0.6040058
0.5563435
0.6167366
0.5684474
0.6258345
0.5819284
0.6398714
0.5950279
0.6523483
0.6087112
0.6655312
0.6204357
0.6788998
0.6318355
0.6936287
0.6473977
0.7022613
0.6589413
0.7090616
0.6706679
0.7208801
0.6830385
0.7296299
0.7001089
0.7449606
0.7111982
0.7580894
0.7250059
0.7706083
0.7385808
0.7832827
0.7515745
0.7926744
0.762674
0.8060243
0.7743798
0.819944
0.7877985
0.8269443
0.8022357
0.8401896
0.8157206
0.851535
0.8284914
0.8651515
0.8429241
0.8746638
0.8519261
0.8842806
0.8653132
0.897934
0.8775985
0.9110715
0.8909961
0.9268958
0.9039292
0.9400602
0.9155584
0.9501932
0.9290283
0.9588806
0.9407762
0.9740051
0.9540572
0.9869243
0.9649882
0.9992965
0.9776461
1.010425
0.9863167
1.025946
1.000023
1.039629
1.013029
1.054947
1.024764
1.067603
1.037955
1.079795
1.052626
1.093494
1.066159
1.112261
1.079019
1.125589
1.091135
1.13927
1.104525
1.156353
1.119997
1.169407
1.133801
1.183825
1.151038
1.197425
1.166154
1.209618
1.180029
1.21822
1.191954
1.224989
1.20356
1.234116
1.212294
1.246353
1.218866
1.257728
1.227599
1.270979
1.236971
1.277723
1.246448
1.284325
1.255198
1.2934
1.263973
1.304224
1.275195
1.310816
1.283864
1.319424
1.292588
1.328343
1.299324
1.339055
1.305915
1.347684
1.314586
1.356355
1.323171
1.366956
1.32995
1.373708
1.336556
1.382319
1.347796
1.390954
1.358362
1.39967
1.370501
1.408553
1.377262
1.418986
1.388747
1.427586
1.397329
1.434378
1.404117
1.444088
1.416282
1.450859
1.426888
1.460539
1.435548
1.467329
1.447762
1.477944
1.456378
1.486608
1.463014
1.493353
1.47352
1.504711
1.483928
1.511468
1.495257
1.520086
1.503907
1.529419
1.51306
1.538071
1.522527
1.547081
1.52931
1.555748
1.535918
1.564525
1.547047
1.571085
1.553793
1.579687
1.562499
1.586439
1.571324
1.593003
1.580101
1.599451
1.588792
1.608115
1.599173
1.616732
1.605919
1.625382
1.614587
1.634977
1.623289
1.643679
1.63296
1.652333
1.641657
1.66095
1.650295
1.670074
1.659011
1.67907
1.665924
1.687778
1.674615
1.699751
1.683242
1.70844
1.68999
1.717238
1.698812
1.72964
1.707431
1.739267
1.716125
1.747864
1.726578
1.754435
1.733324
1.76118
1.742123
1.767793
1.748895
1.774372
1.757923
1.783034
1.766614
1.791636
1.77319
1.798415
1.781817
1.804991
1.790645
1.811748
1.797435
1.8204
1.806101
1.826988
1.814762
1.836175
1.821322
1.844814
1.829989
1.851578
1.841901
1.860259
1.850654
1.868936
1.857237
1.877578
1.863854
1.88431
1.873387
1.890882
1.884939
1.899637
1.89172
1.908727
1.904011
1.915669
1.910587
1.927045
1.921386
1.93385
1.930071
1.944993
1.940971
1.953934
1.949585
1.9605
1.956348
1.967116
1.965504
1.975788
1.972239
1.985796
1.978812
1.992535
1.987585
1.998981
2.001417
2.005546
2.007984
2.014364
2.016688
2.027012
2.025813
2.033678
2.032542
2.0423
2.041682
2.049065
2.05062
2.060931
2.057369
2.067715
2.066079
2.076323
2.075442
2.082913
2.086651
2.093737
2.098584
2.10241
2.108317
2.10917
2.118169
2.119466
2.124956
2.128114
2.133709
2.138563
2.145766
2.147209
2.154412
2.156538
2.163214
2.165575
2.16997
2.178467
2.178968
2.185918
2.187643
2.192506
2.197382
2.203522
2.206048
2.210276
2.212628
2.220849
2.221273
2.231982
2.228048
2.240742
2.234637
2.251175
2.243608
2.259854
2.250375
2.27296
2.263105
2.28532
2.27208
2.292059
2.28084
2.298661
2.293246
2.305226
2.305034
2.311807
2.314713
2.321425
2.323435
2.328173
2.330048
2.336798
2.34038
2.345706
2.347004
2.355785
2.360211
2.364431
2.372705
2.374628
2.379465
2.381363
2.388629
2.387932
2.401094
2.39452
2.407829
2.403599
2.414406
2.414732
2.423112
2.423429
2.433045
2.430205
2.445635
2.439046
2.454305
2.447651
2.464577
2.454558
2.471336
2.461297
2.480138
2.468089
2.488892
2.47727
2.495667
2.484003
2.5026
2.49058
2.511603
2.497186
2.518358
2.50378
2.527743
2.515108
2.539224
2.521863
2.54794
2.530956
2.560077
2.539637
2.571575
2.548329
2.584029
2.556958
2.590706
2.567001
2.601968
2.575828
2.614749
2.582601
2.623364
2.595646
2.632159
2.606508
2.645126
2.614112
2.656931
2.625644
2.663896
2.635914
2.672575
2.642493
2.684341
2.65366
2.691108
2.662401
2.6998
2.669155
2.708626
2.679574
2.717678
2.688192
2.726597
2.696908
2.737794
2.70545
2.744542
2.714133
2.753173
2.72092
2.759973
2.733168
2.771358
2.739918
2.778106
2.750132
2.788812
2.756732
2.797472
2.765753
2.804205
2.774361
2.810795
2.783086
2.821957
2.792665
2.830662
2.801306
2.837404
2.809931
2.846125
2.818749
2.85497
2.827387
2.861753
2.836128
2.868303
2.842695
2.874878
2.851372
2.881272
2.860086
2.888036
2.868825
2.900407
2.877798
2.909196
2.884398
2.91879
2.895356
2.927456
2.904112
2.934365
2.916389
2.943021
2.925646
2.951637
2.932264
2.958429
2.942784
2.96729
2.951433
2.974028
2.958329
2.980635
2.964981
2.990703
2.973583
2.999469
2.982225
3.008592
2.990901
3.020302
2.997527
3.029731
3.006491
3.036466
3.015159
3.045035
3.023853
3.05167
3.033194
3.065874
3.039927
3.07882
3.046519
3.0881
3.055223
3.096766
3.061954
3.103681
3.068564
3.110423
3.077308
3.116814
3.083891
3.123366
3.093974
3.129833
3.102722
3.141486
3.112659
3.148231
3.119417
3.157032
3.128425
3.166073
3.135194
3.172826
3.143861
3.184213
3.15246
3.196484
3.159052
3.205079
3.168082
3.21367
3.174641
3.220399
3.181216
3.227014
3.192416
3.235691
3.20183
3.244878
3.210449
3.251449
3.219059
3.260157
3.227659
3.266899
3.236306
3.278054
3.244893
3.286698
3.251633
3.297283
3.260257
3.304012
3.266858
3.310564
3.273443
3.317145
3.282057
3.325814
3.288647
3.33463
3.300107
3.343563
3.308773
3.35223
3.31739
3.358827
3.325969
3.36539
3.336816
3.371794
3.346644
3.380406
3.356612
3.387162
3.365247
3.398281
3.373832
3.407247
3.382809
3.415828
3.393655
3.424532
3.403773
3.433828
3.412362
3.440409
3.419104
3.448987
3.427685
3.455561
3.436302
3.464192
3.444941
3.47596
3.456343
3.48476
3.464922
3.497735
3.473703
3.508993
3.485109
3.523009
3.497611
3.531786
3.507365
3.545873
3.516906
3.552625
3.530904
3.56415
3.542241
3.576987
3.553711
3.588193
3.566878
3.596822
3.578505
3.605759
3.586986
3.616811
3.595541
3.623559
3.604337
3.633559
3.616233
3.644659
3.625172
3.659025
3.633762
3.667872
3.642318
3.678275
3.654584
3.692091
3.666548
3.70133
3.67745
3.70789
3.686554
3.714488
3.701068
3.726742
3.71328
3.742006
3.724403
3.750614
3.733707
3.764022
3.74227
3.775422
3.752182
3.785918
3.766567
3.79874
3.781783
3.811459
3.793033
3.820527
3.805783
3.827154
3.814649
3.839471
3.823222
3.848021
3.834701
3.86027
3.843486
3.86922
3.856515
3.881488
3.867946
3.891171
3.878845
3.901379
3.88821
3.915681
3.899114
3.928202
3.910291
3.938875
3.918846
3.952612
3.932098
3.963591
3.940646
3.976721
3.950867
3.987419
3.96397
3.994686
3.972912
4.003352
3.982095
4.012343
3.991102
4.023406
4.003978
4.032073
4.012578
4.046484
4.025377
4.055017
4.038777
4.065994
4.049043
4.079334
4.062422
4.09055
4.071037
4.104052
4.079578
4.11297
4.091363
4.122549
4.104355
4.136047
4.117111
4.148063
4.129633
4.159854
4.142577
4.168548
4.151337
4.179862
4.163156
4.186481
4.173409
4.200068
4.187276
4.212083
4.19813
4.220851
4.207221
4.232874
4.220952
4.245271
4.234308
4.254282
4.246341
4.265206
4.262362
4.278948
4.27304
4.286881
4.285275
4.300935
4.296694
4.313302
4.310081
4.325405
4.323202
4.339505
4.33568
4.352898
4.349672
4.366069
4.361036
4.380102
4.373063
4.394801
4.386004
4.409834
4.397798
4.419963
4.407673
4.433871
4.419589
4.448473
4.433339
4.46261
4.449342
4.470431
4.461105
4.484476
4.480565
4.49998
4.496225
4.513391
4.508164
4.52561
4.524608
4.535192
4.534399
4.548804
4.548836
4.56037
4.561267
4.574009
4.576502
4.583918
4.589666
4.598172
4.605822
4.610129
4.619732
4.623794
4.634567
4.634963
4.645276
4.650731
4.658492
4.666997
4.671521
4.682393
4.687664
4.69774
4.702864
4.719977
4.727665
4.733992
4.743473
4.751843
4.761277
4.773857
4.778264
4.787463
4.796937
4.809438
4.813899
4.824122
4.827134
4.839189
4.850187
4.857105
4.869016
4.869724
4.884403
4.886134
4.902455
4.904789
4.922154
4.919964
4.943733
4.934322
4.963339
4.949526
4.977066
4.965051
4.992621
4.986402
5.0098
5.001268
5.032883
5.025868
5.046991
5.051067
5.065762
5.068396
5.082821
5.0888
5.100459
5.106972
5.115862
5.124861
5.136475
5.139292
5.179878
5.153696
5.19709
5.168635
5.217523
5.189055
5.232933
5.203899
5.292194
5.220851
5.323135
5.23799
5.341249
5.256589
5.371338
5.271451
5.386752
5.287664
5.408112
5.308197
5.423084
5.32953
5.447125
5.344435
5.468283
5.374647
5.485394
5.400028
5.511851
5.418059
5.534855
5.445325
5.556258
5.464446
5.586939
5.504861
5.632375
5.525527
5.676318
5.558757
5.70008
5.58959
5.747914
5.623252
5.770128
5.658426
5.805069
5.68259
5.834168
5.730322
5.889198
5.761407
5.928843
5.799167
5.953188
5.835588
5.988679
5.872654
6.019608
5.910077
6.070453
5.936882
6.102208
5.987162
6.156074
6.029517
6.182715
6.0769
6.211114
6.113246
6.233474
6.151089
6.268805
6.194103
6.292206
6.238511
6.323325
6.275345
6.369109
6.314442
6.384271
6.344483
6.426032
6.37271
6.451581
6.413979
6.500851
6.453264
6.538573
6.490777
6.573322
6.530177
6.616003
6.568974
6.665635
6.619103
6.715333
6.669369
6.765354
6.719166
6.815727
6.769392
6.865486
6.819166
6.915792
6.8695
6.966192
6.91997
7.016455
6.969939
7.066661
7.069901
7.11666
7.120069
7.1665
7.170164
7.216918
7.220327
7.267323
7.270426
7.317657
7.320489
7.367941
7.37043
7.4181
7.420847
7.468491
7.471219
7.518219
7.520852
7.568164
7.570625
7.618477
7.621091
7.66883
7.720984
7.719316
7.821422
7.769782
7.871145
7.820269
7.921146
7.870213
7.970929
7.920514
8.021319
7.970148
8.071603
8.020578
8.171349
8.070488
8.221206
8.120495
8.271482
8.170431
8.321308
8.220367
8.37139
8.270154
8.421787
8.319957
8.471406
8.369879
8.571053
8.419896
8.620843
8.470005
8.671058
8.520096
8.721036
8.569824
8.77154
8.619769
8.821538
8.669534
8.871184
8.719479
8.92124
8.769501
8.971403
8.819366
9.021269
8.869669
9.071397
8.919951
9.121287
8.970062
9.171628
9.020361
9.221333
9.070731
9.271694
9.170426
9.321778
9.270418
9.371463
9.320736
9.421826
9.370664
9.471638
9.420754
9.521522
9.471088
9.571327
9.521202
9.621485
9.621312
9.671371
9.671507
9.721457
9.721475
9.770856
9.771399
9.820636
9.821815
9.87056
9.871634
9.920435
9.921259
9.970432
9.971146
10.02072
10.021
10.07094
10.07108
10.12109
10.12111
10.17118
10.22124
10.22143
10.27145
10.27174
10.32114
10.32215
10.37114
10.37234
10.42164
10.42275
10.47203
10.47258
10.52171
10.52228
10.5714
10.5727
10.62153
10.62263
10.6715
10.67256
10.72186
10.72246
10.77164
10.77215
10.82191
10.82228
10.87166
10.8723
10.92152
10.9224
10.97156
10.97275
11.02196
11.0232
11.07169
11.0735
11.12197
11.12309
11.17163
11.17345
11.22183
11.2237
11.27158
11.27416
11.32126
11.32436
11.37099
11.3747
11.42135
11.42434
11.47174
11.4746
11.52209
11.52433
11.57183
11.574
11.62159
11.62376
11.6715
11.6734
11.77082
11.72314
11.8212
11.76278
11.84343
11.81265
11.8931
11.86242
11.9429
11.91272
11.99303
11.96234
12.04348
12.01239
12.09394
12.06221
12.14437
12.1126
12.19482
12.16242
12.24462
12.21279
12.29451
12.26306
12.34468
12.31284
12.39489
12.41304
12.44461
12.46341
12.49504
12.51368
12.54517
12.56391
12.59488
12.61357
12.6453
12.66321
12.69522
12.76345
12.7465
12.81333
12.79496
12.86373
12.84479
12.9136
12.89412
12.96358
12.94409
13.01372
12.99456
13.11347
13.04434
13.16325
13.09427
13.21353
13.14413
13.2633
13.19388
13.31305
13.2442
13.36272
13.29388
13.41297
13.34409
13.46303
13.39393
13.51316
13.44441
13.56345
13.49486
13.61359
13.54452
13.66396
13.59448
13.71432
13.64472
13.76405
13.69502
13.81389
13.74534
13.86365
13.79573
13.91355
13.84545
13.96332
13.89562
14.01355
13.94575
14.06382
13.99598
14.11368
14.04572
14.16397
14.09613
14.21425
14.14598
14.26424
14.19627
14.31425
14.29667
14.36431
14.34639
14.41471
14.39667
14.46451
14.44712
14.51474
14.49677
14.5646
14.54678
14.61493
14.59709
14.66531
14.64738
14.71574
14.69746
14.76607
14.7471
14.81635
14.79706
14.86657
14.84737
14.91697
14.89724
14.96684
14.94698
15.01717
14.99707
15.06723
15.04725
15.11699
15.097
15.209
15.14698
15.25922
15.19737
15.30934
15.24724
15.35955
15.29703
15.40967
15.34697
15.45989
15.39686
15.51009
15.44663
15.56056
15.49639
15.61093
15.54604
15.66129
15.59634
15.71095
15.64631
15.76074
15.69628
15.81041
15.74592
15.86068
15.79558
15.91041
15.84518
15.96078
15.89561
16.01084
15.94534
16.06085
15.99557
16.11078
16.04614
16.16104
16.09611
16.21159
16.14637
16.26088
16.19615
16.31068
16.24582
16.36099
16.29608
16.4106
16.34624
16.461
16.39644
16.51134
16.44681
16.56107
16.49701
16.61073
16.54663
16.66105
16.59677
16.71131
16.64703
16.76154
16.6971
16.812
16.74712
16.86164
16.79734
16.91138
16.84737
16.9618
16.89783
17.01159
16.94783
17.06187
16.99808
17.11192
17.04795
17.16233
17.09785
17.21218
17.14776
17.26223
17.19786
17.31253
17.24836
17.36279
17.29802
17.41311
17.3482
17.46321
17.3986
17.51346
17.44899
17.61325
17.49921
17.66371
17.54908
17.71358
17.59938
17.76393
17.64987
17.81416
17.69987
17.86436
17.75002
17.91464
17.80047
17.96506
17.85081
18.01524
17.90119
18.06545
17.9515
18.11588
18.00148
18.16603
18.05174
18.21625
18.10217
18.2667
18.1518
18.31709
18.20188
18.36744
18.25183
18.41751
18.30151
18.4677
18.35185
18.51801
18.40221
18.56842
18.45193
18.61847
18.50226
18.66891
18.55258
18.71927
18.60278
18.76889
18.65289
18.81924
18.70285
18.86964
18.75276
18.92003
18.80264
18.96999
18.85277
19.02
18.90313
19.06967
18.95325
19.11936
19.00343
19.16927
19.0535
19.21893
19.10317
19.26887
19.20353
19.31849
19.25324
19.36875
19.30296
19.41882
19.3533
19.46903
19.40448
19.51925
19.45306
19.56933
19.50319
19.61948
19.55322
19.6688
19.60332
19.71901
19.65317
19.76889
19.70288
19.81929
19.75323
19.86934
19.80347
19.91918
19.85377
19.96885
19.90408
20.01919
19.95415
20.0696
20.00458
20.11979
20.05456
20.16998
20.10465
20.22013
20.15458
20.27011
20.2043
20.32042
20.25428
20.37061
20.30469
20.42064
20.35518
20.47093
20.40522
20.52112
20.45553
20.5712
20.50534
20.62141
20.55503
20.67173
20.60486
20.72213
20.65476
20.7726
20.70457
20.82228
20.75428
20.872
20.80395
20.92174
20.8537
20.972
20.90343
21.02206
20.9537
21.07213
21.00375
21.12224
21.05373
21.17251
21.10336
21.223
21.15313
21.27298
21.20307
21.3231
21.25294
21.37332
21.30263
21.42359
21.35223
21.47359
21.40261
21.52378
21.45254
21.57389
21.50249
21.62416
21.55288
21.67408
21.60259
21.72431
21.65221
21.77458
21.70193
21.82508
21.75215
21.87546
21.80248
21.92568
21.85292
21.97545
21.90294
22.02564
21.95262
22.07549
22.00308
22.12554
22.05319
22.17516
22.10308
22.22492
22.15335
22.27538
22.20347
22.32581
22.25387
22.37602
22.3037
22.42584
22.35337
22.4757
22.40373
22.52571
22.45351
22.57603
22.50319
22.62611
22.53864
22.66584
22.58837
22.71601
22.63486
22.7657
22.6849
22.81574
22.73479
22.86587
22.78474
22.9159
22.83787
22.9661
22.885
23.01608
22.93477
23.06582
22.98507
23.1101
23.0352
23.16057
23.08467
23.20009
23.12572
23.27727
23.17604
23.3273
23.22584
23.37736
23.27582
23.4273
23.32613
23.4772
23.37624
23.52727
23.42626
23.5731
23.47643
23.62316
23.52656
23.67302
23.57683
23.72322
23.62698
23.77353
23.67731
23.82332
23.72705
23.87354
23.77684
23.92371
23.82663
23.974
23.87671
24.02438
23.92702
24.07465
23.97677
24.12495
24.02694
24.17493
24.06815
24.22525
24.11835
24.27532
24.16838
24.32552
24.21822
24.37585
24.26841
24.42573
24.31818
24.47561
24.36844
24.52587
24.41889
24.57628
24.46864
24.62668
24.56895
24.67706
24.61908
24.72752
24.66888
24.77763
24.71926
24.82786
24.76944
24.87752
24.81907
24.92719
24.86956
24.97761
24.91928
25.02734
24.96959
25.07732
25.0193
25.12714
25.06963
25.17685
25.11982
25.22727
25.17025
25.27754
25.22021
25.32764
25.27033
25.37737
25.32028
25.42725
25.37034
25.47729
25.42068
25.52723
25.47083
25.57706
25.521
25.62684
25.57067
25.67679
25.62103
25.72703
25.67066
25.77722
25.72095
25.82729
25.77138
25.87708
25.82148
25.92684
25.87128
25.97671
25.92165
26.02705
25.97168
26.07731
26.02133
26.12692
26.07142
26.17679
26.12105
26.22678
26.17145
26.27715
26.22114
26.32755
26.27461
26.3777
26.32174
26.42736
26.37214
26.47748
26.42266
26.52787
26.4723
26.57756
26.52237
26.62769
26.57219
26.67769
26.62197
26.72804
26.67234
26.77807
26.72226
26.82817
26.7726
26.87822
26.82265
26.9284
26.87284
26.97815
26.92274
27.02843
26.97286
27.07843
27.02299
27.1289
27.07311
27.17916
27.1232
27.22929
27.17303
27.27969
27.22346
27.32941
27.27346
27.37933
27.32339
27.429
27.37365
27.47943
27.42364
27.52946
27.47393
27.57968
27.52382
27.62941
27.57352
27.67956
27.62391
27.7292
27.67416
27.77933
27.72451
27.82927
27.77436
27.87967
27.82415
27.91799
27.87417
27.96401
27.92382
28.01413
27.97408
28.06441
28.02397
28.11481
28.07443
28.16478
28.11748
28.21471
28.16774
28.25929
28.2179
28.30934
28.26823
28.35909
28.31835
28.40917
28.36843
28.45921
28.4183
28.50952
28.46803
28.55966
28.5183
28.60966
28.61782
28.66006
28.66751
28.70994
28.71768
28.76027
28.76808
28.81005
28.81821
28.85988
28.86823
28.91026
28.9186
28.96071
28.96887
29.01044
29.01927
29.06063
29.06964
29.1104
29.12007
29.16013
29.17036
29.26064
29.22033
29.31064
29.2704
29.36049
29.32016
29.41078
29.37005
29.46056
29.42006
29.5105
29.46946
29.56026
29.51968
29.6102
29.56927
29.66015
29.61973
29.70986
29.65887
29.75964
29.70906
29.8095
29.74852
29.85945
29.79854
29.90959
29.84869
29.95924
29.89875
30.00912
29.94882
30.05931
29.99855
30.15957
30.04833
30.20924
30.09819
30.25902
30.14785
30.3091
30.19754
30.35945
30.24801
30.4099
30.29846
30.46032
30.34875
30.51009
30.39881
30.56042
30.44908
30.61069
30.49907
30.66105
30.54873
30.7111
30.59846
30.76151
30.64871
30.81181
30.69833
30.86211
30.74806
30.91257
30.79843
30.96294
30.89853
31.01264
30.94894
31.0625
30.99904
31.1129
31.04946
31.1633
31.09937
31.2137
31.14952
31.26339
31.19986
31.31321
31.24953
31.36334
31.34999
31.41306
31.39986
31.463
31.44985
31.5133
31.49955
31.5439
31.53977
31.59426
31.58948
31.63345
31.63917
31.68326
31.68945
31.73336
31.73992
31.78342
31.78972
31.83314
31.83958
31.88322
31.89005
31.93362
31.94049
31.98367
31.99064
32.03374
32.04062
32.08396
32.09035
32.13432
32.1407
32.18451
32.19117
32.23478
32.24138
32.28492
32.29171
32.33466
32.34171
32.38433
32.39211
32.43446
32.4422
32.48467
32.49208
32.53482
32.54221
32.58495
32.5927
32.63506
32.64276
32.68508
32.69238
32.73547
32.7421
32.78571
32.79176
32.8358
32.842
32.88606
32.89162
32.93625
32.94124
32.98606
32.99097
33.03633
33.0414
33.08653
33.09114
33.13671
33.14096
33.18713
33.19099
33.23746
33.24093
33.28767
33.2911
33.33916
33.34073
33.38786
33.391
33.48785
33.44111
33.53786
33.49108
33.58831
33.54128
33.638
33.59107
33.68764
33.64133
33.73805
33.69114
33.78844
33.74154
33.83628
33.7916
33.88635
33.84172
33.93622
33.89175
33.98655
33.94137
34.03669
33.99138
34.08644
34.04153
34.13678
34.09186
34.18699
34.14186
34.23732
34.1922
34.28779
34.24258
34.3375
34.29268
34.38785
34.34283
34.43758
34.39257
34.48792
34.44225
34.53809
34.49231
34.58783
34.54259
34.63796
34.5928
34.68784
34.64307
34.73795
34.69351
34.7883
34.74319
34.83874
34.79304
34.88837
34.84318
34.93874
34.8936
34.98911
34.94399
35.03941
34.99382
35.08989
35.04351
35.13977
35.09327
35.18995
35.14333
35.23982
35.19357
35.28948
35.24327
35.3391
35.29373
35.38873
35.34349
35.4387
35.39373
35.48917
35.44413
35.53904
35.49379
35.58927
35.54404
35.63936
35.59446
35.68916
35.6441
35.73909
35.6943
35.78923
35.74432
35.83902
35.79424
35.88928
35.84459
35.93955
35.89436
35.98922
35.99436
36.039
36.04402
36.08869
36.09395
36.13869
36.14423
36.18853
36.19471
36.23888
36.24438
36.28852
36.2947
36.33845
36.34616
36.38814
36.39455
36.43793
36.44411
36.48954
36.49405
36.538
36.54398
36.58808
36.59424
36.63781
36.64386
36.68755
36.69361
36.7375
36.74396
36.78731
36.79413
36.83758
36.84434
36.88753
36.89434
36.9377
36.94453
36.98768
36.9946
37.03799
37.04427
37.088
37.09413
37.13771
37.14386
37.1882
37.19389
37.23785
37.24368
37.28758
37.29365
37.33736
37.34381
37.43707
37.39362
37.48677
37.44345
37.53667
37.49371
37.58636
37.54396
37.63663
37.59381
37.6864
37.64393
37.73612
37.69361
37.78645
37.74347
37.83629
37.79348
37.88649
37.84373
37.9369
37.89368
37.9873
37.94408
38.03753
37.99452
38.08769
38.04441
38.13813
38.09487
38.18798
38.14493
38.23804
38.19492
38.28838
38.24517
38.33803
38.29492
38.38825
38.34492
38.43845
38.39515
38.48856
38.44492
38.53858
38.49458
38.58899
38.54441
38.63882
38.59432
38.68884
38.64467
38.73912
38.6945
38.78948
38.74439
38.83928
38.79406
38.88961
38.84437
38.93671
38.88999
38.97215
38.93973
39.0218
38.98966
39.07163
39.03979
39.12201
39.08945
39.16909
39.13942
39.21222
39.18109
39.26251
39.25233
39.29993
39.29471
39.32739
39.32262
39.36977
39.34944
39.40548
39.38893
39.43764
39.45278
39.47193
39.48595
39.5036
39.51965
39.54904
39.55642
39.58846
39.60684
39.63808
39.65466
39.67021
39.70457
39.72048
39.75124
39.77033
39.80097
39.82029
39.85071
39.87067
39.90039
39.92063
39.95005
39.97093
40.00029
40.02062
40.05079
40.07062
40.10064
40.12087
40.15071
40.17142
40.20079
40.22145
40.25048
40.27142
40.30024
40.32113
40.35068
40.37088
40.40104
40.42059
40.45149
40.47075
40.50137
40.52073
40.55184
40.57051
40.60182
40.62088
40.65178
40.67059
40.70151
40.72039
40.75129
40.77058
40.80148
40.82095
40.85177
40.87122
40.90154
40.92093
40.95055
40.97092
40.99206
41.02119
41.04175
41.07137
41.09182
41.1213
41.14206
41.17121
41.19195
41.22166
41.24227
41.27206
41.29267
41.32187
41.34233
41.3718
41.39227
41.4221
41.44253
41.47186
41.49269
41.57165
41.54242
41.62127
41.59206
41.67142
41.64242
41.72152
41.69245
41.77184
41.74266
41.82169
41.79282
41.87162
41.84294
41.97182
41.89339
42.0222
41.94378
42.07182
41.9938
42.12231
42.04427
42.17236
42.09412
42.22266
42.14422
42.27249
42.19392
42.32235
42.24441
42.37198
42.29405
42.42242
42.34431
42.47238
42.3948
42.52219
42.44526
42.57209
42.49492
42.62178
42.54507
42.67191
42.59518
42.72234
42.64492
42.77204
42.69511
42.82203
42.74533
42.87218
42.79548
42.92264
42.89529
42.97271
42.94513
43.02245
42.99399
43.0726
43.04363
43.12236
43.09356
43.17215
43.14352
43.22241
43.19372
43.27263
43.29411
43.32293
43.34406
43.37281
43.39423
43.42243
43.44419
43.47213
43.49406
43.52206
43.5438
43.57226
43.59417
43.62226
43.64386
43.67223
43.6943
43.7221
43.744
43.77229
43.79425
43.82253
43.84456
43.87269
43.89472
43.92255
43.94438
43.97294
43.99458
44.02259
44.04432
44.07282
44.09474
44.12262
44.14511
44.17299
44.19559
44.22334
44.24562
44.2734
44.29559
44.32379
44.34518
44.37341
44.39536
44.41832
44.44528
44.4684
44.49551
44.5184
44.54572
44.56838
44.59551
44.61845
44.64547
44.66807
44.69576
44.71769
44.74534
44.76793
44.79571
44.81839
44.84611
44.86805
44.89618
44.91841
44.9461
44.96818
44.99586
45.01813
45.04564
45.06813
45.09584
45.11853
45.14589
45.1687
45.19597
45.21912
45.24601
45.26952
45.29636
45.31969
45.34628
45.36993
45.39603
45.42022
45.44615
45.47006
45.4964
45.5204
45.54662
45.57043
45.59673
45.62057
45.647
45.67083
45.69702
45.77158
45.74727
45.82197
45.79766
45.87233
45.84741
45.92266
45.89743
45.97305
45.94706
46.02318
45.99675
46.07311
46.04669
46.12339
46.09636
46.17363
46.14659
46.22352
46.1962
46.27394
46.24586
46.32364
46.29551
46.37408
46.3456
46.42442
46.39588
46.47469
46.44547
46.52521
46.49561
46.57557
46.54544
46.62552
46.59562
46.67582
46.64588
46.72565
46.69635
46.77564
46.74687
46.82542
46.79714
46.87518
46.84683
46.9251
46.89634
46.97482
46.94625
47.02516
46.99619
47.07505
47.04659
47.12537
47.09645
47.17575
47.14606
47.22583
47.19651
47.27571
47.24645
47.32566
47.29675
47.3757
47.34667
47.42611
47.39684
47.47591
47.44645
47.52613
47.4962
47.5759
47.54585
47.62569
47.59618
47.6753
47.6461
47.72504
47.69659
47.7748
47.74632
47.8246
47.79632
47.87503
47.84605
47.92537
47.89653
47.975
47.94618
48.02519
47.99586
48.07562
48.04564
48.12532
48.14571
48.17522
48.19612
48.22541
48.24608
48.27501
48.29605
48.32492
48.34644
48.37529
48.39684
48.42522
48.4469
48.47507
48.49678
48.52505
48.54712
48.57515
48.59723
48.62555
48.64698
48.67522
48.69695
48.72509
48.74661
48.77525
48.79631
48.82495
48.84674
48.87484
48.89708
48.92459
48.94688
48.97499
48.9968
49.02541
49.04713
49.07501
49.09704
49.12472
49.14748
49.17439
49.19754
49.22418
49.24728
49.27385
49.29773
49.32374
49.34748
49.37381
49.3973
49.42351
49.44694
49.47327
49.49673
49.52306
49.54707
49.573
49.59722
49.62304
49.64762
49.67279
49.6975
49.72305
49.74762
49.77345
49.79776
49.82385
49.84739
49.87419
49.89733
49.92433
49.94722
49.97446
49.99726
50.02442
50.04742
50.07436
50.09723
50.12437
50.14769
50.174
50.19738
50.22416
50.24714
50.27385
50.29696
50.32418
50.34671
50.3739
50.39669
50.42369
50.44654
50.52342
50.49694
50.57377
50.54694
50.62386
50.59678
50.67418
50.64691
50.72441
50.69705
50.77459
50.74705
50.8243
50.79741
50.87425
50.84758
50.92402
50.89754
50.97365
50.94751
51.0233
50.99754
51.07298
51.0472
51.12281
51.09693
51.17321
51.14671
51.2235
51.19659
51.2739
51.24651
51.32436
51.29652
51.37415
51.34653
51.42384
51.39635
51.47367
51.44672
51.52402
51.49638
51.57386
51.54645
51.62367
51.59673
51.67329
51.64671
51.72375
51.69696
51.77349
51.74718
51.82396
51.79689
51.87363
51.84686
51.92356
51.89697
51.97328
51.94724
52.023
51.99706
52.07327
52.04677
52.12335
52.09699
52.17309
52.14729
52.2234
52.19703
52.27367
52.24746
52.32387
52.29776
52.3736
52.34795
52.42349
52.39769
52.47326
52.44802
52.52319
52.49823
52.5736
52.54784
52.62374
52.59751
52.67359
52.64784
52.72341
52.69818
52.77305
52.74823
52.82338
52.79831
52.87364
52.8485
52.924
52.8984
52.97362
52.94843
53.02381
52.99868
53.07381
53.04833
53.12346
53.09828
53.17345
53.1487
53.22378
53.19904
53.27438
53.24913
53.32457
53.29877
53.37437
53.34866
53.42439
53.44868
53.47414
53.49833
53.52399
53.54796
53.57407
53.59816
53.62413
53.64847
53.6742
53.69809
53.7242
53.74801
53.77404
53.79827
53.82386
53.84814
53.87405
53.89809
53.97416
53.94806
54.02449
53.99783
54.07465
54.04812
54.12446
54.09782
54.17431
54.14753
54.22449
54.19761
54.27486
54.24725
54.32481
54.29694
54.37458
54.34666
54.42438
54.39657
54.47477
54.44642
54.52461
54.49612
54.57431
54.54588
54.62425
54.59626
54.67392
54.64592
54.72357
54.69567
54.7739
54.74566
54.82414
54.79548
54.87408
54.8455
54.92374
54.89594
54.97379
54.94572
55.02417
54.99613
55.07462
55.04647
55.12433
55.09641
55.17425
55.14636
55.22465
55.19634
55.2746
55.24663
55.32474
55.29647
55.37436
55.34624
55.42416
55.39592
55.47431
55.44552
55.52443
55.4957
55.5741
55.54544
55.62449
55.59585
55.67414
55.64547
55.72416
55.69577
55.77456
55.74604
55.82504
55.7964
55.87523
55.84686
55.92519
55.89713
55.97503
55.94706
56.02543
55.99751
56.07568
56.04733
56.1259
56.09697
56.1763
56.14669
56.22661
56.19656
56.27683
56.2465
56.32654
56.29648
56.37694
56.34819
56.42738
56.39737
56.47721
56.4473
56.5274
56.49718
56.57853
56.54681
56.62299
56.59669
56.67167
56.64648
56.72142
56.69043
56.77209
56.74017
56.82142
56.79042
56.87119
56.84049
56.92088
56.89037
56.97065
56.94064
57.02092
56.99104
57.07121
57.0415
57.12098
57.09155
57.17137
57.14127
57.22121
57.1917
57.27153
57.24143
57.32193
57.29119
57.37165
57.34169
57.42206
57.39174
57.47198
57.44214
57.52199
57.49179
57.5718
57.58102
57.62167
57.6314
57.67206
57.68129
57.72251
57.73127
57.77224
57.78126
57.82238
57.83127
57.87253
57.88129
57.92244
57.93142
57.97207
57.98167
58.02177
58.032
58.07216
58.08208
58.12236
58.13174
58.1725
58.18182
58.2226
58.23215
58.27302
58.28233
58.32306
58.33205
58.37276
58.38181
58.42291
58.43168
58.47336
58.48131
58.57417
58.53099
58.62441
58.5811
58.67408
58.631
58.72416
58.6813
58.77422
58.73099
58.82398
58.78078
58.87395
58.83067
58.92384
58.88093
58.97348
58.93138
59.02397
58.98158
59.07437
59.03193
59.12403
59.08177
59.17437
59.13211
59.22418
59.18174
59.27431
59.23214
59.3247
59.28194
59.37465
59.33224
59.42433
59.43284
59.47401
59.4827
59.5242
59.53311
59.57404
59.63313
59.62375
59.6836
59.67395
59.73397
59.72388
59.78405
59.77387
59.83442
59.82387
59.88389
59.87381
59.93359
59.92421
59.98343
59.9743
60.03386
60.02403
60.08422
60.07423
60.13435
60.12414
60.18476
60.17443
60.23512
60.22488
60.28497
60.2752
60.33484
60.32565
60.38532
60.37526
60.43498
60.42495
60.48543
60.47519
60.53522
60.52481
60.58487
60.57513
60.63478
60.62492
60.68464
60.67459
60.73487
60.72428
60.78515
60.77415
60.83532
60.82439
60.88551
60.87405
60.93597
60.92448
60.98624
60.97419
61.03635
61.02427
61.08651
61.07421
61.13662
61.12445
61.18642
61.17407
61.23621
61.2244
61.28594
61.27425
61.33636
61.32441
61.38604
61.37405
61.43637
61.42439
61.48681
61.47405
61.53673
61.52372
61.58633
61.57341
61.63673
61.62312
61.68723
61.67326
61.73708
61.72334
61.78695
61.77324
61.8374
61.82317
61.88701
61.87304
61.93663
61.92286
61.98642
61.97271
62.03609
62.02252
62.0858
62.12239
62.13613
62.17285
62.18596
62.22259
62.23566
62.27266
62.28553
62.32245
62.33594
62.37238
62.38627
62.42279
62.43665
62.47257
62.48668
62.52236
62.53709
62.57232
62.58744
62.62222
62.63705
62.67198
62.68721
62.72202
62.73719
62.77225
62.78748
62.82211
62.83784
62.87251
62.88799
62.92223
62.93844
63.02164
62.98921
63.07198
63.03947
63.12244
63.08941
63.17278
63.13936
63.22418
63.18905
63.27308
63.23901
63.32347
63.28885
63.3731
63.33863
63.42309
63.38826
63.47271
63.43844
63.5224
63.48827
63.5725
63.53852
63.62217
63.58873
63.6719
63.63864
63.72229
63.68893
63.77208
63.73867
63.82173
63.78883
63.8714
63.83845
63.92189
63.88853
63.97169
63.93869
64.02202
63.98918
64.07169
64.03958
64.12216
64.08999
64.17213
64.14005
64.22202
64.19049
64.27206
64.24036
64.32234
64.29038
64.37195
64.34029
64.40507
64.37931
64.45483
64.41364
64.50476
64.46349
64.55434
64.51059
64.59759
64.56078
64.64749
64.61105
64.69787
64.66083
64.74762
64.71058
64.79779
64.7603
64.84818
64.81056
64.898
64.86094
64.94782
64.91117
64.9979
64.96125
65.04775
65.01131
65.09753
65.06137
65.14758
65.16154
65.19801
65.21127
65.24771
65.26169
65.29327
65.28316
65.34298
65.33002
65.38845
65.3668
65.43867
65.40549
65.48901
65.45543
65.53947
65.5555
65.58925
65.60547
65.63953
65.6552
65.68921
65.7056
65.73894
65.75547
65.78893
65.8056
65.83877
65.85589
65.88904
65.9062
65.93866
65.95621
65.98911
66.00661
66.03917
66.05655
66.08927
66.10646
66.13904
66.15688
66.18893
66.20713
66.23897
66.25716
66.28902
66.30747
66.33926
66.35769
66.38905
66.40759
66.43889
66.45785
66.4887
66.50801
66.53877
66.55839
66.58888
66.60866
66.63918
66.65862
66.68904
66.70882
66.73911
66.75819
66.78942
66.80805
66.83944
66.854
66.89001
66.90421
66.93992
66.95432
66.99004
67.00465
67.03976
67.05472
67.08957
67.10508
67.13969
67.15476
67.18997
67.20508
67.2401
67.25471
67.29004
67.30463
67.34048
67.35497
67.39063
67.40472
67.44064
67.45445
67.49095
67.50418
67.54121
67.55412
67.59088
67.60378
67.6405
67.6534
67.69074
67.70325
67.74062
67.75349
67.79037
67.80392
67.84063
67.85429
67.89104
67.90403
67.94141
67.95449
67.99174
68.0042
68.04202
68.05404
68.09196
68.10389
68.14206
68.15408
68.19217
68.20399
68.24194
68.25424
68.29217
68.30431
68.34179
68.35431
68.3919
68.40462
68.4418
68.45435
68.49197
68.50476
68.54237
68.55444
68.59241
68.60436
68.64266
68.65429
68.69294
68.70455
68.74282
68.75438
68.79272
68.80478
68.84309
68.85458
68.89321
68.90498
68.94328
68.95512
68.99339
69.00552
69.04322
69.05553
69.09313
69.09135
69.14307
69.13687
69.19344
69.18725
69.24227
69.23636
69.29195
69.28634
69.33744
69.33621
69.38713
69.38634
69.43726
69.43603
69.48748
69.48607
69.53784
69.53574
69.58811
69.58581
69.63847
69.6357
69.68884
69.68562
69.73906
69.7353
69.78906
69.78561
69.83941
69.83582
69.88938
69.88613
69.93913
69.93597
69.98885
69.98566
70.03876
70.03595
70.08864
70.08562
70.13699
70.13703
70.18727
70.18618
70.23772
70.23653
70.2874
70.28613
70.33738
70.33556
70.38729
70.38567
70.43735
70.43559
70.48763
70.48522
70.53802
70.53482
70.58759
70.58462
70.6373
70.68419
70.68699
70.73388
70.73703
70.78432
70.78678
70.83421
70.83689
70.8838
70.88695
70.93427
70.93681
70.98404
70.98654
71.0315
71.03621
71.06268
71.08656
71.11297
71.13618
71.16268
71.18642
71.21227
71.23678
71.26261
71.28664
71.31258
71.33652
71.36269
71.38635
71.40766
71.43611
71.45799
71.48583
71.50799
71.53568
71.55807
71.58587
71.60777
71.63581
71.65319
71.686
71.7003
71.73583
71.74663
71.78583
71.79678
71.83607
71.84643
71.88642
71.89682
71.93662
71.94723
71.98696
71.99765
72.03703
72.0473
72.08747
72.09729
72.13734
72.14713
72.18776
72.19679
72.23813
72.24696
72.28855
72.2967
72.3382
72.34657
72.38787
72.39645
72.43787
72.44629
72.48782
72.49619
72.53796
72.54599
72.58842
72.59644
72.63815
72.64622
72.68861
72.69611
72.7384
72.74577
72.78806
72.79592
72.83772
72.84568
72.88821
72.89536
72.9384
72.94514
72.98841
72.99521
73.03832
73.04552
73.08799
73.09598
73.1378
73.14632
73.18821
73.19662
73.23812
73.24678
73.2886
73.29718
73.33898
73.34682
73.3888
73.39651
73.43907
73.44688
73.48952
73.49664
73.5394
73.54649
73.58971
73.59695
73.63953
73.64669
73.68927
73.69854
73.73971
73.74717
73.78993
73.79736
73.83973
73.84717
73.89021
73.89637
73.94018
73.94663
73.99034
73.99625
74.04066
74.04643
74.09
74.09642
74.1397
74.14654
74.18954
74.19682
74.23993
74.24699
74.29033
74.29685
74.34051
74.34658
74.39084
74.39647
74.44093
74.44629
74.49133
74.49609
74.54139
74.54575
74.59162
74.59549
74.64125
74.64539
74.69092
74.69592
74.74131
74.74569
74.79117
74.79611
74.84156
74.84638
74.89206
74.8968
74.94193
74.94647
74.99178
74.99638
75.04189
75.04678
75.09172
75.14677
75.14143
75.19707
75.19189
75.24673
75.24181
75.2972
75.29192
75.3474
75.34218
75.39771
75.39191
75.44813
75.4423
75.49859
75.49198
75.54836
75.54203
75.59811
75.59187
75.64804
75.64177
75.69791
75.69174
75.7478
75.74164
75.79753
75.79158
75.84731
75.84142
75.89732
75.89103
75.94724
75.94136
75.99745
76.04169
76.04785
76.09177
76.09798
76.14197
76.1483
76.19215
76.19836
76.29286
76.24856
76.3427
76.29852
76.39276
76.34829
76.44243
76.39859
76.49287
76.44852
76.54248
76.49819
76.59243
76.5479
76.64242
76.59801
76.69236
76.64789
76.74208
76.69762
76.79247
76.74743
76.84276
76.79765
76.89261
76.84811
76.94231
76.89835
76.99247
76.94805
77.04242
77.04778
77.09272
77.09805
77.14226
77.1473
77.19215
77.19707
77.24197
77.24678
77.29189
77.34671
77.34212
77.39656
77.39224
77.44627
77.44228
77.49625
77.49237
77.54649
77.54224
77.59623
77.59227
77.64629
77.64207
77.69634
77.6919
77.74613
77.74227
77.79583
77.79248
77.84582
77.84293
77.89614
77.89279
77.94621
77.94304
77.99621
77.99268
78.04586
78.04284
78.09566
78.09251
78.14578
78.14285
78.19556
78.1925
78.2458
78.24252
78.29466
78.29277
78.34429
78.34313
78.39468
78.3928
78.44459
78.44324
78.49461
78.4932
78.54473
78.54297
78.59449
78.59267
78.64439
78.64299
78.69434
78.69277
78.74432
78.72913
78.79224
78.77955
78.84239
78.82946
78.89202
78.8795
78.94168
78.92943
78.99178
78.97925
79.04169
79.02949
79.09175
79.07945
79.14135
79.12949
79.19174
79.17957
79.24155
79.22952
79.29188
79.27954
79.34211
79.32955
79.39193
79.37948
79.44228
79.42918
79.4924
79.47958
79.54221
79.52961
79.59244
79.57958
79.64249
79.62964
79.69254
79.67936
79.74216
79.72327
79.79212
79.77334
79.84244
79.82307
79.89267
79.87304
79.94244
79.92319
79.99239
79.97329
80.04239
80.02341
80.09233
80.07622
80.14252
80.12393
80.19226
80.17379
80.24192
80.27396
80.29135
80.32394
80.34169
80.37376
80.39162
80.42393
80.44142
80.47388
80.49156
80.5239
80.54177
80.57393
80.59196
80.62426
80.64185
80.6746
80.69151
80.7248
80.74145
80.77467
80.79121
80.82461
80.84161
80.87455
80.89124
80.92459
80.94124
80.97486
80.99129
81.02502
81.04168
81.0752
81.09164
81.12515
81.14211
81.17525
81.19203
81.22508
81.24242
81.27494
81.29282
81.32509
81.34316
81.37547
81.3932
81.42541
81.44286
81.47504
81.49269
81.52478
81.54278
81.57526
81.59274
81.62518
81.64241
81.675
81.69257
81.72467
81.74242
81.77437
81.7927
81.82438
81.84281
81.87424
81.89269
81.92455
81.94267
81.97457
81.9927
82.02465
82.04249
82.07457
82.09213
82.12452
82.14213
82.17426
82.19248
82.22443
82.24213
82.27444
82.29176
82.32452
82.34139
82.37432
82.39181
82.42406
82.44167
82.47411
82.49135
82.52377
82.54147
82.57362
82.59128
82.6235
82.64126
82.67343
82.69115
82.72318
82.74099
82.77285
82.79086
82.82262
82.84104
82.87281
82.89071
82.92269
82.94041
82.97318
82.99025
83.02329
83.04025
83.07365
83.09011
83.12494
83.13987
83.17359
83.18975
83.22319
83.24021
83.27286
83.29001
83.32291
83.33994
83.37277
83.38933
83.4231
83.43927
83.47291
83.48907
83.52304
83.53873
83.57275
83.58853
83.62318
83.63853
83.67342
83.68845
83.7233
83.7386
83.7737
83.78873
83.82349
83.83871
83.87396
83.8887
83.9242
83.93847
83.97466
83.98826
84.02464
84.03833
84.07443
84.08806
84.12469
84.13785
84.17442
84.1879
84.22494
84.23797
84.27509
84.28825
84.32504
84.33812
84.37476
84.38838
84.42524
84.43823
84.4757
84.48801
84.52576
84.53771
84.57567
84.58765
84.62543
84.6377
84.6758
84.68798
84.72559
84.73808
84.77567
84.7879
84.8259
84.83765
84.87573
84.88743
84.92614
84.93751
84.97579
84.98742
85.02573
85.03704
85.07546
85.08691
85.12598
85.13684
85.17586
85.18652
85.2256
85.23692
85.27546
85.28683
85.32593
85.33709
85.37627
85.38736
85.82394
85.43758
85.91278
85.48766
85.94801
85.53761
85.97985
85.58764
86.01254
85.63781
86.03599
85.68776
86.07288
85.73536
86.10991
85.78094
86.1885
85.81439
86.21091
85.85316
86.23238
85.89797
86.24957
85.92969
86.26672
85.95463
86.28567
85.97534
86.3063
86.00115
86.32352
86.02349
86.34414
86.05527
86.36297
86.08821
86.37687
86.12954
86.39307
86.15695
86.41363
86.17593
86.43066
86.19476
86.44957
86.21289
86.46504
86.23441
86.48997
86.25595
86.51418
86.28166
86.54599
86.29975
86.56171
86.32378
86.58745
86.34859
86.61677
86.36315
86.63831
86.38379
86.6614
86.42313
86.67856
86.44295
86.69978
86.46603
86.72212
86.48503
86.74363
86.51009
86.76437
86.53579
86.78951
86.55201
86.80626
86.57166
86.8316
86.59309
86.85445
86.63688
86.88416
86.66879
86.90295
86.68686
86.92677
86.70415
86.9445
86.72892
86.96408
86.74246
86.98031
86.78741
87.00191
86.80009
87.0183
86.81289
87.03116
86.82609
87.04584
86.85407
87.05825
86.86962
87.07206
86.89714
87.08624
86.91146
87.09859
86.92282
87.11185
86.93491
87.12232
86.95847
87.13493
86.97154
87.14619
86.98207
87.16151
86.99442
87.1727
87.00345
87.18697
87.02089
87.19759
87.02812
87.21038
87.04213
87.22179
87.05446
87.23292
87.06695
87.24819
87.08131
87.25533
87.09313
87.26432
87.10825
87.27826
87.11846
87.29105
87.12995
87.30331
87.14246
87.31044
87.15746
87.32359
87.17227
87.33342
87.18745
87.34544
87.20198
87.35859
87.21564
87.37141
87.26412
87.38156
87.27155
87.39388
87.34191
87.40572
87.3543
87.41852
87.36478
87.43091
87.37599
87.44192
87.38752
87.45302
87.39693
87.46458
87.41994
87.47491
87.43553
87.48761
87.45322
87.49693
87.46644
87.5073
87.48045
87.53252
87.49825
87.54702
87.51402
87.55659
87.52805
87.57298
87.54733
87.58349
87.56292
87.59903
87.5807
87.60809
87.59388
87.62122
87.60951
87.63827
87.6222
87.65476
87.63661
87.66221
87.6519
87.67719
87.66864
87.6881
87.6804
87.70161
87.6944
87.71487
87.71094
87.72954
87.7254
87.74509
87.73866
87.75576
87.75127
87.77005
87.76303
87.78276
87.77323
87.79144
87.78674
87.8055
87.80014
87.81294
87.81345
87.82884
87.82272
87.84058
87.83019
87.85557
87.8428
87.86296
87.85207
87.87582
87.8654
87.88647
87.87286
87.90101
87.88858
87.91624
87.89903
87.93301
87.91092
87.94495
87.92018
87.9604
87.94238
87.96774
87.9498
87.97838
87.96233
87.99014
87.97157
88.00044
87.97898
88.01369
87.9893
88.02708
87.99964
88.03981
88.00887
88.05307
88.01916
88.06176
88.03587
88.07523
88.0451
88.08837
88.0729
88.09583
88.08322
88.1085
88.09353
88.11903
88.1008
88.12937
88.11007
88.14201
88.11977
88.14927
88.1272
88.15963
88.14053
88.16891
88.16116
88.18229
88.17047
88.19163
88.18499
88.20618
88.19233
88.22009
88.2075
88.23421
88.22137
88.25114
88.22876
88.27464
88.25531
88.28751
88.2681
88.30536
88.28313
88.31775
88.29526
88.33019
88.30523
88.3405
88.31757
88.35064
88.32496
88.3624
88.34339
88.37263
88.35072
88.37997
88.35793
88.38916
88.36707
88.39841
88.37969
88.41103
88.38886
88.4203
88.39949
88.4306
88.41624
88.44237
88.42997
88.45514
88.43935
88.47899
88.46455
88.49323
88.47517
88.50246
88.48444
88.51872
88.49793
88.52814
88.5098
88.53989
88.51842
88.54734
88.52776
88.56008
88.54451
88.57304
88.55206
88.59184
88.57404
88.60502
88.58218
88.62608
88.60172
88.64363
88.61878
88.6638
88.63889
88.6785
88.64771
88.69446
88.66219
88.70182
88.67251
88.71455
88.68528
88.7232
88.69625
88.73589
88.70549
88.74761
88.71473
88.75687
88.72743
88.76601
88.7349
88.77521
88.74832
88.78561
88.76369
88.80507
88.77903
88.81865
88.79945
88.83163
88.8205
88.84992
88.83495
88.86945
88.86672
88.8882
88.8819
88.91116
88.90067
88.94411
88.92379
88.95678
88.94412
88.97646
88.96638
88.99323
88.98251
89.00583
89.00208
89.0407
89.02419
89.05589
89.03857
89.0668
89.05448
89.08034
89.06582
89.09371
89.07832
89.10568
89.09165
89.11836
89.1023
89.13345
89.11498
89.14014
89.12215
89.15255
89.12923
89.16236
89.13815
89.17129
89.15197
89.18289
89.15916
89.19007
89.16943
89.19928
89.18205
89.20847
89.19158
89.21867
89.19878
89.22552
89.20795
89.23747
89.21711
89.24466
89.22634
89.25494
89.24122
89.26733
89.24845
89.27473
89.25571
89.2821
89.2683
89.28934
89.27858
89.29862
89.28891
89.31039
89.30235
89.32305
89.31264
89.33232
89.32188
89.34155
89.33112
89.35388
89.34016
89.36115
89.35275
89.37035
89.36308
89.37957
89.37231
89.38679
89.3797
89.39609
89.3869
89.40634
89.39616
89.4136
89.40356
89.42625
89.41078
89.43654
89.42001
89.44574
89.42928
89.45312
89.43851
89.46035
89.44774
89.46755
89.45693
89.47678
89.46616
89.48598
89.47357
89.4934
89.48282
89.50062
89.49454
89.50985
89.50604
89.51907
89.5153
89.52648
89.52684
89.53573
89.53426
89.54308
89.54148
89.55033
89.5507
89.55962
89.55807
89.56994
89.56534
89.58315
89.57462
89.59064
89.58867
89.60605
89.59798
89.61784
89.61256
89.63229
89.6199
89.63971
89.62711
89.65315
89.63737
89.66486
89.64767
89.67815
89.66213
89.68542
89.67138
89.69888
89.68311
89.71221
89.6977
89.72253
89.7083
89.73634
89.72211
89.74952
89.73544
89.76131
89.74449
89.7767
89.75997
89.78495
89.76991
89.79427
89.78161
89.80586
89.79551
89.81924
89.80295
89.82817
89.81964
89.84212
89.83062
89.85455
89.8427
89.86382
89.85004
89.87555
89.8651
89.8858
89.87697
89.89506
89.88861
89.90427
89.8989
89.91147
89.90815
89.91867
89.92086
89.92593
89.93082
89.9362
89.93802
89.94541
89.9452
89.95261
89.95239
89.9629
89.96159
89.97009
89.969
89.97933
89.97821
89.98959
89.9874
89.99701
89.99667
