0.007527317
0.007524068
0.02198531
0.02107399
0.03052868
0.03311307
0.04312418
0.04504627
0.05528864
0.05575001
0.0673302
0.06731027
0.07818588
0.07953504
0.08971903
0.09114952
0.09830027
0.1052158
0.1117125
0.1160572
0.1229663
0.1257213
0.1360329
0.140348
0.1476407
0.1479168
0.1611963
0.1564581
0.1678279
0.1664789
0.1805543
0.180066
0.1892353
0.1885344
0.2026478
0.2031321
0.2093558
0.213707
0.2198138
0.2253045
0.2283949
0.2381354
0.2415826
0.2517747
0.2516509
0.262743
0.26024
0.2717012
0.2697544
0.284197
0.2822501
0.295657
0.2937269
0.3089193
0.3054264
0.3184003
0.3144617
0.3269252
0.3251801
0.3377312
0.3371176
0.3466411
0.350013
0.3552078
0.3615271
0.3685342
0.3700478
0.3825923
0.3798562
0.3911442
0.3937931
0.4010421
0.4052264
0.4133666
0.4179592
0.4261124
0.4281927
0.4350747
0.4402921
0.4436782
0.4526187
0.455653
0.4648895
0.4683634
0.4797017
0.4799423
0.4900496
0.4889002
0.5010571
0.5027065
0.5143005
0.5152435
0.5209152
0.5238037
0.5295088
0.5323787
0.5399233
0.541941
0.5504791
0.5505404
0.5652309
0.563657
0.5739203
0.5736941
0.585647
0.5855267
0.5942324
0.5923291
0.6075692
0.6037308
0.6161526
0.6190245
0.6274377
0.6314346
0.6373041
0.6443946
0.6481576
0.6565942
0.6548246
0.6694606
0.6688496
0.6801186
0.6777033
0.6946453
0.6903445
0.708568
0.701986
0.7202638
0.7136314
0.7335383
0.7221726
0.7462316
0.7287874
0.7579858
0.7408414
0.7705832
0.7533473
0.7832455
0.7658221
0.7921871
0.7790529
0.8053823
0.7914525
0.8150637
0.8000337
0.8251238
0.8107045
0.8364527
0.8220934
0.8450233
0.8345181
0.8547916
0.8473594
0.8650206
0.8609737
0.8762681
0.8703842
0.8855914
0.879015
0.8987554
0.8900856
0.9120528
0.9009832
0.9260568
0.9096999
0.9374377
0.9228829
0.9501165
0.93522
0.9609996
0.9470904
0.9744974
0.9551362
0.9862678
0.9678503
0.9965968
0.980046
1.01124
0.9925478
1.024729
1.004783
1.037127
1.017703
1.049962
1.028316
1.064265
1.038582
1.074774
1.047299
1.08639
1.056648
1.101111
1.069365
1.113798
1.082164
1.121694
1.096758
1.131729
1.10677
1.141998
1.120341
1.151687
1.126938
1.161082
1.135494
1.170197
1.145713
1.181032
1.159379
1.189597
1.165979
1.198663
1.174912
1.20792
1.185831
1.214508
1.194433
1.223995
1.201016
1.23312
1.20743
1.239689
1.215976
1.246287
1.226294
1.254859
1.237236
1.263505
1.245819
1.270061
1.252421
1.276494
1.26101
1.286094
1.270779
1.292852
1.282712
1.302431
1.289331
1.314093
1.29809
1.322728
1.304665
1.331395
1.311245
1.339994
1.320165
1.346928
1.32674
1.357567
1.335367
1.366194
1.343933
1.376194
1.353737
1.38482
1.360305
1.391394
1.366703
1.400294
1.373109
1.412162
1.379701
1.421238
1.389695
1.427812
1.400109
1.436451
1.408699
1.444992
1.420108
1.451726
1.428708
1.460326
1.435291
1.470981
1.441879
1.477725
1.452374
1.486253
1.460933
1.49285
1.469486
1.502647
1.476066
1.514555
1.486941
1.521307
1.49549
1.530082
1.504232
1.539019
1.5128
1.547611
1.519398
1.55919
1.527906
1.565821
1.534504
1.575456
1.543097
1.584351
1.551639
1.590916
1.560195
1.597347
1.56873
1.603762
1.577274
1.614653
1.585838
1.624124
1.594396
1.632688
1.600973
1.639248
1.609546
1.645823
1.618733
1.654441
1.631172
1.661023
1.637772
1.670385
1.656424
1.679322
1.668288
1.690074
1.677171
1.696674
1.689171
1.703055
1.69574
1.709636
1.702345
1.716188
1.711225
1.722788
1.720285
1.732319
1.729145
1.738894
1.735703
1.747521
1.742276
1.758948
1.748678
1.767606
1.757236
1.776172
1.763811
1.784766
1.772394
1.793488
1.781089
1.80217
1.790081
1.810719
1.799264
1.817313
1.808233
1.826023
1.819003
1.836814
1.827592
1.843385
1.834167
1.851962
1.840565
1.858693
1.846954
1.865143
1.853386
1.873717
1.861996
1.880484
1.870702
1.88923
1.8814
1.89784
1.890148
1.906584
1.898699
1.917585
1.90546
1.926481
1.914767
1.933096
1.921368
1.941651
1.929942
1.950235
1.938523
1.960568
1.947058
1.969115
1.953634
1.975707
1.962233
1.982105
1.970791
1.990684
1.982589
1.999688
1.989193
2.00965
1.99772
2.016427
2.006299
2.022837
2.012882
2.029418
2.021478
2.037939
2.03188
2.044691
2.04045
2.055369
2.050135
2.063934
2.058721
2.072957
2.067322
2.085271
2.074068
2.095152
2.084009
2.101756
2.090583
2.108158
2.099216
2.116774
2.107763
2.128093
2.117532
2.134699
2.126163
2.143301
2.134696
2.151913
2.141271
2.163769
2.149829
2.174496
2.158428
2.181444
2.165162
2.193829
2.171561
2.200444
2.177962
2.209005
2.186497
2.215572
2.195063
2.221965
2.213282
2.228714
2.221869
2.237334
2.231799
2.245913
2.238362
2.25453
2.244756
2.263129
2.251347
2.274688
2.257741
2.283312
2.26413
2.291912
2.270528
2.300564
2.276934
2.311843
2.285495
2.321511
2.29405
2.328082
2.303135
2.334682
2.309694
2.341073
2.316113
2.347644
2.333116
2.359079
2.339533
2.370769
2.348093
2.379691
2.35469
2.391493
2.361078
2.400109
2.367655
2.406708
2.376453
2.41567
2.384999
2.424426
2.393611
2.433042
2.402248
2.441608
2.408817
2.448164
2.417379
2.454748
2.423934
2.463774
2.430533
2.470347
2.442999
2.476749
2.451557
2.485418
2.458115
2.491974
2.464513
2.498418
2.473157
2.507063
2.483317
2.519083
2.493377
2.52564
2.505279
2.53224
2.513824
2.540762
2.520616
2.547308
2.529283
2.553706
2.538468
2.560279
2.548823
2.568857
2.555421
2.578222
2.561824
2.586828
2.570354
2.595359
2.576927
2.604086
2.585556
2.612694
2.595324
2.621277
2.601889
2.631096
2.61081
2.639689
2.619735
2.648372
2.628307
2.658556
2.634875
2.667224
2.641286
2.675838
2.652584
2.68489
2.661114
2.696725
2.667679
2.7053
2.674072
2.715771
2.680462
2.728085
2.687043
2.734691
2.693446
2.74328
2.70202
2.749836
2.710517
2.756407
2.717082
2.762836
2.723507
2.769274
2.732019
2.782194
2.738606
2.79075
2.745205
2.799369
2.753746
2.809494
2.760483
2.819354
2.769054
2.827935
2.777662
2.836593
2.78627
2.847484
2.795063
2.85423
2.801636
2.863669
2.80819
2.872273
2.814776
2.878836
2.826042
2.887388
2.834638
2.896012
2.841394
2.904629
2.851485
2.911191
2.864466
2.917751
2.873379
2.924139
2.88359
2.930559
2.890172
2.936944
2.89655
2.943349
2.902951
2.952207
2.909351
2.958942
2.917923
2.9675
2.924475
2.974073
2.930877
2.980458
2.939465
2.98686
2.949683
2.9955
2.958266
3.00592
2.966883
3.012499
2.977683
3.023032
2.987986
3.029794
2.999882
3.036165
3.006469
3.042586
3.015008
3.051165
3.021596
3.057765
3.030196
3.069952
3.038712
3.079498
3.045262
3.08803
3.051676
3.09461
3.058061
3.103222
3.064641
3.109763
3.075466
3.116345
3.08748
3.124919
3.098971
3.131518
3.108992
3.140096
3.119576
3.148659
3.126139
3.157229
3.134747
3.166031
3.141339
3.172614
3.152978
3.181589
3.159547
3.188318
3.16808
3.194718
3.17465
3.20328
3.181211
3.21183
3.187794
3.218603
3.194179
3.228962
3.200594
3.23556
3.212517
3.241963
3.223612
3.252333
3.230187
3.258917
3.241597
3.269562
3.251865
3.278647
3.258432
3.285393
3.266981
3.294066
3.273544
3.303428
3.280111
3.312027
3.28867
3.318615
3.295233
3.330673
3.303768
3.337602
3.310508
3.348522
3.319033
3.355093
3.325595
3.367076
3.334112
3.373645
3.345142
3.382249
3.353713
3.390801
3.362254
3.39969
3.370931
3.411026
3.38166
3.419558
3.390206
3.430091
3.396775
3.440025
3.408233
3.448539
3.416741
3.457332
3.425273
3.469055
3.432032
3.477594
3.441092
3.484159
3.452609
3.492678
3.459177
3.502625
3.467785
3.512959
3.474194
3.524275
3.485387
3.53342
3.517095
3.54342
3.523674
3.551932
3.532207
3.560647
3.540709
3.573459
3.54925
3.58629
3.557871
3.596011
3.577272
3.605823
3.583693
3.614489
3.593272
3.624378
3.60187
3.636289
3.612176
3.644787
3.633313
3.656674
3.641794
3.667317
3.651204
3.677256
3.659691
3.683884
3.669239
3.696135
3.677755
3.705554
3.68627
3.716056
3.695163
3.726128
3.707203
3.734644
3.715698
3.741218
3.724202
3.750134
3.732707
3.758672
3.743737
3.767219
3.752266
3.778402
3.758839
3.788998
3.767362
3.803754
3.775933
3.814074
3.787909
3.820659
3.794499
3.829597
3.805979
3.842534
3.814511
3.85105
3.823644
3.862219
3.832198
3.871071
3.844316
3.885116
3.852795
3.89367
3.859376
3.902199
3.868324
3.908777
3.87678
3.919312
3.885334
3.927817
3.894832
3.93635
3.903363
3.94293
3.913319
3.952402
3.92342
3.96095
3.929993
3.973583
3.93886
3.980335
3.950383
3.991197
3.960424
4.003507
3.972169
4.010082
3.98166
4.019334
3.988265
4.029546
3.998844
4.0408
4.007377
4.049548
4.019368
4.058073
4.032931
4.070733
4.041507
4.082081
4.054047
4.093262
4.071166
4.10524
4.083332
4.114124
4.09435
4.125525
4.102864
4.134167
4.109464
4.145387
4.118649
4.156502
4.125383
4.168793
4.134038
4.177393
4.144953
4.185915
4.153528
4.196813
4.162427
4.209596
4.172821
4.222998
4.184129
4.2363
4.195785
4.245002
4.205981
4.257701
4.214643
4.266479
4.226283
4.280667
4.234916
4.289668
4.24638
4.30244
4.259761
4.315125
4.271704
4.327129
4.282043
4.335677
4.29446
4.346368
4.310114
4.353189
4.317847
4.368188
4.33205
4.380838
4.344677
4.390307
4.35784
4.406515
4.384516
4.415125
4.392247
4.430101
4.405318
4.440868
4.421444
4.458061
4.428059
4.471986
4.441019
4.485471
4.45491
4.498207
4.463412
4.517781
4.475616
4.531585
4.488353
4.543764
4.502024
4.558778
4.516109
4.574135
4.528096
4.589706
4.538379
4.600656
4.552779
4.613925
4.563083
4.628241
4.576087
4.642165
4.586389
4.653201
4.59838
4.6692
4.611309
4.684658
4.621942
4.700737
4.632227
4.713914
4.646654
4.730139
4.659587
4.745924
4.67577
4.761771
4.688488
4.777096
4.702852
4.794903
4.719054
4.808601
4.733908
4.822201
4.749112
4.836736
4.763249
4.851992
4.775913
4.871525
4.792044
4.885891
4.806621
4.904728
4.823179
4.923267
4.837118
4.938133
4.852046
4.95191
4.865376
4.965664
4.881361
4.983489
4.894367
4.998851
4.907443
5.014054
4.920435
5.027464
4.930074
5.04369
4.945378
5.059149
4.960234
5.074526
4.97523
5.088847
4.9886
5.105513
5.002117
5.1193
5.023245
5.134656
5.037025
5.152451
5.052223
5.165116
5.061904
5.181251
5.074419
5.196257
5.090152
5.218827
5.108066
5.238254
5.124088
5.25868
5.138626
5.274715
5.155846
5.28886
5.169006
5.302187
5.184747
5.314843
5.20617
5.328766
5.234377
5.340851
5.250479
5.359651
5.264302
5.374844
5.281243
5.389565
5.293638
5.40225
5.315905
5.417059
5.3308
5.431245
5.352041
5.443747
5.36871
5.454992
5.383399
5.471321
5.399545
5.488233
5.416075
5.506649
5.439142
5.525297
5.45963
5.544022
5.48003
5.563777
5.494613
5.584427
5.513415
5.602389
5.532702
5.624607
5.548803
5.646885
5.562153
5.668427
5.581763
5.690487
5.596933
5.712028
5.615744
5.734549
5.633839
5.756914
5.657903
5.77677
5.679192
5.796386
5.693571
5.810184
5.7189
5.836719
5.739074
5.86496
5.75393
5.888715
5.782208
5.905097
5.795881
5.933383
5.824964
5.955562
5.842059
5.975245
5.866667
6.004346
5.887671
6.02411
5.99801
6.059182
6.023699
6.088067
6.048625
6.117412
6.078599
6.137753
6.104422
6.172838
6.130363
6.20875
6.168429
6.240672
6.201086
6.275607
6.242087
6.32148
6.275072
6.358577
6.324608
6.401808
6.36512
6.448328
6.414887
6.498606
6.464536
6.55203
6.517356
6.59876
6.564711
6.648869
6.658661
6.699024
6.70042
6.748998
6.74868
6.798796
6.798552
6.848566
6.899072
6.898807
6.949017
6.949149
6.999128
6.998817
7.049339
7.048938
7.09959
7.098731
7.149716
7.148563
7.200059
7.198275
7.250272
7.24803
7.300544
7.297826
7.350674
7.348027
7.401142
7.397934
7.45154
7.447625
7.55174
7.497757
7.601864
7.548218
7.65198
7.598136
7.702243
7.647756
7.752375
7.697869
7.80197
7.747887
7.901324
7.797525
7.951702
7.847947
8.001457
7.897925
8.051853
7.947937
8.101575
7.997608
8.151283
8.047349
8.201063
8.097748
8.251434
8.148013
8.30184
8.19768
8.351984
8.247971
8.401706
8.29833
8.451658
8.398476
8.501717
8.448173
8.551496
8.498065
8.601832
8.548472
8.651939
8.598266
8.701578
8.648116
8.751231
8.698404
8.80154
8.748269
8.851579
8.848987
8.901247
8.899395
8.951414
8.949505
9.001817
8.999399
9.051568
9.049865
9.102034
9.1001
9.151828
9.15049
9.201706
9.200293
9.251377
9.25066
9.301605
9.300886
9.351298
9.351114
9.401627
9.401497
9.451931
9.451629
9.501768
9.502057
9.55164
9.552145
9.601874
9.601777
9.652143
9.649455
9.702426
9.699646
9.752802
9.749413
9.852606
9.799295
9.90227
9.849699
9.952059
9.900073
10.0019
9.950448
10.05195
9.99964
10.10176
10.0499
10.15176
10.10031
10.20148
10.15051
10.25129
10.20074
10.3014
10.25084
10.35134
10.3012
10.40112
10.35097
10.45088
10.40094
10.50112
10.45064
10.55139
10.50101
10.60178
10.55128
10.65214
10.6016
10.70229
10.65202
10.75262
10.70243
10.80259
10.75283
10.90238
10.80321
10.95212
10.85362
11.00238
10.90354
11.05287
10.95403
11.1027
11.00374
11.15298
11.05393
11.20325
11.10433
11.25308
11.1546
11.35326
11.20476
11.40333
11.255
11.45312
11.30496
11.50294
11.35532
11.55333
11.40566
11.60324
11.45561
11.65331
11.506
11.70352
11.55605
11.75369
11.60574
11.80392
11.65593
11.85359
11.70633
11.90332
11.75665
11.95297
11.80639
12.00338
11.85618
12.05304
11.9058
12.10277
11.95575
12.15326
12.00606
12.20358
12.05648
12.25319
12.10659
12.30284
12.1565
12.3421
12.20674
12.38835
12.24305
12.43851
12.29293
12.48862
12.3434
12.53874
12.39358
12.58882
12.44368
12.63882
12.49372
12.68914
12.5938
12.73954
12.64416
12.78996
12.69387
12.84002
12.79386
12.88985
12.84379
12.94016
12.89404
12.98985
12.94447
13.04029
12.99459
13.09007
13.04486
13.13984
13.09451
13.19064
13.14445
13.24024
13.19457
13.29038
13.24439
13.34008
13.29404
13.3901
13.39443
13.43984
13.44409
13.48983
13.49379
13.54017
13.54424
13.5905
13.5939
13.64087
13.64399
13.69096
13.69382
13.74064
13.79398
13.79082
13.84396
13.84103
13.89438
13.89143
13.94463
13.94135
13.99502
13.99101
14.04531
14.04093
14.09569
14.09063
14.14602
14.14027
14.19618
14.19062
14.2458
14.24101
14.29561
14.29139
14.3454
14.34106
14.3954
14.39087
14.44582
14.44086
14.49627
14.49049
14.54634
14.54094
14.59662
14.59122
14.64669
14.64136
14.69695
14.69161
14.74708
14.74188
14.79677
14.79179
14.8465
14.84201
14.89689
14.89191
14.94713
14.94226
14.99761
14.9923
15.04788
15.04193
15.09788
15.09204
15.14757
15.14193
15.19786
15.19234
15.2479
15.24218
15.29762
15.29245
15.34776
15.34294
15.39793
15.39311
15.44842
15.44326
15.49856
15.49321
15.54904
15.54326
15.59921
15.59327
15.64933
15.64337
15.69907
15.69374
15.74954
15.73223
15.79992
15.83247
15.85031
15.8822
15.90015
15.93184
15.94985
15.98151
15.99954
16.03187
16.05002
16.08198
16.10031
16.1322
16.15015
16.18219
16.20004
16.23252
16.24993
16.28233
16.30014
16.33273
16.34984
16.38246
16.39988
16.43271
16.44983
16.48297
16.49944
16.53305
16.55321
16.58336
16.59992
16.6331
16.65001
16.68351
16.70014
16.7335
16.7498
16.78292
16.8002
16.83305
16.85004
16.88338
16.89966
16.93355
16.94998
16.98384
16.99971
17.03405
17.0501
17.08411
17.1005
17.13445
17.1507
17.18431
17.2005
17.23397
17.25033
17.28375
17.30017
17.33389
17.35013
17.38371
17.40005
17.43404
17.45043
17.48411
17.50068
17.53375
17.5503
17.58417
17.60041
17.63422
17.65035
17.68397
17.70028
17.73406
17.74364
17.7841
17.7937
17.83437
17.84404
17.8843
17.89368
17.93423
17.94343
17.9845
18.04424
18.03447
18.09397
18.08463
18.14404
18.13477
18.19415
18.18512
18.2443
18.23525
18.29436
18.28548
18.32103
18.33592
18.42101
18.38629
18.47123
18.43649
18.52131
18.48682
18.57135
18.53689
18.62143
18.58686
18.6717
18.63656
18.72175
18.68669
18.77202
18.73707
18.82242
18.78733
18.87224
18.83752
18.92187
18.8874
18.9723
18.93761
19.02262
18.98759
19.0727
19.08815
19.12235
19.13779
19.17253
19.18795
19.22243
19.2382
19.27289
19.28868
19.32316
19.33901
19.37326
19.38907
19.42336
19.43946
19.4733
19.48977
19.52319
19.5398
19.57347
19.59007
19.62382
19.64006
19.67408
19.69047
19.72411
19.74045
19.7742
19.79037
19.82461
19.84026
19.87496
19.88997
19.92527
19.94018
19.97571
19.99011
20.02547
20.03983
20.07582
20.09019
20.12574
20.1399
20.17548
20.19019
20.22519
20.23966
20.27538
20.28984
20.32546
20.34022
20.37511
20.39051
20.42481
20.44064
20.47464
20.49093
20.52493
20.54124
20.57507
20.59096
20.62487
20.64138
20.67517
20.69171
20.7253
20.74184
20.77499
20.79217
20.82461
20.84219
20.87467
20.89212
20.92506
20.9421
20.97469
20.99183
21.0251
21.04218
21.0753
21.0925
21.12536
21.14223
21.17543
21.19201
21.22558
21.2419
21.27598
21.29164
21.32565
21.34188
21.3758
21.39158
21.4257
21.44131
21.47586
21.49124
21.52599
21.54135
21.57628
21.59148
21.62645
21.64163
21.67672
21.6915
21.72692
21.74128
21.77696
21.79116
21.8269
21.84157
21.87652
21.89182
21.92688
21.942
21.97644
21.99161
22.02658
22.04154
22.07664
22.09182
22.12695
22.14146
22.17708
22.19114
22.22737
22.24135
22.27752
22.29168
22.32764
22.34169
22.37758
22.39202
22.42765
22.4425
22.47794
22.49222
22.52815
22.54187
22.57831
22.59229
22.62853
22.64202
22.67887
22.69241
22.77815
22.74269
22.82858
22.79282
22.87884
22.84247
22.92916
22.89239
22.97963
22.94215
23.0301
22.99188
23.07974
23.04181
23.12968
23.0916
23.16647
23.1412
23.21642
23.19155
23.26662
23.24171
23.31643
23.29165
23.36655
23.34185
23.41695
23.39211
23.4671
23.44241
23.51674
23.49251
23.56672
23.54425
23.61665
23.59273
23.66669
23.64288
23.71693
23.69278
23.76503
23.74248
23.81402
23.79227
23.86404
23.84273
23.91152
23.8929
23.96126
23.943
24.01093
23.99306
24.06055
24.04318
24.11031
24.09367
24.16
24.14384
24.21021
24.19426
24.25908
24.24398
24.30932
24.2939
24.35948
24.34352
24.40968
24.39336
24.46
24.44362
24.51033
24.49405
24.56013
24.54385
24.60984
24.5943
24.65981
24.6441
24.71018
24.69444
24.76007
24.74451
24.81006
24.79483
24.86034
24.84512
24.91012
24.89511
24.96013
24.94516
25.01046
24.99549
25.06014
25.04536
25.11058
25.09545
25.1602
25.14581
25.20994
25.1961
25.26024
25.24647
25.31022
25.29629
25.36038
25.34647
25.41071
25.3967
25.46087
25.44654
25.51051
25.49617
25.56065
25.54657
25.61085
25.5969
25.6612
25.64664
25.71162
25.6963
25.76182
25.74664
25.8115
25.79697
25.86172
25.84717
25.91178
25.94694
25.96178
25.99723
26.0121
26.04733
26.06211
26.09767
26.11182
26.14789
26.16208
26.19776
26.21242
26.24797
26.26251
26.29776
26.31282
26.34796
26.36314
26.39783
26.41322
26.44823
26.46325
26.49852
26.51329
26.54875
26.56362
26.59881
26.6141
26.64849
26.66427
26.69843
26.71461
26.74845
26.76478
26.79875
26.81478
26.84878
26.86497
26.89915
26.91471
26.94918
26.96509
26.99898
27.01555
27.04887
27.06557
27.09933
27.11579
27.14929
27.1661
27.19927
27.21608
27.24947
27.2659
27.29961
27.31563
27.34992
27.36596
27.39979
27.41572
27.44947
27.46569
27.49918
27.51587
27.54917
27.56559
27.5996
27.6156
27.65007
27.66562
27.69972
27.71573
27.74998
27.81571
27.80034
27.86576
27.85047
27.91555
27.90061
27.96522
27.95054
28.0156
28.00094
28.06595
28.05067
28.11588
28.10098
28.16582
28.1506
28.21599
28.20092
28.26595
28.25099
28.31558
28.30087
28.36531
28.35066
28.41514
28.4006
28.465
28.45105
28.51545
28.5008
28.56515
28.55045
28.61506
28.60066
28.66536
28.65077
28.71553
28.70073
28.76558
28.75073
28.81606
28.80037
28.86584
28.84159
28.9161
28.89202
28.95133
28.94015
29.00121
28.99054
29.10138
29.04059
29.1516
29.09085
29.20139
29.14104
29.25118
29.19138
29.30157
29.2415
29.35159
29.29155
29.40185
29.34172
29.45177
29.39189
29.50199
29.44171
29.55223
29.4915
29.60206
29.54123
29.65178
29.59107
29.70225
29.64134
29.75222
29.6912
29.80244
29.74084
29.85275
29.79049
29.90243
29.8403
29.95256
29.89046
30.00289
29.9401
30.05278
29.99002
30.10309
30.03977
30.15308
30.08315
30.20304
30.18316
30.25317
30.23301
30.30301
30.26993
30.35327
30.31306
30.40103
30.34975
30.4513
30.389
30.49731
30.43876
30.53648
30.48849
30.58653
30.53834
30.63695
30.5884
30.68711
30.6386
30.73911
30.69029
30.78813
30.7392
30.83788
30.78907
30.88848
30.83918
30.93788
30.88929
30.98816
30.93976
31.03864
30.98976
31.0891
31.0398
31.1395
31.08979
31.18914
31.13961
31.23963
31.18977
31.2899
31.23959
31.34027
31.28922
31.38994
31.33967
31.43966
31.39014
31.48969
31.4398
31.53988
31.49021
31.59029
31.53994
31.64049
31.58961
31.69067
31.63999
31.74109
31.69023
31.79093
31.74
31.84112
31.83941
31.89146
31.88974
31.94164
31.93967
31.99175
31.98985
32.04173
32.04
32.09206
32.09019
32.14187
32.1331
32.1922
32.1828
32.23765
32.22872
32.28742
32.27863
32.33731
32.32863
32.38742
32.3787
32.43768
32.42832
32.48801
32.47797
32.53827
32.52806
32.58811
32.57852
32.63827
32.62892
32.68823
32.67863
32.73845
32.72843
32.78831
32.77837
32.83843
32.82798
32.88871
32.8777
32.93847
32.92778
32.9888
32.97792
33.03885
33.02784
33.08926
33.07791
33.13953
33.12783
33.18973
33.17805
33.23969
33.22805
33.28973
33.27778
33.33965
33.32743
33.38984
33.3777
33.43976
33.42744
33.49014
33.47752
33.54043
33.52789
33.5907
33.57788
33.64086
33.62763
33.69096
33.67768
33.7407
33.72788
33.79065
33.77802
33.84077
33.82797
33.89072
33.87822
33.94092
33.92809
33.99112
33.97834
34.04082
34.0284
34.09084
34.07877
34.14058
34.12857
34.19065
34.17916
34.24068
34.22889
34.29118
34.27906
34.34039
34.32922
34.39069
34.37933
34.4405
34.42913
34.49018
34.47608
34.54005
34.52573
34.5903
34.57553
34.64043
34.6256
34.69035
34.67569
34.74009
34.72589
34.79011
34.77607
34.84027
34.82608
34.89038
34.87627
34.94064
34.97629
34.99063
35.02631
35.04095
35.07673
35.09137
35.12695
35.14182
35.17733
35.19195
35.22746
35.2421
35.27787
35.29221
35.32755
35.34203
35.37791
35.39249
35.4276
35.44296
35.47786
35.4933
35.52766
35.54347
35.57732
35.59357
35.627
35.64366
35.67733
35.69375
35.72711
35.74401
35.77727
35.79422
35.82747
35.84453
35.87712
35.89468
35.9268
35.94436
35.97663
35.99463
36.02634
36.04507
36.0766
36.09489
36.12707
36.1446
36.17719
36.19448
36.22747
36.24421
36.2778
36.2944
36.328
36.34455
36.37777
36.39448
36.42779
36.4444
36.47773
36.49475
36.52771
36.54512
36.57813
36.59495
36.62799
36.64474
36.67828
36.69477
36.72857
36.74445
36.77877
36.79468
36.82889
36.84465
36.87931
36.89457
36.92966
36.94458
36.97952
36.99474
37.02966
37.04514
37.07929
37.09488
37.12975
37.14519
37.17942
37.19487
37.22905
37.29564
37.27924
37.34573
37.32949
37.39544
37.37941
37.449
37.43068
37.49552
37.47941
37.54531
37.5293
37.59539
37.57918
37.64539
37.62895
37.69547
37.67904
37.74572
37.72937
37.79585
37.77964
37.84549
37.82961
37.89546
37.87984
37.94532
37.93014
37.99576
37.9803
38.04611
38.03036
38.09584
38.08027
38.14566
38.13057
38.19551
38.18094
38.24536
38.23076
38.2957
38.2804
38.34565
38.3306
38.39564
38.38055
38.44542
38.48103
38.49509
38.5312
38.54549
38.58156
38.59584
38.63195
38.64575
38.68239
38.69598
38.73226
38.74635
38.78203
38.79654
38.83194
38.8465
38.88206
38.89674
38.93201
38.94635
38.98228
38.99681
39.03239
39.04663
39.08267
39.09668
39.13242
39.14662
39.18218
39.19627
39.23191
39.24621
39.28164
39.29581
39.33161
39.39556
39.38159
39.44569
39.43141
39.49596
39.48124
39.54633
39.53151
39.5798
39.58191
39.62957
39.63165
39.67996
39.68187
39.72986
39.73185
39.77963
39.7816
39.82963
39.82608
39.87675
39.87619
39.91999
39.92599
39.97013
39.95894
40.00449
40.00546
40.04356
40.03947
40.07518
40.08952
40.11809
40.12172
40.15142
40.16838
40.19294
40.21856
40.2404
40.26824
40.29065
40.31837
40.34065
40.36824
40.39094
40.41856
40.44065
40.46877
40.49062
40.51893
40.54106
40.56864
40.59087
40.61831
40.64053
40.66806
40.69059
40.71791
40.74048
40.76797
40.79052
40.81831
40.84013
40.86793
40.8901
40.91785
40.9404
40.96759
40.99188
41.01772
41.04047
41.06797
41.09041
41.16825
41.13981
41.21786
41.18947
41.2683
41.23921
41.31792
41.28921
41.36765
41.33892
41.41732
41.38881
41.46745
41.43913
41.51739
41.48877
41.56731
41.53904
41.61774
41.5887
41.66427
41.63849
41.71387
41.68887
41.76403
41.73898
41.81414
41.78916
41.86377
41.8393
41.91394
41.88937
41.96437
41.93952
42.01471
41.9892
42.06497
42.03941
42.11502
42.08945
42.16536
42.13963
42.2157
42.18952
42.26601
42.23997
42.31642
42.28976
42.36617
42.39003
42.4159
42.44015
42.46597
42.4902
42.51582
42.54029
42.56619
42.59056
42.61635
42.64028
42.66668
42.69032
42.71708
42.74021
42.76729
42.79003
42.81722
42.84041
42.86695
42.89055
42.91735
42.94022
42.96776
42.99001
43.01795
43.04017
43.06789
43.09047
43.1176
43.14037
43.16736
43.19075
43.21751
43.24106
43.26712
43.2915
43.31736
43.34163
43.36712
43.39182
43.41698
43.44221
43.4672
43.49247
43.51686
43.54287
43.56654
43.59267
43.61638
43.64295
43.66686
43.69126
43.71688
43.74095
43.76667
43.79139
43.81638
43.84182
43.86673
43.89148
43.917
43.94142
43.96745
43.99153
44.01761
44.0418
44.06734
44.09178
44.11718
44.14147
44.16717
44.19158
44.2169
44.24194
44.26658
44.29161
44.31706
44.3414
44.36704
44.39209
44.41746
44.44189
44.46786
44.49165
44.51765
44.54142
44.56773
44.59125
44.61769
44.64167
44.66769
44.69135
44.71775
44.74128
44.76765
44.79155
44.81745
44.84186
44.86764
44.8922
44.9174
44.9421
44.9678
44.99192
45.01759
45.04164
45.06793
45.09185
45.11783
45.14183
45.16751
45.19203
45.21764
45.24196
45.26799
45.29219
45.31841
45.3423
45.36826
45.39267
45.46814
45.44297
45.51852
45.49314
45.56892
45.54337
45.61858
45.5936
45.66818
45.64392
45.71824
45.69437
45.76867
45.74402
45.81835
45.79445
45.86869
45.84416
45.91887
45.8941
45.96925
45.94447
46.01913
45.99419
46.06944
46.04458
46.11956
46.09475
46.16931
46.14442
46.21962
46.19405
46.27003
46.24371
46.32
46.29388
46.37008
46.34418
46.4201
46.39429
46.4702
46.44478
46.51989
46.49458
46.5703
46.54501
46.62063
46.59512
46.67099
46.64552
46.7214
46.69595
46.77102
46.74635
46.82089
46.79654
46.87062
46.84628
46.92049
46.89589
46.97063
46.94562
47.02072
46.99554
47.07067
47.04578
47.12083
47.14534
47.17118
47.19567
47.22145
47.24582
47.27165
47.29567
47.32187
47.34618
47.37234
47.3958
47.42212
47.49588
47.47197
47.5457
47.52219
47.59581
47.57227
47.64624
47.62274
47.69637
47.67294
47.7464
47.7234
47.79672
47.77321
47.84732
47.82478
47.89742
47.87312
47.94743
47.92308
47.99762
47.97307
48.04747
48.02318
48.0974
48.07338
48.14783
48.12383
48.19789
48.17408
48.24751
48.22408
48.29753
48.27381
48.34746
48.32373
48.39782
48.37391
48.44755
48.42358
48.49731
48.47363
48.54709
48.5238
48.59682
48.57384
48.64719
48.62397
48.69758
48.67445
48.74774
48.72419
48.79818
48.77413
48.8478
48.87365
48.89801
48.92326
48.94822
48.97303
48.99858
49.02304
49.0489
49.0731
49.09859
49.12272
49.14874
49.17299
49.199
49.22269
49.24934
49.27292
49.29963
49.3231
49.34967
49.37272
49.39934
49.47269
49.44973
49.52304
49.4994
49.57339
49.54927
49.62385
49.59898
49.67377
49.64871
49.72338
49.69844
49.77382
49.74813
49.82398
49.7986
49.87369
49.84824
49.92388
49.89849
49.97391
49.9481
50.02436
49.99846
50.07431
50.04813
50.12411
50.09843
50.17379
50.14876
50.22421
50.1985
50.2743
50.24817
50.32408
50.29858
50.37374
50.34892
50.42404
50.3987
50.4742
50.44835
50.52407
50.49859
50.57407
50.54824
50.62448
50.59811
50.67487
50.64823
50.72515
50.69835
50.77533
50.74871
50.82582
50.79838
50.87546
50.84869
50.92508
50.89875
50.97488
50.94918
51.02515
50.99963
51.07516
51.05015
51.12486
51.10021
51.17483
51.15022
51.22441
51.19938
51.27439
51.24948
51.32429
51.29942
51.37439
51.34921
51.42446
51.39943
51.47452
51.44962
51.52455
51.49963
51.57475
51.54976
51.62475
51.59937
51.67506
51.64964
51.72485
51.70001
51.77514
51.75037
51.82548
51.80068
51.87545
51.85101
51.92515
51.90122
51.97544
52.00098
52.02591
52.0514
52.07568
52.1017
52.12534
52.152
52.17504
52.20232
52.22513
52.25248
52.27546
52.30228
52.32584
52.35242
52.37592
52.40247
52.42619
52.45292
52.47634
52.50305
52.52659
52.55289
52.5768
52.60247
52.62707
52.65213
52.67713
52.70261
52.72718
52.75298
52.77731
52.80264
52.82773
52.85292
52.87788
52.90254
52.9278
52.95277
52.97804
53.00299
53.02779
53.05267
53.07752
53.10288
53.12719
53.15305
53.17722
53.20337
53.22743
53.25354
53.27783
53.30313
53.32805
53.35344
53.37804
53.40366
53.42812
53.45384
53.47805
53.50377
53.5283
53.55374
53.57857
53.60399
53.62891
53.65416
53.67601
53.70404
53.7263
53.7537
53.77602
53.8034
53.8261
53.85307
53.87645
53.90273
53.92684
53.95277
53.97728
54.00239
54.02768
54.05285
54.0781
54.1033
54.12848
54.15336
54.17877
54.20366
54.22855
54.25396
54.2785
54.30439
54.33202
54.35457
54.3783
54.40437
54.4281
54.45424
54.4775
54.50404
54.52721
54.55437
54.57736
54.6045
54.62719
54.65437
54.67762
54.70442
54.72753
54.75448
54.77742
54.80437
54.82734
54.85474
54.87721
54.9049
54.92719
54.95494
54.97682
55.00517
55.02719
55.05551
55.07742
55.10531
55.12716
55.15549
55.17749
55.20562
55.22775
55.25578
55.27753
55.30604
55.32789
55.3562
55.37812
55.40643
55.42822
55.45633
55.47784
55.50622
55.52749
55.55611
55.57774
55.60642
55.62754
55.65607
55.67751
55.70622
55.72731
55.75653
55.77764
55.80682
55.82742
55.85653
55.87757
55.90675
55.92773
55.95701
55.97745
56.007
56.02748
56.057
56.07793
56.1073
56.12833
56.15708
56.17853
56.20746
56.22818
56.25728
56.27868
56.30725
56.32887
56.35753
56.37887
56.40722
56.42885
56.45755
56.47883
56.50728
56.52899
56.55742
56.57883
56.60752
56.62912
56.65787
56.6795
56.70771
56.72976
56.75779
56.78025
56.80767
56.8305
56.85779
56.88052
56.90755
56.93098
56.9578
56.98138
57.00748
57.03116
57.05744
57.0812
57.10744
57.13098
57.1577
57.18116
57.20787
57.23122
57.25801
57.28109
57.30799
57.33095
57.35848
57.37655
57.39857
57.42684
57.44486
57.46266
57.49494
57.51311
57.5446
57.56318
57.59494
57.61317
57.64538
57.66345
57.6959
57.71336
57.74584
57.76345
57.79587
57.81377
57.84607
57.86363
57.89654
57.91315
57.94632
57.96355
57.99676
58.01355
58.04704
58.06397
58.09729
58.11415
58.14772
58.16422
58.19751
58.21457
58.24735
58.2645
58.29763
58.31441
58.34762
58.36076
58.39733
58.41101
58.43802
58.46104
58.48839
58.511
58.53845
58.56146
58.58886
58.61121
58.63872
58.66143
58.6891
58.7119
58.73896
58.76213
58.83872
58.81194
58.88915
58.86233
58.93878
58.91197
58.98843
58.96196
59.03882
59.01227
59.08931
59.06189
59.13956
59.11174
59.18956
59.16191
59.23991
59.21222
59.28998
59.26265
59.34042
59.31228
59.3901
59.36213
59.43991
59.41233
59.49008
59.46274
59.53974
59.51294
59.59009
59.56268
59.63996
59.61299
59.68964
59.66285
59.73943
59.71315
59.78981
59.76315
59.8402
59.81335
59.88997
59.86344
59.94042
59.91351
59.9901
59.96365
60.0403
60.01395
60.0905
60.06401
60.14061
60.11446
60.1911
60.16413
60.24103
60.21386
60.29081
60.26428
60.34114
60.31461
60.39123
60.36499
60.44087
60.41518
60.49076
60.46558
60.54107
60.51569
60.59147
60.56605
60.6412
60.61652
60.69153
60.6668
60.74126
60.71684
60.79139
60.76692
60.84126
60.81723
60.89166
60.86758
60.94214
60.91771
60.99182
60.96785
61.04252
61.01818
61.09268
61.07004
61.14286
61.11837
61.19241
61.16837
61.24286
61.21826
61.29305
61.26757
61.34345
61.31792
61.39378
61.36759
61.44387
61.4179
61.49413
61.51766
61.54432
61.56791
61.59454
61.61821
61.64454
61.66856
61.69478
61.71898
61.74487
61.76884
61.7952
61.81911
61.84492
61.86919
61.89512
61.91947
61.94518
61.96925
61.99491
62.01945
62.04477
62.06917
62.095
62.11898
62.14526
62.16862
62.19551
62.21824
62.24533
62.2683
62.29549
62.31804
62.34572
62.36775
62.39615
62.4181
62.44636
62.46794
62.49598
62.51842
62.54589
62.5688
62.59621
62.61862
62.64657
62.6688
62.69626
62.71842
62.74665
62.7683
62.79707
62.81864
62.84677
62.86835
62.89645
62.91803
62.94618
62.9677
62.99659
63.0175
63.04624
63.06725
63.09635
63.11713
63.14635
63.1675
63.19645
63.21735
63.24615
63.26736
63.29609
63.31772
63.34618
63.3675
63.39643
63.41755
63.44606
63.46767
63.49621
63.51778
63.54663
63.56814
63.59631
63.61828
63.6463
63.66842
63.69661
63.71829
63.74684
63.76814
63.79729
63.81827
63.84756
63.86801
63.89729
63.91848
63.94728
63.96835
63.99723
64.01827
64.04697
64.06793
64.09689
64.11799
64.14723
64.16841
64.19702
64.21887
64.24739
64.2686
64.29789
64.31898
64.34759
64.36925
64.39787
64.41932
64.44809
64.46999
64.49801
64.51965
64.54768
64.56954
64.59736
64.619
64.64767
64.66917
64.69731
64.71931
64.74699
64.76952
64.79682
64.81957
64.84646
64.86987
64.89631
64.92006
64.94618
64.97003
64.99618
65.02017
65.04601
65.07043
65.09569
65.10292
65.13002
65.14973
65.17447
65.18272
65.22172
65.23266
65.27199
65.27999
65.32183
65.33013
65.37195
65.38017
65.4159
65.43056
65.46599
65.48085
65.51613
65.53108
65.56629
65.58146
65.61639
65.6311
65.66605
65.68089
65.71567
65.73119
65.76586
65.78156
65.8157
65.83177
65.86057
65.88191
65.91084
65.93197
65.96119
65.98154
66.01085
66.02203
66.05702
66.06077
66.10672
66.11077
66.15385
66.16084
66.2037
66.21065
66.25413
66.2605
66.30431
66.31011
66.35411
66.36014
66.40443
66.41
66.45444
66.4598
66.50462
66.50974
66.55451
66.55958
66.60464
66.60963
66.65503
66.65997
66.70531
66.71043
66.75536
66.76044
66.80522
66.81046
66.85489
66.86075
66.90518
66.91065
66.95562
66.96076
67.00597
67.0111
67.05598
67.06116
67.10592
67.11142
67.15588
67.16135
67.2057
67.21149
67.25558
67.26181
67.30558
67.31161
67.35548
67.36159
67.40556
67.41139
67.45547
67.45714
67.50536
67.5069
67.55571
67.55732
67.60528
67.60735
67.65537
67.65715
67.7056
67.70706
67.75543
67.75686
67.80556
67.80687
67.85584
67.85649
67.90562
67.90614
67.95721
67.95633
68.00571
68.00665
68.05563
68.05694
68.1053
68.10658
68.15469
68.15862
68.20488
68.20715
68.25521
68.25728
68.30496
68.30752
68.35532
68.35741
68.40505
68.4072
68.45467
68.45758
68.50463
68.5074
68.55462
68.55704
68.60427
68.60754
68.65455
68.65778
68.70447
68.7074
68.75407
68.7577
68.80421
68.80767
68.854
68.85746
68.90412
68.90772
68.95441
68.95743
69.00488
69.00779
69.05482
69.05812
69.10504
69.10835
69.15473
69.15852
69.20448
69.20892
69.25458
69.25863
69.30441
69.30883
69.4044
69.35918
69.45451
69.40963
69.50454
69.46012
69.55434
69.51053
69.60426
69.56062
69.6544
69.61079
69.70432
69.66106
69.7543
69.71119
69.80444
69.76111
69.85457
69.81084
69.90485
69.86069
69.95532
69.91051
70.00523
69.96084
70.05144
70.01072
70.10143
70.06047
70.15129
70.11041
70.20107
70.1605
70.25143
70.21037
70.30123
70.26048
70.35098
70.31031
70.40063
70.36069
70.45029
70.41037
70.5005
70.46011
70.55056
70.5105
70.60028
70.5603
70.65011
70.61011
70.69986
70.65981
70.74976
70.71004
70.80019
70.76042
70.85049
70.81015
70.90031
70.86016
70.95042
70.91013
71.00084
70.96029
71.05082
71.01032
71.10074
71.06075
71.15099
71.11053
71.2007
71.16083
71.25089
71.21046
71.30075
71.26083
71.35117
71.31123
71.40089
71.36167
71.45117
71.41147
71.50124
71.46135
71.55158
71.51109
71.60164
71.56136
71.65137
71.61132
71.70096
71.66156
71.74657
71.71194
71.79664
71.76166
71.84691
71.81206
71.89738
71.86271
71.94709
71.91262
71.99689
72.01189
72.0467
72.06164
72.09704
72.11205
72.147
72.16087
72.19748
72.2094
72.24729
72.25918
72.29743
72.30918
72.34725
72.35918
72.39716
72.40918
72.44743
72.4594
72.49573
72.5096
72.54539
72.55971
72.59548
72.60954
72.64548
72.65973
72.69562
72.70953
72.74573
72.7598
72.79539
72.80967
72.84502
72.86
72.89532
72.91
72.94515
72.96027
72.99499
73.01054
73.04534
73.06085
73.095
73.11117
73.14465
73.16159
73.19445
73.21125
73.24434
73.26104
73.29472
73.3107
73.34488
73.3612
73.39532
73.41104
73.4451
73.46077
73.49535
73.51063
73.5455
73.56031
73.59585
73.61005
73.64606
73.66048
73.69581
73.71038
73.74627
73.76076
73.79614
73.81099
73.84579
73.86124
73.896
73.91125
73.94624
73.96171
73.99587
74.01135
74.04564
74.06105
74.09557
74.11145
74.14531
74.16181
74.19524
74.21222
74.24565
74.26195
74.29539
74.31178
74.34526
74.3617
74.39503
74.41208
74.44523
74.46241
74.49567
74.51231
74.54552
74.56261
74.59576
74.6125
74.64583
74.66282
74.69603
74.71262
74.74603
74.76257
74.79613
74.81303
74.84625
74.86337
74.89642
74.91368
74.9463
74.96348
74.99591
75.01361
75.04617
75.06384
75.09832
75.114
75.14703
75.16414
75.19678
75.21447
75.24664
75.2648
75.29665
75.31476
75.34649
75.36534
75.3969
75.41523
75.44688
75.46546
75.49734
75.51513
75.54764
75.56528
75.59745
75.61568
75.64713
75.66534
75.69755
75.71514
75.74755
75.76488
75.79793
75.81509
75.84782
75.86551
75.89816
75.91518
75.94854
75.96528
75.99889
76.01511
76.04862
76.06496
76.09834
76.11469
76.14861
76.16453
76.19897
76.21474
76.24883
76.2644
76.29877
76.31487
76.34873
76.36478
76.39857
76.41494
76.44843
76.46467
76.49876
76.51447
76.5492
76.56415
76.5996
76.614
76.64973
76.66444
76.69969
76.71473
76.74934
76.76503
76.79956
76.86459
76.84954
76.9145
76.89927
76.96414
76.94955
77.01433
76.99932
77.06396
77.04944
77.11384
77.09922
77.16425
77.1494
77.21398
77.19984
77.26369
77.25026
77.31387
77.30045
77.36378
77.35048
77.41351
77.40068
77.46373
77.45113
77.5139
77.50157
77.56416
77.55148
77.61423
77.6012
77.66451
77.65092
77.71429
77.70053
77.76405
77.7504
77.8143
77.80025
77.86423
77.85011
77.91396
77.90046
77.96431
77.95093
78.01415
78.00086
78.06413
78.05072
78.11428
78.10207
78.1647
78.15064
78.21451
78.2011
78.26463
78.25087
78.31496
78.30065
78.36645
78.35111
78.41484
78.40099
78.46458
78.45136
78.51431
78.50129
78.55134
78.54335
78.60138
78.59322
78.65143
78.643
78.70187
78.69338
78.75223
78.74361
78.80218
78.79403
78.85204
78.84377
78.90195
78.8937
78.95189
78.94365
79.00213
78.99355
79.04514
79.04348
79.09521
79.09354
79.14484
79.14392
79.19476
79.19418
79.24454
79.24411
79.29447
79.29424
79.34428
79.34409
79.39426
79.39394
79.44417
79.44375
79.49435
79.49417
79.54449
79.54409
79.59486
79.59448
79.64468
79.64415
79.6945
79.69448
79.74433
79.74417
79.79419
79.79441
79.84454
79.84408
79.89461
79.8939
79.94449
79.94403
79.99486
79.99441
80.04498
80.04416
80.09462
80.09389
80.14485
80.14367
80.19508
80.19334
80.24499
80.24327
80.29505
80.29333
80.34472
80.34336
80.39439
80.39317
80.44438
80.44356
80.49473
80.49393
80.54465
80.54442
80.59465
80.59427
80.64445
80.6441
80.69427
80.69387
80.74421
80.74429
80.79391
80.79415
80.84373
80.84389
80.89393
80.89349
80.94424
80.94395
80.99418
80.9938
81.04446
81.04372
81.09407
81.09374
81.14385
81.14371
81.19398
81.19387
81.2439
81.24406
81.29359
81.29408
81.34396
81.34412
81.39416
81.39394
81.44424
81.44387
81.49496
81.49351
81.54488
81.54345
81.59524
81.59331
81.64477
81.64365
81.69055
81.67986
81.74052
81.72977
81.79051
81.77946
81.84066
81.82935
81.89043
81.87918
81.94038
81.92885
81.99076
81.97852
82.04102
82.02818
82.09132
82.07794
82.14131
82.12797
82.19158
82.17783
82.24188
82.22767
82.29204
82.2778
82.34168
82.32809
82.39148
82.37852
82.44155
82.42896
82.49148
82.4787
82.54137
82.52838
82.59116
82.57878
82.6415
82.62918
82.69154
82.67899
82.74168
82.72862
82.79134
82.77883
82.8411
82.82848
82.89149
82.87878
82.94189
82.92845
82.99163
82.97823
83.04129
83.02809
83.09146
83.07771
83.14162
83.12735
83.19193
83.17731
83.24169
83.22698
83.29175
83.27711
83.34161
83.32715
83.39163
83.37737
83.44134
83.42744
83.49102
83.47708
83.54081
83.52685
83.59055
83.57648
83.64081
83.62661
83.69054
83.67632
83.7402
83.72678
83.79007
83.77698
83.83987
83.82664
83.89028
83.87708
83.93999
83.92757
83.98975
83.9775
84.04018
84.02782
84.09047
84.0778
84.14095
84.12813
84.19134
84.17849
84.24104
84.22823
84.29141
84.27808
84.34146
84.3284
84.39187
84.37877
84.44147
84.42921
84.49194
84.47945
84.54205
84.52927
84.5922
84.5792
84.64211
84.629
84.69195
84.67933
84.74171
84.72943
84.79219
84.77905
84.84286
84.82928
84.89332
84.87895
84.9433
84.92941
84.99321
84.97926
85.04286
85.02978
85.0931
85.07946
85.14333
85.12982
85.19356
85.18005
85.2437
85.23041
85.29329
85.28012
85.34364
85.32985
85.39329
85.3796
85.44369
85.42979
85.49403
85.48005
85.54439
85.53024
85.59438
85.58053
85.64433
85.63074
85.69453
85.68038
85.74484
85.73067
85.79513
85.78035
85.84499
85.83073
85.8952
85.88088
85.94433
85.93101
85.99013
85.97414
86.03204
86.02325
86.06666
86.06313
86.11575
86.10721
86.16052
86.14963
86.18661
86.1808
86.24741
86.22139
86.27925
86.26046
86.31092
86.29493
86.34205
86.32787
86.36462
86.35381
86.38791
86.37287
86.40463
86.3946
86.42191
86.41113
86.43598
86.43019
86.45499
86.44666
86.46938
86.46219
86.49025
86.47865
86.50925
86.49934
86.52818
86.51366
86.54417
86.53268
86.56158
86.54752
86.57718
86.56262
86.59196
86.57735
86.60617
86.58587
86.62205
86.59972
86.63375
86.61285
86.64838
86.62364
86.66069
86.63763
86.67442
86.65036
86.68818
86.66427
86.69958
86.677
86.71384
86.68906
86.72702
86.70209
86.7372
86.71687
86.75124
86.72739
86.76582
86.74129
86.77792
86.75208
86.78944
86.76682
86.80115
86.77855
86.81538
86.79156
86.83047
86.80656
86.84564
86.82132
86.8574
86.83233
86.87084
86.84793
86.88418
86.86106
86.89445
86.87457
86.90955
86.88905
86.91657
86.9009
86.93084
86.91431
86.94527
86.92799
86.95956
86.94032
86.97413
86.95379
86.99701
86.96683
87.01408
86.97853
87.02679
86.99149
87.03988
87.00478
87.05177
87.01237
87.06553
87.02417
87.07821
87.03345
87.09241
87.04886
87.10204
87.06196
87.1117
87.07026
87.12586
87.08121
87.13869
87.09385
87.15343
87.10841
87.16412
87.12132
87.17836
87.13361
87.18748
87.14905
87.20117
87.15987
87.21108
87.17308
87.22533
87.1841
87.23857
87.20435
87.25097
87.21909
87.26788
87.23409
87.28323
87.25188
87.30913
87.26739
87.32452
87.27539
87.33627
87.29131
87.34869
87.30505
87.3644
87.31863
87.3773
87.33064
87.39036
87.3457
87.39757
87.3593
87.40826
87.37003
87.41749
87.38314
87.42471
87.39514
87.43707
87.4059
87.44434
87.41885
87.4595
87.42911
87.46983
87.43826
87.48936
87.44771
87.50072
87.45981
87.52127
87.47308
87.53969
87.4907
87.54994
87.50417
87.56079
87.51646
87.57
87.52884
87.5817
87.54003
87.59496
87.55299
87.60522
87.56542
87.61442
87.57719
87.62468
87.59276
87.63716
87.60018
87.64636
87.61325
87.65562
87.62472
87.66482
87.63397
87.67508
87.64532
87.68676
87.65852
87.69699
87.66815
87.7062
87.67841
87.71767
87.68867
87.72502
87.70075
87.73378
87.70995
87.74297
87.72165
87.75215
87.73089
87.7595
87.74111
87.7687
87.74972
87.77792
87.76206
87.79123
87.76928
87.8004
87.77644
87.80775
87.78564
87.81694
87.79588
87.82612
87.80755
87.83636
87.81475
87.84556
87.82645
87.85581
87.83949
87.86696
87.84685
87.87723
87.85855
87.89309
87.87034
87.90742
87.88712
87.92333
87.90305
87.93549
87.91357
87.94854
87.92787
87.96135
87.9392
87.97521
87.94661
87.98249
87.96059
87.99471
87.97157
88.00642
87.98478
88.01838
88.00423
88.03272
88.01691
88.04609
88.02757
88.05869
88.0439
88.07265
88.057
88.08582
88.06771
88.09923
88.08624
88.10848
88.09801
88.12112
88.11415
88.13454
88.13282
88.1474
88.1496
88.17525
88.1614
88.1832
88.17588
88.19881
88.18751
88.22482
88.20302
88.239
88.21814
88.25215
88.23074
88.26515
88.24249
88.28155
88.25424
88.29587
88.268
88.30312
88.28178
88.31662
88.29482
88.32692
88.30515
88.33944
88.31909
88.34866
88.32831
88.35589
88.3358
88.3652
88.35003
88.38206
88.36395
88.39374
88.37781
88.40551
88.38811
88.41711
88.39986
88.44421
88.41415
88.45761
88.44556
88.46795
88.45909
88.48197
88.47463
88.50658
88.4879
88.51711
88.5015
88.52748
88.51473
88.54259
88.5302
88.55795
88.54257
88.57281
88.56282
88.58513
88.57442
88.60807
88.59135
88.62222
88.61314
88.63806
88.62579
88.65083
88.64083
88.66518
88.65606
88.67712
88.66832
88.69144
88.6816
88.70368
88.69476
88.71487
88.70401
88.72659
88.71124
88.73399
88.71847
88.74317
88.7257
88.7507
88.73727
88.77178
88.75003
88.78455
88.76183
88.80411
88.77728
88.82697
88.80702
88.84312
88.82743
88.86448
88.84779
88.88184
88.87209
88.8924
88.88735
88.91768
88.90845
88.92623
88.92362
88.94211
88.94475
88.95097
88.96101
88.96421
88.97276
88.97858
88.98847
88.99294
88.99996
89.01074
89.01527
89.02676
89.02556
89.04266
89.03638
89.05524
89.04996
89.06841
89.05941
89.08004
89.07468
89.09153
89.08649
89.10063
89.09685
89.10786
89.10416
89.11813
89.11347
89.12767
89.12276
89.13792
89.13316
89.14707
89.14247
89.15627
89.15173
89.16364
89.15896
89.17754
89.16827
89.1892
89.17553
89.19836
89.18272
89.20552
89.19002
89.21253
89.20149
89.22173
89.21075
89.22911
89.21808
89.24171
89.22849
89.24913
89.242
89.26397
89.25131
89.27429
89.26084
89.28824
89.27609
89.29719
89.28666
89.30746
89.29731
89.31485
89.30615
89.32816
89.31569
89.33739
89.32867
89.34462
89.33929
89.3573
89.34862
89.3676
89.3604
89.3768
89.37094
89.38364
89.38123
89.39513
89.39049
89.40687
89.39781
89.41609
89.40868
89.42349
89.41793
89.43272
89.42719
89.44193
89.43754
89.45119
89.44482
89.4604
89.45541
89.47066
89.46286
89.48093
89.47458
89.49266
89.48489
89.50005
89.49667
89.50929
89.50591
89.51858
89.51315
89.53029
89.52244
89.54059
89.53172
89.54984
89.53901
89.56016
89.55132
89.57044
89.55862
89.57967
89.57195
89.58894
89.58121
89.59815
89.59154
89.60555
89.60439
89.61778
89.61363
89.62945
89.62428
89.63869
89.63764
89.64922
89.64491
89.6626
89.65661
89.66985
89.66697
89.67902
89.67869
89.68626
89.68793
89.6955
89.69826
89.70472
89.70861
89.71397
89.72128
89.72566
89.73468
89.7349
89.74628
89.74419
89.75555
89.76102
89.76733
89.77316
89.77772
89.78857
89.79184
89.79963
89.8046
89.81355
89.81385
89.82419
89.82561
89.83688
89.83887
89.84756
89.84867
89.8614
89.85815
89.87236
89.86994
89.88097
89.88351
89.89363
89.89404
89.90538
89.90661
89.9128
89.91726
89.92753
89.9265
89.93886
89.93579
89.9481
89.94759
89.95982
89.95926
89.96905
89.97826
89.97828
89.98548
89.98759
89.9927
89.99496
90.00001
