0.007989609
0.007680404
0.02094948
0.02168873
0.03408059
0.03504842
0.04505923
0.04738169
0.05800901
0.05679373
0.07021105
0.07052695
0.08297504
0.08296601
0.09448955
0.09716777
0.1070789
0.1100299
0.1158495
0.1195258
0.1296575
0.1333859
0.1416884
0.1476395
0.1553171
0.161306
0.166404
0.1745245
0.1729979
0.1869241
0.1832102
0.1999821
0.1946121
0.2133694
0.2057557
0.2263067
0.2185203
0.2364855
0.2312784
0.2452497
0.2398881
0.2605892
0.2515127
0.2705095
0.2642519
0.2830386
0.278206
0.2979216
0.2917535
0.3100815
0.3043052
0.3243416
0.3158865
0.3385392
0.3302487
0.3500452
0.3455211
0.3615783
0.3588478
0.3720489
0.3700538
0.3859757
0.3833408
0.3954755
0.3899514
0.4086062
0.398576
0.4181872
0.4113423
0.4313102
0.423315
0.4429013
0.4352834
0.4518051
0.4470722
0.4586323
0.453729
0.4693757
0.4654681
0.4816902
0.4767388
0.493246
0.4866635
0.5202496
0.4980842
0.5354059
0.5119296
0.5478258
0.5250043
0.5613754
0.5337499
0.5679797
0.5488161
0.5766191
0.5630742
0.5875062
0.5754156
0.6002767
0.5886589
0.6138265
0.6003422
0.6286492
0.6152749
0.6408863
0.6272081
0.6553526
0.6383996
0.669494
0.6514639
0.6808084
0.665051
0.6959078
0.6796133
0.7083033
0.692604
0.7222863
0.6992708
0.735438
0.7121958
0.7500255
0.7258766
0.7630355
0.740389
0.77811
0.7533928
0.7909703
0.7652403
0.8054467
0.7809379
0.8122905
0.7956647
0.826086
0.8080124
0.8389732
0.8218055
0.8502271
0.8304722
0.8628831
0.8437095
0.8756036
0.8574051
0.888566
0.8713877
0.8995531
0.8857207
0.9129736
0.8993995
0.9217735
0.911164
0.9341502
0.9254095
0.9467435
0.9396008
0.9596015
0.9507422
0.9739324
0.9627399
0.9859592
0.9792082
0.9980341
0.9888081
1.014663
1.000593
1.028177
1.014474
1.042093
1.029384
1.058937
1.044984
1.073405
1.059933
1.090501
1.072464
1.104952
1.083402
1.114508
1.095526
1.130175
1.107993
1.143966
1.120936
1.157541
1.131324
1.171216
1.144263
1.184473
1.154783
1.191501
1.168291
1.203431
1.181583
1.214627
1.193795
1.223289
1.204649
1.234506
1.216403
1.243172
1.227065
1.252147
1.238527
1.26087
1.248089
1.272472
1.256766
1.281923
1.265726
1.288682
1.27247
1.297662
1.281114
1.304425
1.290536
1.314228
1.303304
1.320814
1.310255
1.329524
1.321033
1.338766
1.333048
1.352039
1.341862
1.360728
1.348633
1.369334
1.360191
1.375904
1.368784
1.384637
1.375372
1.395939
1.385626
1.404626
1.394225
1.411214
1.403752
1.42042
1.415521
1.429169
1.424569
1.435748
1.433258
1.442326
1.442135
1.450969
1.452233
1.461036
1.463401
1.467636
1.46998
1.476355
1.476534
1.489152
1.482963
1.497835
1.4916
1.50643
1.500634
1.516022
1.509667
1.525092
1.521387
1.533767
1.528122
1.540367
1.534533
1.550166
1.543599
1.556946
1.552909
1.567833
1.561732
1.579802
1.570499
1.588487
1.581017
1.597099
1.589664
1.603864
1.596254
1.612482
1.606356
1.619234
1.613114
1.628206
1.624064
1.634794
1.632699
1.645412
1.64133
1.663687
1.650017
1.670256
1.658663
1.676851
1.665261
1.688287
1.675195
1.696947
1.681965
1.70568
1.690789
1.71243
1.699456
1.721031
1.712057
1.727806
1.723844
1.734364
1.730595
1.740945
1.740507
1.747531
1.752996
1.75616
1.759757
1.7648
1.768463
1.774797
1.778662
1.781546
1.785282
1.788119
1.792031
1.794896
1.800793
1.803559
1.809641
1.812203
1.820247
1.824002
1.826982
1.832723
1.833588
1.844747
1.845648
1.853351
1.85226
1.862018
1.860912
1.880628
1.86956
1.88969
1.876127
1.898352
1.88486
1.905094
1.894889
1.911681
1.903518
1.92034
1.912192
1.929072
1.918986
1.935652
1.927682
1.944282
1.939992
1.950849
1.95196
1.957678
1.958693
1.972878
1.965449
1.981582
1.974101
1.990222
1.980857
1.998913
1.989499
2.008427
1.998123
2.015227
2.005057
2.024331
2.015382
2.033314
2.024848
2.039872
2.03439
2.046293
2.045429
2.05873
2.055893
2.068026
2.067774
2.080532
2.074366
2.089192
2.086372
2.097911
2.095057
2.106554
2.106257
2.115189
2.117723
2.126743
2.126785
2.135545
2.137293
2.148411
2.144041
2.159044
2.153079
2.167732
2.161781
2.176555
2.173621
2.186489
2.180367
2.19331
2.189053
2.205462
2.195811
2.216718
2.20705
2.227587
2.219106
2.236286
2.227837
2.245942
2.234618
2.252523
2.247045
2.263157
2.255739
2.273744
2.264424
2.282289
2.276147
2.288862
2.284852
2.295476
2.291611
2.304249
2.301715
2.314801
2.313698
2.327599
2.325833
2.340088
2.334964
2.349555
2.344882
2.358554
2.357557
2.36722
2.366282
2.377008
2.374947
2.38842
2.383566
2.39522
2.390359
2.40382
2.399964
2.412449
2.408918
2.421134
2.420784
2.427921
2.42737
2.436586
2.436024
2.445867
2.446019
2.456085
2.454738
2.464806
2.463806
2.474018
2.470554
2.482661
2.479208
2.489414
2.48905
2.498882
2.498689
2.508617
2.510382
2.518465
2.517153
2.527083
2.528271
2.535798
2.535024
2.547817
2.545338
2.556535
2.552115
2.567151
2.560977
2.573903
2.573767
2.583463
2.583406
2.593113
2.592078
2.599848
2.598647
2.606417
2.607299
2.613184
2.61738
2.622867
2.627998
2.631873
2.636669
2.638446
2.648292
2.647073
2.656979
2.656483
2.665937
2.666909
2.672691
2.675591
2.682443
2.684327
2.691431
2.691103
2.703101
2.702202
2.71177
2.717587
2.722357
2.727499
2.732446
2.737316
2.743779
2.749591
2.752444
2.761405
2.763646
2.770061
2.775235
2.776613
2.784428
2.783213
2.79513
2.795455
2.801978
2.804238
2.810679
2.814867
2.817263
2.825716
2.826271
2.83247
2.833196
2.84152
2.842137
2.850465
2.849091
2.857211
2.862211
2.866189
2.868976
2.874799
2.880762
2.883442
2.891328
2.893981
2.903506
2.900723
2.910242
2.909539
2.919042
2.918145
2.927927
2.924928
2.934677
2.931516
2.944335
2.940439
2.953107
2.947188
2.959864
2.957846
2.969074
2.964611
2.977828
2.973296
2.986548
2.980031
2.99329
2.98661
3.001975
2.995391
3.008575
3.005743
3.020612
3.012506
3.027364
3.021111
3.037796
3.027876
3.046736
3.036561
3.053507
3.046459
3.062486
3.056139
3.071084
3.062925
3.081228
3.074098
3.089839
3.083798
3.096573
3.092408
3.103139
3.101074
3.109702
3.107831
3.116275
3.119395
3.124955
3.128074
3.131505
3.140106
3.138105
3.146837
3.150075
3.153398
3.156705
3.160006
3.169663
3.169271
3.180625
3.179208
3.187425
3.187785
3.197869
3.19824
3.206925
3.204798
3.215724
3.211363
3.224363
3.21794
3.230953
3.227332
3.242824
3.23594
3.254488
3.242673
3.263163
3.249241
3.271741
3.255806
3.278479
3.262241
3.287501
3.270868
3.294263
3.280106
3.302876
3.292138
3.309626
3.298724
3.319834
3.307315
3.33057
3.314071
3.339207
3.323869
3.351865
3.33532
3.363702
3.341892
3.372279
3.350656
3.380901
3.35925
3.387695
3.367956
3.396333
3.376911
3.407129
3.385489
3.415672
3.39732
3.426188
3.40799
3.432761
3.419402
3.441355
3.432254
3.449946
3.442493
3.459156
3.449089
3.467739
3.461168
3.474662
3.469776
3.483499
3.478634
3.492064
3.490136
3.502868
3.509913
3.515415
3.522587
3.524348
3.535573
3.532873
3.547901
3.539631
3.556459
3.549281
3.569028
3.562746
3.577844
3.574816
3.591667
3.585853
3.6036
3.598261
3.617052
3.61155
3.629985
3.61819
3.641526
3.630473
3.651066
3.644231
3.662836
3.656739
3.671398
3.669326
3.677998
3.680153
3.689331
3.689822
3.702698
3.698602
3.714785
3.707253
3.726772
3.720204
3.738699
3.728804
3.750684
3.742881
3.761846
3.755935
3.774619
3.764595
3.78896
3.777828
3.801704
3.788021
3.816114
3.800009
3.824728
3.811656
3.837997
3.820946
3.851565
3.832493
3.8637
3.843729
3.878596
3.858053
3.892062
3.869292
3.905039
3.877959
3.917709
3.891386
3.928419
3.902673
3.943109
3.915091
3.955238
3.926222
3.967247
3.937874
3.979246
3.946461
3.987812
3.957538
3.999955
3.971413
4.008526
3.984984
4.020772
3.997654
4.033025
4.011006
4.04464
4.020791
4.058238
4.032457
4.069458
4.041024
4.07871
4.050557
4.091906
4.063394
4.102849
4.072289
4.115899
4.08401
4.125298
4.095689
4.135037
4.102259
4.147924
4.108676
4.160097
4.118401
4.17321
4.131188
4.187037
4.139869
4.198643
4.1484
4.207184
4.156988
4.216898
4.168002
4.230248
4.176954
4.240313
4.18862
4.249049
4.197314
4.261226
4.212193
4.274026
4.225172
4.28728
4.235599
4.299363
4.248713
4.312713
4.258673
4.324952
4.271866
4.334054
4.285353
4.346303
4.298353
4.357843
4.311734
4.372374
4.324329
4.386053
4.338311
4.397888
4.352727
4.411512
4.366256
4.426306
4.378818
4.432787
4.393595
4.444416
4.406151
4.455784
4.418467
4.471892
4.431513
4.482878
4.445933
4.494385
4.456549
4.501785
4.472126
4.51501
4.486407
4.52931
4.498805
4.535982
4.513733
4.549743
4.525515
4.566848
4.543279
4.580221
4.556616
4.5935
4.570432
4.606612
4.582409
4.620306
4.595465
4.631751
4.615212
4.646153
4.631999
4.677048
4.647249
4.694081
4.665843
4.713645
4.681661
4.728446
4.711737
4.747902
4.725641
4.758973
4.741866
4.775941
4.76087
4.788114
4.779852
4.804211
4.799737
4.818909
4.824395
4.837888
4.837066
4.859831
4.851541
4.877906
4.86693
4.891445
4.879611
4.906245
4.895666
4.920432
4.909143
4.933002
4.921276
4.947165
4.937405
4.963498
4.953936
4.977901
4.977912
4.994896
4.997662
5.011199
5.015445
5.026733
5.03744
5.046362
5.055109
5.062564
5.074663
5.081234
5.093374
5.097853
5.111228
5.125641
5.127125
5.140375
5.145738
5.162134
5.162737
5.174374
5.179396
5.18924
5.194688
5.205506
5.211859
5.221598
5.226659
5.23636
5.247225
5.255206
5.266756
5.269824
5.29887
5.286069
5.316803
5.306606
5.343335
5.321149
5.362295
5.343361
5.385497
5.359675
5.407733
5.387883
5.426575
5.410501
5.445391
5.446496
5.466572
5.471394
5.489934
5.499672
5.518533
5.533828
5.542522
5.555123
5.568865
5.58101
5.592665
5.615099
5.621127
5.630419
5.651032
5.651691
5.674376
5.682566
5.705696
5.703743
5.722899
5.72263
5.751636
5.744067
5.79386
5.76981
5.820497
5.802026
5.851442
5.828383
5.880041
5.863829
5.922103
5.910734
5.948592
5.933748
5.978016
5.957979
6.011784
6.000083
6.045389
6.034677
6.091424
6.072623
6.121429
6.105129
6.158389
6.133285
6.191947
6.164126
6.226429
6.19529
6.259226
6.232114
6.28978
6.250955
6.315554
6.294196
6.354159
6.328089
6.380096
6.375998
6.430176
6.406353
6.469009
6.456752
6.513916
6.501685
6.564115
6.549129
6.614068
6.640669
6.664411
6.675539
6.714645
6.72594
6.764283
6.776035
6.813972
6.876278
6.864043
6.926679
6.914421
6.976363
6.96455
7.026654
7.014813
7.076408
7.065105
7.126032
7.114769
7.176367
7.164905
7.226001
7.214637
7.275873
7.264298
7.326245
7.31447
7.375981
7.364099
7.425936
7.413835
7.526663
7.464213
7.577068
7.513946
7.626838
7.564265
7.72706
7.613953
7.776884
7.664414
7.82706
7.714865
7.877392
7.764829
7.927434
7.864826
7.977679
7.915281
8.027368
7.965653
8.077757
8.015537
8.127636
8.06529
8.177458
8.115212
8.227682
8.165214
8.27809
8.21502
8.328121
8.265148
8.378054
8.314998
8.427767
8.365479
8.477612
8.464781
8.527558
8.514949
8.577566
8.565414
8.627297
8.61524
8.677096
8.664948
8.726914
8.714879
8.776834
8.764656
8.826539
8.814915
8.876748
8.864541
8.926372
8.914208
8.976776
8.964312
9.027209
9.014206
9.07757
9.064178
9.127497
9.114462
9.177835
9.164773
9.227613
9.264112
9.277349
9.31447
9.327061
9.364706
9.376863
9.414734
9.426552
9.464972
9.476418
9.515997
9.526394
9.564841
9.576339
9.615298
9.626166
9.664923
9.676165
9.715329
9.726556
9.765708
9.776719
9.815759
9.82668
9.865662
9.876421
9.915433
9.926162
9.965278
9.976
10.06519
10.02635
10.11488
10.07674
10.16499
10.12668
10.21537
10.17682
10.31528
10.22654
10.36556
10.2766
10.41598
10.32647
10.46576
10.37609
10.5162
10.42586
10.56631
10.47588
10.61636
10.5256
10.66616
10.57559
10.71665
10.62542
10.76644
10.67514
10.8163
10.72531
10.86601
10.7757
10.91577
10.82553
10.9655
10.87585
11.01544
10.92614
11.0651
10.97654
11.11491
11.02677
11.16468
11.07659
11.21477
11.17654
11.2651
11.22637
11.3151
11.27619
11.36517
11.32653
11.41547
11.37613
11.46521
11.42583
11.51489
11.4755
11.56499
11.52527
11.61533
11.62472
11.6654
11.6745
11.71575
11.72486
11.76556
11.77497
11.8155
11.82529
11.86572
11.87573
11.91553
11.9256
11.96536
11.97531
12.00996
12.01655
12.06022
12.06658
12.11048
12.11629
12.16052
12.16598
12.21048
12.21635
12.26014
12.31586
12.3098
12.36592
12.35953
12.41583
12.40926
12.46575
12.4592
12.51615
12.50907
12.56601
12.55873
12.6157
12.6088
12.66536
12.65854
12.71534
12.71001
12.76562
12.7594
12.81548
12.8098
12.86516
12.859
12.91563
12.90905
12.9659
12.95911
13.01564
13.00911
13.06622
13.05912
13.11544
13.10912
13.16531
13.15912
13.21517
13.2089
13.26479
13.25859
13.31443
13.30834
13.36428
13.40864
13.4141
13.45853
13.46387
13.50872
13.51415
13.55864
13.56386
13.60913
13.61396
13.65942
13.6644
13.7091
13.71414
13.75893
13.76383
13.80884
13.81417
13.85916
13.8645
13.90902
13.91463
13.95945
13.96462
14.0091
14.0146
14.05943
14.06483
14.10962
14.11444
14.15937
14.16405
14.20952
14.21372
14.25925
14.31359
14.30929
14.36342
14.3595
14.41362
14.40925
14.46329
14.4593
14.5136
14.50954
14.56362
14.55935
14.61353
14.60938
14.6637
14.65943
14.71386
14.70987
14.76411
14.76023
14.814
14.81063
14.91443
14.86088
14.96452
14.9112
15.0145
14.96158
15.1149
15.01164
15.16487
15.062
15.21518
15.11163
15.26511
15.16131
15.31337
15.21022
15.36305
15.26066
15.41267
15.31048
15.46238
15.3602
15.512
15.41049
15.56175
15.46074
15.6115
15.51123
15.66179
15.56143
15.71213
15.6118
15.76237
15.66207
15.81286
15.7124
15.86319
15.76281
15.96389
15.8125
16.01417
15.8629
16.06419
15.91451
16.11436
15.96309
16.16459
16.01349
16.21491
16.06383
16.26566
16.11308
16.31543
16.16353
16.36549
16.21382
16.41611
16.26395
16.46624
16.3142
16.51597
16.36393
16.56583
16.41417
16.61571
16.46393
16.66554
16.51385
16.71524
16.56418
16.76548
16.61464
16.8151
16.66464
16.86507
16.71498
16.91553
16.76525
16.96524
16.81528
17.01537
16.86544
17.06564
16.91505
17.11597
16.96532
17.16595
17.01581
17.21624
17.06567
17.26614
17.11597
17.31254
17.16597
17.3624
17.21639
17.41222
17.26632
17.46186
17.367
17.51163
17.41665
17.56159
17.46694
17.61132
17.51717
17.6616
17.56726
17.71176
17.61745
17.76207
17.6671
17.81183
17.71676
17.86168
17.76643
17.91185
17.81606
17.96156
17.86605
18.01126
17.91618
18.06113
17.96643
18.11115
18.01686
18.16141
18.06731
18.21151
18.11695
18.26116
18.16658
18.31149
18.21701
18.3618
18.26726
18.41195
18.36784
18.46162
18.41829
18.51126
18.46836
18.56092
18.51875
18.61086
18.56851
18.66058
18.619
18.71082
18.66908
18.76104
18.71912
18.81127
18.76936
18.8616
18.81975
18.91134
18.86958
18.96137
18.9192
19.01126
18.96964
19.0614
19.02004
19.16131
19.07027
19.21145
19.1204
19.26133
19.17017
19.31157
19.2202
19.362
19.27029
19.41224
19.32071
19.46211
19.3709
19.51244
19.4224
19.56213
19.47116
19.61252
19.52106
19.66216
19.57141
19.7125
19.62087
19.76293
19.67082
19.81324
19.72081
19.8622
19.77041
19.91265
19.82065
19.96302
19.8703
20.01326
19.91992
20.06297
19.97021
20.11264
20.01985
20.16306
20.0698
20.21318
20.12014
20.26318
20.17019
20.31345
20.22006
20.36386
20.27012
20.41362
20.32029
20.46357
20.37035
20.51365
20.42061
20.56381
20.47062
20.61349
20.52078
20.66323
20.57107
20.71368
20.62134
20.76409
20.67111
20.8145
20.72131
20.86483
20.77167
20.91521
20.82152
20.96518
20.87188
21.06536
20.92203
21.11534
20.97179
21.16564
21.02214
21.21577
21.07188
21.26538
21.12204
21.31521
21.17184
21.36564
21.22153
21.41573
21.27185
21.46577
21.32194
21.51592
21.3722
21.56587
21.42196
21.61614
21.4723
21.66594
21.5225
21.71642
21.5728
21.76683
21.62312
21.81722
21.67317
21.86683
21.72332
21.917
21.77338
21.96721
21.82371
22.01689
21.87406
22.06716
21.92446
22.11725
21.97455
22.16761
22.0249
22.21742
22.12493
22.26709
22.17519
22.31679
22.22559
22.36683
22.27606
22.41662
22.3263
22.46649
22.37651
22.51615
22.42669
22.56653
22.47644
22.61658
22.52664
22.66632
22.56835
22.70651
22.61871
22.75645
22.66871
22.80614
22.71841
22.85278
22.76808
22.90287
22.81838
22.95284
22.86905
23.00278
22.91924
23.05287
22.96954
23.10273
23.01911
23.15274
23.0692
23.20399
23.11747
23.25237
23.16723
23.28421
23.21688
23.33424
23.26624
23.38434
23.31615
23.43434
23.3665
23.48481
23.41668
23.53523
23.46695
23.58564
23.5172
23.63572
23.56687
23.68571
23.61668
23.73545
23.66688
23.78551
23.71309
23.83593
23.76345
23.88599
23.81367
23.93619
23.86335
23.98652
23.91366
24.03663
23.96346
24.08626
24.01308
24.13651
24.06269
24.18665
24.11255
24.23638
24.16219
24.28609
24.21254
24.33645
24.26288
24.38672
24.31265
24.43683
24.36315
24.48718
24.41326
24.53756
24.46325
24.58796
24.51322
24.63845
24.56365
24.68884
24.61406
24.73858
24.66428
24.78832
24.71459
24.83863
24.76455
24.88828
24.8145
24.93829
24.86425
24.98827
24.91433
25.08835
24.96467
25.13858
25.0144
25.18876
25.06474
25.23896
25.11452
25.28944
25.16417
25.33962
25.21381
25.38923
25.26385
25.43931
25.31405
25.48935
25.36367
25.53941
25.414
25.58967
25.464
25.63947
25.51381
25.68914
25.56417
25.73934
25.61466
25.78956
25.6646
25.83981
25.71439
25.89003
25.76436
25.9402
25.81452
25.99057
25.86478
26.04047
25.91504
26.09016
25.96545
26.14036
26.01591
26.19036
26.0663
26.24066
26.11598
26.29116
26.16585
26.34103
26.21578
26.39102
26.26612
26.44079
26.31796
26.49081
26.3667
26.54072
26.41678
26.59094
26.46694
26.64073
26.5163
26.69247
26.56635
26.74127
26.61674
26.79126
26.66681
26.84146
26.71705
26.89164
26.76716
26.94146
26.8171
26.99121
26.86735
27.04085
26.91741
27.09067
26.96728
27.1408
27.01747
27.19067
27.06757
27.24065
27.11788
27.29084
27.16801
27.341
27.21847
27.39063
27.2689
27.4408
27.31908
27.49091
27.36943
27.54124
27.41987
27.59163
27.4703
27.64194
27.52066
27.69164
27.57044
27.74133
27.62074
27.79153
27.67055
27.84176
27.72068
27.89156
27.77057
27.9416
27.8206
27.9918
27.8704
28.04143
27.9207
28.09126
27.97059
28.14158
28.0207
28.18476
28.07093
28.23498
28.12076
28.28493
28.17103
28.33498
28.22065
28.38523
28.25899
28.43495
28.30761
28.47095
28.3506
28.52117
28.40034
28.57104
28.44954
28.62044
28.49922
28.67023
28.54932
28.72052
28.59925
28.77098
28.64926
28.82136
28.69941
28.87151
28.74953
28.92192
28.79952
28.97225
28.84958
29.02191
28.89955
29.07197
28.94991
29.12162
28.99964
29.17181
29.04941
29.22221
29.0998
29.2721
29.15008
29.32183
29.19972
29.37201
29.24945
29.42215
29.29978
29.47241
29.34991
29.52251
29.40013
29.5728
29.44976
29.62262
29.4999
29.71117
29.54959
29.75989
29.59939
29.80994
29.64916
29.86026
29.69905
29.90992
29.74807
29.95856
29.7984
30.00219
29.84482
30.05
29.89467
30.08526
29.94515
30.13502
29.99471
30.18463
30.0448
30.23454
30.09468
30.2844
30.14493
30.33467
30.19539
30.3849
30.24564
30.43536
30.29596
30.48496
30.34559
30.585
30.39544
30.63549
30.4453
30.6852
30.49536
30.73508
30.54519
30.78494
30.59543
30.83481
30.64518
30.88448
30.69512
30.93414
30.74525
30.98398
30.79511
31.03382
30.89557
31.0842
30.94549
31.13385
30.99542
31.18352
31.04549
31.23332
31.14524
31.28357
31.19549
31.33331
31.24522
31.38345
31.34595
31.43378
31.39637
31.48347
31.44662
31.53364
31.49702
31.58345
31.54737
31.63326
31.59755
31.6835
31.63077
31.72618
31.67486
31.77622
31.71602
31.8209
31.76569
31.87109
31.81563
31.92104
31.86581
31.97091
31.91614
32.02132
31.96645
32.07137
32.0166
32.12186
32.06702
32.17219
32.11713
32.22237
32.16719
32.272
32.21685
32.32218
32.26661
32.37249
32.31699
32.42239
32.36667
32.47208
32.41646
32.52238
32.46669
32.5727
32.51699
32.67291
32.56707
32.72298
32.61699
32.77322
32.66686
32.82291
32.71728
32.87267
32.76701
32.92242
32.81711
32.97284
32.86707
33.02288
32.91681
33.07328
32.96717
33.12371
33.01751
33.17335
33.06748
33.22353
33.11748
33.27381
33.16725
33.32344
33.21745
33.37358
33.26825
33.42337
33.31861
33.47351
33.36848
33.52351
33.41864
33.57363
33.4684
33.62396
33.51823
33.67516
33.56863
33.72377
33.61854
33.77344
33.66885
33.82347
33.7185
33.87334
33.76827
33.92362
33.81796
33.97339
33.86778
34.02308
33.91785
34.07352
33.96751
34.12346
34.01767
34.17361
34.06789
34.22352
34.11766
34.27353
34.16729
34.32363
34.21695
34.37369
34.2673
34.4239
34.31696
34.47414
34.36662
34.52427
34.41639
34.57427
34.46679
34.62453
34.51675
34.67468
34.56659
34.72507
34.61669
34.77468
34.66703
34.82502
34.76731
34.87515
34.81712
34.92555
34.86744
34.97528
34.91705
35.02504
34.96711
35.07494
35.01751
35.12465
35.06768
35.17492
35.11777
35.22497
35.16769
35.27533
35.21808
35.32521
35.26789
35.3755
35.31758
35.4258
35.36803
35.47599
35.41791
35.52634
35.46815
35.5767
35.51777
35.62708
35.56821
35.67674
35.61797
35.72645
35.66824
35.77627
35.7181
35.82614
35.76776
35.87653
35.81804
35.9268
35.86767
35.97646
35.91802
36.02617
35.96767
36.07582
36.01759
36.12546
36.06783
36.1757
36.11796
36.22616
36.16813
36.27604
36.21854
36.32626
36.26836
36.37604
36.31815
36.42653
36.36852
36.47682
36.41871
36.52716
36.46832
36.57761
36.51842
36.62799
36.56878
36.67794
36.61888
36.72832
36.66853
36.77795
36.71827
36.82785
36.76796
36.87761
36.81761
36.92777
36.86758
36.97985
36.91762
37.02884
36.96734
37.07912
37.01754
37.12937
37.06762
37.17955
37.11739
37.22997
37.16761
37.28035
37.21785
37.33027
37.26834
37.42977
37.31831
37.4801
37.36818
37.52988
37.4182
37.57954
37.46864
37.62987
37.51886
37.67991
37.56887
37.73002
37.61907
37.77977
37.66924
37.82973
37.7196
37.88014
37.76919
37.92984
37.81927
37.97984
37.86937
38.03001
37.9192
38.0802
37.96953
38.12989
38.01959
38.17983
38.06979
38.23029
38.11958
38.28072
38.16976
38.3304
38.2201
38.38079
38.26978
38.431
38.31957
38.48066
38.36992
38.53073
38.42013
38.58075
38.47042
38.63068
38.52082
38.68095
38.57049
38.73093
38.62062
38.781
38.67075
38.88116
38.72071
38.93072
38.77105
38.98101
38.82083
39.03108
38.87054
39.08124
38.9209
39.13106
38.96952
39.1718
39.0149
39.22211
39.06485
39.25295
39.11518
39.30307
39.16531
39.35311
39.21568
39.40284
39.25761
39.43006
39.30793
39.47983
39.3336
39.50854
39.3836
39.54414
39.39888
39.57641
39.42766
39.60552
39.45789
39.63367
39.48554
39.66848
39.52751
39.69372
39.56402
39.73659
39.60586
39.76612
39.63747
39.80483
39.68755
39.85039
39.73771
39.90043
39.78799
39.95058
39.83812
40.00018
39.88333
40.0503
39.93344
40.10002
39.98377
40.1498
40.03408
40.20018
40.08394
40.25004
40.13376
40.2999
40.18402
40.35026
40.23433
40.40056
40.28428
40.45065
40.33367
40.50078
40.38332
40.55099
40.43322
40.60115
40.483
40.65146
40.533
40.70135
40.58275
40.75109
40.63248
40.80058
40.68295
40.85079
40.73278
40.90105
40.78282
40.95079
40.83281
41.00071
40.88294
41.05035
40.9328
41.10075
40.98304
41.1505
41.03286
41.20036
41.08291
41.25003
41.13264
41.30007
41.18307
41.35023
41.23347
41.40003
41.28387
41.45047
41.3343
41.50035
41.38467
41.55068
41.43507
41.60113
41.48554
41.65125
41.5352
41.70087
41.58566
41.75124
41.63604
41.80091
41.68631
41.85113
41.73663
41.90142
41.78627
41.9511
41.83629
42.00155
41.88651
42.0518
41.93642
42.10202
41.98675
42.15234
42.03707
42.20246
42.08711
42.25214
42.1372
42.30239
42.187
42.3526
42.23699
42.40236
42.28709
42.45255
42.33676
42.50255
42.38699
42.55222
42.43697
42.60258
42.48669
42.65231
42.53644
42.70215
42.63612
42.75184
42.68655
42.80171
42.73691
42.85132
42.78665
42.901
42.83649
42.95119
42.88651
43.001
42.93625
43.05132
42.98652
43.10171
43.03637
43.15173
43.08643
43.20184
43.12849
43.25219
43.17847
43.2907
43.22849
43.34057
43.27863
43.39059
43.3288
43.44098
43.37921
43.4915
43.42924
43.54161
43.47963
43.59168
43.5294
43.64192
43.57915
43.69226
43.62931
43.74193
43.67984
43.79184
43.72994
43.84151
43.77961
43.89137
43.82941
43.94167
43.87951
43.99243
43.92915
44.04258
43.97921
44.09278
44.02912
44.14265
44.07914
44.19299
44.1294
44.24302
44.17983
44.29273
44.2303
44.3424
44.27994
44.39231
44.33009
44.44273
44.38026
44.49293
44.43035
44.54329
44.48035
44.59318
44.53072
44.64296
44.58045
44.69291
44.63036
44.74282
44.68045
44.79308
44.73065
44.84315
44.78074
44.89355
44.83069
44.94375
44.88052
44.99419
44.93045
45.04456
44.98042
45.09429
45.03044
45.14423
45.08051
45.19448
45.1302
45.2443
45.16931
45.29405
45.21912
45.34414
45.26891
45.39414
45.31899
45.44396
45.3687
45.49418
45.41871
45.54403
45.4688
45.59441
45.51892
45.64427
45.56931
45.69476
45.61971
45.74447
45.67
45.79462
45.72044
45.84483
45.77094
45.89457
45.82134
45.94497
45.87133
45.99534
45.92125
46.04577
45.97104
46.09575
46.02145
46.14543
46.07186
46.19539
46.12192
46.24555
46.17233
46.29529
46.22232
46.34499
46.27259
46.39536
46.32257
46.44532
46.37223
46.49547
46.42256
46.54563
46.47244
46.5955
46.52216
46.6455
46.57256
46.69587
46.62296
46.74561
46.67317
46.79564
46.72341
46.84578
46.77304
46.89592
46.82342
46.99559
46.87384
47.04593
46.92409
47.09575
46.97549
47.14586
47.02419
47.19624
47.07377
47.24638
47.12392
47.29654
47.17361
47.34691
47.22376
47.39734
47.2735
47.44724
47.32362
47.49766
47.37402
47.5476
47.42396
47.59774
47.47382
47.64778
47.52388
47.6982
47.57388
47.74806
47.62375
47.7984
47.67411
47.84874
47.72417
47.89861
47.77415
47.94893
47.82376
47.99937
47.87424
48.04922
47.92388
48.09904
47.9743
48.14918
48.02401
48.19925
48.07434
48.24959
48.12467
48.2993
48.17487
48.34903
48.22536
48.39906
48.32495
48.44946
48.37461
48.49923
48.42439
48.54885
48.47485
48.59866
48.52453
48.64895
48.5747
48.69922
48.62442
48.74899
48.67472
48.79902
48.72449
48.84892
48.77436
48.89932
48.82409
48.94902
48.87444
48.99878
48.92482
49.04839
48.97444
49.09832
49.02421
49.14825
49.07402
49.19795
49.12445
49.24794
49.17473
49.29805
49.22453
49.34829
49.27481
49.3983
49.32521
49.44818
49.37488
49.49805
49.42473
49.54845
49.47461
49.59817
49.52441
49.64854
49.57414
49.69898
49.624
49.74877
49.67364
49.79923
49.72351
49.84948
49.77326
49.89997
49.82352
49.9498
49.8734
50.00009
49.92364
50.05036
49.97404
50.10067
50.02392
50.15096
50.0739
50.2009
50.12514
50.2513
50.17353
50.30133
50.22333
50.35114
50.27393
50.40088
50.3239
50.45135
50.37372
50.50327
50.42409
50.55172
50.47385
50.60213
50.52365
50.65196
50.57337
50.75142
50.62323
50.80182
50.67364
50.85196
50.72371
50.90192
50.77391
50.95179
50.82423
51.00168
50.87437
51.05202
50.92423
51.10239
50.97472
51.15215
51.02512
51.20207
51.07492
51.25224
51.12525
51.3024
51.17538
51.35219
51.22569
51.40208
51.27608
51.45248
51.32635
51.50213
51.37611
51.55193
51.42584
51.60187
51.47631
51.65231
51.52598
51.70206
51.57597
51.75245
51.62596
51.80261
51.67634
51.85287
51.72669
51.9033
51.77682
51.95337
51.82647
52.00301
51.8762
52.05264
51.92649
52.10225
51.97637
52.15211
52.02635
52.20186
52.07624
52.25179
52.1263
52.3022
52.17594
52.35198
52.226
52.4019
52.27642
52.45153
52.3262
52.50197
52.37652
52.55204
52.42629
52.6017
52.47676
52.65132
52.52641
52.70176
52.57629
52.75219
52.62601
52.80264
52.67576
52.85244
52.72609
52.90219
52.77602
52.95255
52.82605
53.00271
52.87641
53.05248
52.92617
53.10276
52.97614
53.1527
53.02298
53.2023
53.07305
53.25198
53.12327
53.30189
53.17361
53.35152
53.22408
53.40183
53.27428
53.45155
53.32395
53.50137
53.37397
53.55108
53.42419
53.60138
53.52421
53.65149
53.57398
53.70184
53.62381
53.75191
53.67374
53.80187
53.72384
53.85231
53.77367
53.90163
53.82404
53.95169
53.87371
54.00164
53.9237
54.05142
53.97374
54.10177
54.02411
54.1515
54.0739
54.20129
54.12436
54.2512
54.17443
54.30169
54.22433
54.35205
54.27465
54.40216
54.32505
54.45206
54.37516
54.5023
54.42543
54.55203
54.47513
54.60228
54.57477
54.65203
54.62477
54.70194
54.67459
54.75168
54.72439
54.80195
54.77409
54.85229
54.82372
54.90193
54.87355
54.95159
54.92363
55.00192
54.97363
55.052
55.02367
55.10211
55.07407
55.15227
55.12397
55.20245
55.17394
55.25214
55.22429
55.30231
55.27436
55.35222
55.32434
55.40246
55.37442
55.45262
55.42453
55.50287
55.47475
55.60307
55.52488
55.6528
55.57454
55.70304
55.62429
55.75307
55.6741
55.80313
55.72401
55.85343
55.77382
55.90357
55.82357
55.95332
55.87334
56.05344
55.92309
56.10313
55.97314
56.15307
56.02337
56.20279
56.07313
56.25285
56.12276
56.30252
56.17313
56.35225
56.22329
56.40213
56.27333
56.45205
56.32315
56.50179
56.37312
56.55151
56.42279
56.60133
56.47313
56.65124
56.52352
56.70096
56.57529
56.75135
56.62408
56.8018
56.67433
56.85149
56.71392
56.90135
56.76449
56.94304
56.81419
56.99148
56.8646
57.04124
56.91459
57.09152
56.96453
57.14188
57.01462
57.19204
57.06461
57.24146
57.11506
57.29185
57.16518
57.34149
57.21504
57.39135
57.26511
57.44157
57.31478
57.49192
57.36492
57.5417
57.41518
57.59151
57.46537
57.64115
57.51535
57.69163
57.56567
57.73701
57.61564
57.7867
57.66598
57.8369
57.7164
57.88688
57.76664
57.93728
57.81706
57.98753
57.86724
58.03788
57.91729
58.08752
57.96727
58.13721
58.01691
58.18683
58.06671
58.23728
58.1668
58.28717
58.21684
58.33723
58.26697
58.38703
58.31731
58.43687
58.3676
58.4868
58.41759
58.53703
58.46784
58.58747
58.51757
58.63769
58.5675
58.68753
58.6179
58.7378
58.66839
58.78756
58.71879
58.83788
58.76925
58.88808
58.81931
58.93843
58.86966
58.98835
58.91939
59.03846
58.96938
59.08813
59.01917
59.13781
59.06951
59.18752
59.11988
59.23728
59.17002
59.28718
59.2197
59.33705
59.27008
59.38741
59.32008
59.43788
59.36995
59.48809
59.42025
59.53795
59.47036
59.58766
59.52047
59.63728
59.57051
59.68722
59.6208
59.73728
59.67044
59.78748
59.72011
59.83766
59.76982
59.88779
59.82011
59.93788
59.87042
59.98751
59.92077
60.038
59.97384
60.08847
60.02082
60.13894
60.07099
60.18864
60.1215
60.23833
60.17154
60.28799
60.2212
60.33827
60.27136
60.43857
60.32157
60.48831
60.37123
60.53819
60.42128
60.58812
60.47095
60.6378
60.52108
60.68804
60.57141
60.73769
60.62183
60.7879
60.67146
60.83762
60.72113
60.88779
60.77096
60.93806
60.82058
61.03797
60.8706
61.0883
60.92035
61.13794
60.97013
61.18769
61.01995
61.23794
61.07042
61.28831
61.1208
61.33823
61.17055
61.3879
61.22066
61.43789
61.27078
61.48838
61.32104
61.53878
61.37112
61.58878
61.42124
61.63915
61.47139
61.68935
61.52188
61.73929
61.57221
61.78978
61.62208
61.83998
61.67187
61.89028
61.72173
61.94077
61.77139
61.9911
61.8213
62.04143
61.87132
62.09124
61.92106
62.14164
61.97077
62.19161
62.07018
62.24196
62.11998
62.29197
62.16977
62.34174
62.2202
62.39219
62.27066
62.44217
62.32104
62.49219
62.3714
62.54207
62.42157
62.59202
62.47165
62.64167
62.52129
62.6919
62.57098
62.74195
62.62129
62.79168
62.72211
62.84143
62.77172
62.89107
62.82205
62.9412
62.8717
62.99115
62.92212
63.04143
62.97183
63.09163
63.02206
63.14134
63.0717
63.19175
63.12192
63.24134
63.17169
63.29132
63.22205
63.34113
63.27245
63.39165
63.32238
63.44139
63.37244
63.49113
63.4215
63.54081
63.47137
63.59046
63.52168
63.64008
63.57135
63.69021
63.62142
63.7408
63.67124
63.79084
63.72157
63.84115
63.77135
63.89114
63.82177
63.9409
63.87162
63.9912
63.92136
64.0416
63.97111
64.09198
64.0208
64.14161
64.07124
64.19196
64.12109
64.24179
64.17101
64.29218
64.22087
64.342
64.271
64.39185
64.32122
64.44144
64.37143
64.49126
64.4216
64.54111
64.47148
64.59106
64.51833
64.6201
64.5517
64.65605
64.60173
64.70338
64.64023
64.74139
64.68993
64.83433
64.73593
64.88477
64.78564
64.93464
64.83566
64.9845
64.88618
65.0348
64.93607
65.08444
64.98602
65.13418
65.03568
65.18458
65.08575
65.23425
65.13588
65.28452
65.18593
65.33444
65.23586
65.38452
65.28597
65.43436
65.33615
65.4845
65.37714
65.53416
65.42525
65.57598
65.47488
65.61528
65.51532
65.6591
65.56559
65.70924
65.61535
65.75945
65.66581
65.80963
65.71625
65.85991
65.76614
65.90983
65.81661
65.9599
65.86633
66.00977
65.91619
66.05956
65.96604
66.10978
66.01637
66.15996
66.06671
66.21014
66.11699
66.26049
66.1671
66.31014
66.21684
66.35976
66.26663
66.40981
66.31625
66.4595
66.36654
66.50996
66.41653
66.55971
66.46671
66.61002
66.51685
66.6602
66.56651
66.71013
66.61629
66.75574
66.66653
66.80573
66.71692
66.85606
66.76679
66.90636
66.81813
66.95663
66.86716
67.00683
66.91739
67.05359
66.96752
67.10326
67.01699
67.15319
67.06734
67.2028
67.11697
67.2526
67.16709
67.30302
67.21671
67.35311
67.26692
67.40465
67.31737
67.45325
67.36722
67.50302
67.46778
67.55314
67.51789
67.60322
67.56751
67.65295
67.61729
67.70335
67.66698
67.75308
67.71663
67.80293
67.76637
67.85272
67.81613
67.90321
67.86603
67.95298
67.91637
68.00291
67.96655
68.05328
68.01624
68.10358
68.06597
68.15319
68.11568
68.20287
68.16576
68.25263
68.21568
68.30273
68.26535
68.35303
68.31546
68.4027
68.36562
68.45272
68.41582
68.50243
68.46547
68.5527
68.51555
68.60297
68.56581
68.65266
68.61563
68.70313
68.66595
68.7529
68.71614
68.80276
68.76583
68.85249
68.81615
68.90285
68.86603
68.95313
68.91602
69.00336
68.96574
69.05356
69.01619
69.10365
69.06585
69.15333
69.11572
69.20317
69.16551
69.25304
69.20378
69.30302
69.25351
69.35345
69.29978
69.40359
69.34785
69.45344
69.38152
69.50314
69.43147
69.54177
69.48138
69.59199
69.53181
69.64214
69.58145
69.69205
69.63107
69.74211
69.68088
69.7925
69.73059
69.84277
69.78026
69.89324
69.82995
69.94363
69.87974
69.99406
69.92947
70.04435
69.97919
70.09414
70.02944
70.14453
70.07933
70.19415
70.12907
70.24416
70.17917
70.29463
70.22927
70.34483
70.2796
70.39494
70.32996
70.44529
70.38023
70.4949
70.4301
70.54523
70.48061
70.59526
70.5308
70.64548
70.58085
70.69534
70.63067
70.7457
70.68039
70.7961
70.73071
70.84589
70.78065
70.89576
70.83031
70.94572
70.88019
70.99586
70.93003
71.04626
70.97989
71.09669
71.02975
71.14618
71.07998
71.19614
71.12985
71.24619
71.1797
71.29594
71.22956
71.34628
71.27925
71.39618
71.32903
71.44662
71.37885
71.49635
71.42898
71.54609
71.47884
71.59581
71.51903
71.64554
71.5669
71.69034
71.61657
71.74019
71.66644
71.79027
71.71618
71.84027
71.75665
71.88855
71.7973
71.92925
71.84701
71.979
71.89124
72.02907
71.9415
72.07915
71.99123
72.1292
72.0415
72.17924
72.09129
72.22973
72.14096
72.28
72.19141
72.33039
72.24181
72.38068
72.29156
72.43057
72.34129
72.48096
72.39095
72.53079
72.44134
72.58086
72.49172
72.63077
72.54189
72.68118
72.59227
72.73104
72.64208
72.78089
72.6918
72.83086
72.74143
72.88071
72.79128
72.93083
72.84172
72.98083
72.89168
73.03053
72.94147
73.08098
72.99129
73.13078
73.04099
73.1804
73.09121
73.23058
73.14146
73.28089
73.19112
73.33111
73.24146
73.38145
73.29179
73.43171
73.34209
73.48212
73.39246
73.53185
73.44272
73.58224
73.49306
73.63197
73.54352
73.68184
73.59374
73.73158
73.64402
73.78197
73.6944
73.83177
73.74478
73.88157
73.79472
73.93208
73.84481
73.98184
73.89505
74.03181
73.94651
74.08211
73.99515
74.1323
74.0452
74.18264
74.09579
74.23274
74.14507
74.28237
74.19479
74.33263
74.24447
74.38306
74.29445
74.43288
74.34417
74.48295
74.39431
74.53444
74.44473
74.58286
74.495
74.63284
74.545
74.68256
74.59473
74.73209
74.64503
74.78183
74.6953
74.83157
74.74502
74.88142
74.79473
74.93179
74.84436
74.9815
74.89411
75.03142
74.94451
75.08142
74.99451
75.13155
75.04433
75.18185
75.09396
75.23232
75.14417
75.28208
75.19415
75.33205
75.29446
75.38255
75.34456
75.43293
75.39484
75.48294
75.44531
75.53281
75.49544
75.58312
75.54581
75.63315
75.59588
75.68294
75.64621
75.73272
75.69641
75.78238
75.74613
75.83246
75.79598
75.88219
75.84638
75.93212
75.89655
75.98206
75.94695
76.03242
75.99687
76.08214
76.04729
76.13231
76.09721
76.18253
76.14696
76.23271
76.24673
76.2825
76.29682
76.3326
76.34667
76.38271
76.39636
76.43311
76.4463
76.48287
76.49673
76.53267
76.54679
76.58266
76.59724
76.63237
76.64694
76.68243
76.69712
76.73241
76.74733
76.78225
76.79782
76.83226
76.84828
76.88258
76.89821
76.93224
76.94862
76.98186
76.99861
77.03172
77.04858
77.08145
77.09819
77.13184
77.14809
77.18172
77.19813
77.23145
77.24792
77.2813
77.29776
77.33112
77.34805
77.38126
77.39795
77.43119
77.44785
77.48145
77.49758
77.53136
77.54728
77.58159
77.59705
77.63165
77.64711
77.68164
77.69745
77.73125
77.74713
77.78165
77.7976
77.83198
77.84791
77.88168
77.8982
77.93157
77.94794
77.98154
77.99837
78.03183
78.0481
78.08151
78.09772
78.13143
78.14791
78.18164
78.19825
78.23154
78.24825
78.28153
78.29703
78.33195
78.33438
78.37175
78.38412
78.42214
78.43407
78.47201
78.48399
78.5219
78.53374
78.5717
78.58356
78.62135
78.63386
78.6713
78.68358
78.7217
78.73359
78.7716
78.7832
78.82172
78.83308
78.87041
78.8827
78.92046
78.93313
78.97076
78.98296
79.02046
79.03323
79.07082
79.08298
79.12109
79.13279
79.17081
79.18276
79.22085
79.23289
79.27094
79.28333
79.37078
79.33317
79.42114
79.38289
79.47079
79.43271
79.52077
79.48235
79.571
79.53224
79.62105
79.58262
79.67088
79.63264
79.72059
79.68262
79.77081
79.73271
79.82087
79.81535
79.87034
79.86521
79.92061
79.91555
79.97079
79.96545
80.02055
80.01564
80.07059
80.06567
80.12065
80.11603
80.17087
80.16611
80.2212
80.21782
80.27121
80.26669
80.32124
80.31707
80.3712
80.36703
80.42165
80.41708
80.47147
80.46703
80.5214
80.51716
80.57133
80.5676
80.62151
80.61746
80.67177
80.66766
80.72141
80.71762
80.77159
80.76775
80.82162
80.81819
80.87203
80.86788
80.9222
80.91779
80.97276
80.96779
81.0225
81.01801
81.07259
81.11808
81.12286
81.16808
81.1726
81.21807
81.22238
81.26812
81.27238
81.31829
81.32236
81.36815
81.37271
81.41835
81.42297
81.46876
81.47314
81.51273
81.5137
81.56255
81.56348
81.6124
81.61331
81.66222
81.6633
81.71185
81.71318
81.76186
81.76298
81.81171
81.81269
81.86158
81.86275
81.91128
81.91303
81.96101
81.96288
82.0114
82.01304
82.06127
82.06351
82.11106
82.11395
82.16098
82.1638
82.21113
82.21371
82.2611
82.26408
82.31086
82.31414
82.36073
82.36456
82.41113
82.41431
82.46098
82.46413
82.51084
82.51427
82.56133
82.56404
82.61122
82.66408
82.66165
82.71452
82.712
82.76437
82.76242
82.81456
82.81205
82.86462
82.86215
82.91433
82.91222
82.96402
82.96249
83.01449
83.01244
83.06436
83.06223
83.11414
83.11216
83.16379
83.16204
83.20282
83.21169
83.25242
83.2617
83.30248
83.31205
83.35289
83.36353
83.40273
83.41218
83.45321
83.4625
83.50298
83.51239
83.55308
83.56203
83.60288
83.61185
83.65268
83.66184
83.70235
83.71223
83.75218
83.76241
83.80188
83.81281
83.85185
83.8631
83.90172
83.91341
83.95154
83.96313
84.00124
84.01294
84.05098
84.06257
84.10148
84.1127
84.15185
84.16234
84.20213
84.2124
84.25207
84.26215
84.30222
84.31184
84.35223
84.36163
84.40205
84.4115
84.45245
84.46128
84.50223
84.51134
84.55259
84.61102
84.6028
84.66071
84.65318
84.71108
84.70313
84.76156
84.75298
84.81195
84.85265
84.8616
84.90231
84.91134
84.95193
85.01093
85.00233
85.06086
85.05205
85.11068
85.10177
85.16113
85.15182
85.21141
85.20206
85.46249
85.25205
85.51259
85.30168
85.56274
85.35155
85.61305
85.40126
85.66287
85.45106
85.70934
85.50084
85.75925
85.55075
85.80485
85.60077
85.84973
85.65076
85.88951
85.69979
85.93946
85.74561
85.98517
85.79224
86.01868
85.83455
86.04718
85.87343
86.08592
85.90528
86.12206
85.9305
86.16333
85.9805
86.1988
86.01675
86.24181
86.05502
86.2814
86.10503
86.31473
86.19715
86.33719
86.22402
86.35954
86.25073
86.3889
86.28345
86.41114
86.29998
86.43247
86.32225
86.45458
86.34016
86.46819
86.35408
86.48687
86.37032
86.50393
86.37941
86.5189
86.39285
86.53114
86.4221
86.54569
86.43743
86.55786
86.4493
86.57153
86.48468
86.58347
86.49997
86.59818
86.50969
86.61546
86.52309
86.62672
86.53641
86.63953
86.55184
86.65165
86.55904
86.66393
86.57367
86.67074
86.58591
86.68474
86.62204
86.69154
86.63364
86.70461
86.65997
86.71263
86.68656
86.723
86.69929
86.73584
86.7233
86.74454
86.73071
86.75371
86.73942
86.76513
86.75144
86.77934
86.76269
86.78873
86.77641
86.79874
86.78728
86.81213
86.79607
86.82127
86.80286
86.83405
86.8169
86.8466
86.82941
86.86176
86.84321
86.87584
86.8551
86.88705
86.86398
86.89946
86.87807
86.90643
86.8895
86.9152
86.90263
86.92836
86.90955
86.94025
86.92061
86.94716
86.92957
86.95396
86.94221
86.96733
86.95119
86.97784
86.9635
86.98491
86.97406
86.99851
86.98783
87.01202
87.00103
87.02375
87.01433
87.03675
87.02682
87.04875
87.03924
87.05782
87.05022
87.07108
87.06343
87.08372
87.07536
87.0964
87.09034
87.11015
87.09959
87.12313
87.1119
87.13586
87.12656
87.14626
87.1403
87.1582
87.14961
87.172
87.16278
87.18536
87.17582
87.19844
87.18813
87.21235
87.20393
87.22626
87.2173
87.23571
87.2291
87.2503
87.24443
87.27015
87.25923
87.28378
87.27016
87.29636
87.28178
87.30869
87.29586
87.31966
87.3051
87.33286
87.31882
87.34551
87.34433
87.36092
87.35741
87.37155
87.3667
87.38573
87.37742
87.39962
87.38707
87.40936
87.39871
87.42466
87.40799
87.43523
87.41949
87.44299
87.42879
87.45786
87.43602
87.46645
87.4453
87.47961
87.46037
87.49357
87.47549
87.50332
87.48727
87.51732
87.50159
87.52852
87.5148
87.54163
87.52594
87.55437
87.53941
87.56716
87.55148
87.57655
87.56328
87.59012
87.57533
87.6047
87.58807
87.61366
87.60127
87.62116
87.61136
87.63376
87.62421
87.64412
87.6366
87.65809
87.64828
87.67072
87.65862
87.68166
87.6704
87.69325
87.67781
87.70502
87.68708
87.72363
87.69636
87.73289
87.7056
87.74218
87.71482
87.75145
87.72407
87.75895
87.73438
87.76881
87.74614
87.77622
87.75644
87.78349
87.76574
87.79276
87.77872
87.80018
87.789
87.80945
87.79826
87.81979
87.80855
87.82903
87.81776
87.83825
87.82701
87.8475
87.83727
87.85671
87.84442
87.86394
87.85165
87.87424
87.86509
87.88769
87.87987
87.90263
87.894
87.92029
87.90584
87.93087
87.92002
87.94231
87.93195
87.95156
87.93918
87.96145
87.94842
87.97356
87.96268
87.98694
87.97002
87.99723
87.97926
88.00753
87.98955
88.01782
87.99984
88.02708
88.00907
88.03635
88.01631
88.04562
88.02962
88.05828
88.03682
88.06567
88.04799
88.07291
88.0629
88.08215
88.07464
88.09145
88.08388
88.09868
88.09569
88.10578
88.10488
88.11501
88.11208
88.12241
88.11933
88.12968
88.12657
88.13894
88.13581
88.14618
88.14606
88.15548
88.15528
88.16477
88.16555
88.17657
88.17822
88.19168
88.18887
88.20504
88.20204
88.21893
88.21035
88.23155
88.22492
88.24623
88.23411
88.25597
88.24802
88.27036
88.25528
88.27771
88.26555
88.2893
88.27475
88.29871
88.284
88.30591
88.29266
88.31514
88.30573
88.32688
88.31515
88.33858
88.32435
88.34776
88.33354
88.35511
88.34274
88.36209
88.35188
88.36923
88.35908
88.3764
88.36607
88.38564
88.37325
88.39517
88.38493
88.40437
88.39414
88.41442
88.40344
88.42784
88.41931
88.43521
88.42851
88.44901
88.44008
88.46088
88.4551
88.47757
88.47188
88.48491
88.48339
88.49522
88.49784
88.5183
88.51152
88.533
88.52328
88.54733
88.54005
88.55469
88.54935
88.56924
88.56485
88.58303
88.58174
88.59984
88.60031
88.61429
88.61374
88.63209
88.62791
88.64657
88.63714
88.65913
88.65138
88.66977
88.66005
88.67902
88.67034
88.69168
88.68185
88.70092
88.68925
88.7112
88.70097
88.7209
88.71423
88.73014
88.72159
88.73735
88.73085
88.74456
88.74223
88.75493
88.74959
88.7699
88.75887
88.77996
88.77167
88.80352
88.7895
88.81526
88.80905
88.83577
88.82932
88.8476
88.85554
88.8967
88.8802
88.92146
88.91343
88.93939
88.93512
88.96921
88.95671
88.98192
88.96812
89.00492
88.99483
89.02097
89.01152
89.03612
89.0358
89.04958
89.0435
89.06539
89.0597
89.0758
89.06747
89.08756
89.08251
89.10634
89.09564
89.11803
89.10577
89.12974
89.11867
89.14142
89.13167
89.1599
89.14551
89.16839
89.15487
89.17571
89.1643
89.18525
89.17367
89.19442
89.18553
89.20358
89.1958
89.2104
89.20769
89.22074
89.21696
89.23239
89.22665
89.23976
89.23693
89.25892
89.25023
89.2712
89.25757
89.28147
89.26506
89.29072
89.27846
89.29996
89.28762
89.31019
89.29823
89.31756
89.3075
89.32925
89.31779
89.33665
89.32813
89.34389
89.33743
89.35422
89.34775
89.36591
89.35699
89.37328
89.36726
89.38029
89.3745
89.39102
89.38173
89.39841
89.38879
89.40761
89.3995
89.41478
89.4088
89.422
89.42032
89.4292
89.42756
89.43639
89.43478
89.44358
89.44203
89.4528
89.45126
89.46017
89.46053
89.47184
89.46792
89.47904
89.47716
89.48936
89.48745
89.50095
89.49675
89.51018
89.50599
89.51942
89.51591
89.53108
89.52561
89.53846
89.53893
89.54871
89.54617
89.55612
89.55541
89.56532
89.56633
89.58632
89.57804
89.59954
89.5853
89.60676
89.59492
89.61848
89.60526
89.62585
89.61926
89.63728
89.62957
89.64902
89.6389
89.66137
89.65483
89.6706
89.66596
89.68091
89.67862
89.69428
89.69143
89.70596
89.70726
89.72019
89.72251
89.72935
89.72992
89.74268
89.74339
89.75008
89.75745
89.76346
89.7695
89.77079
89.77866
89.78415
89.79046
89.79149
89.80483
89.80489
89.81623
89.82001
89.82551
89.83284
89.84099
89.84235
89.84978
89.85447
89.86356
89.8698
89.87391
89.88298
89.88699
89.89101
89.89725
89.90364
89.90899
89.91093
89.92232
89.92368
89.93147
89.93427
89.9407
89.94454
89.94795
89.9538
89.95722
89.96406
89.96626
89.97328
89.97655
89.98351
89.98684
90.00014
89.9961
