0.007696197
0.007819004
0.03381676
0.02075209
0.04240995
0.03371414
0.06042854
0.04857821
0.07418042
0.05724481
0.09372345
0.07020281
0.1082126
0.08518184
0.1168061
0.09841676
0.1296789
0.1099353
0.1422052
0.1221414
0.1488032
0.13557
0.1609428
0.1483324
0.1741134
0.1592548
0.1830547
0.1725506
0.1962835
0.183415
0.2056771
0.1998705
0.2180142
0.213512
0.2299494
0.2273389
0.2424929
0.2360012
0.2560508
0.247905
0.270159
0.2616046
0.2825502
0.2754088
0.2962601
0.2890664
0.3067495
0.2977329
0.3153826
0.3113079
0.32888
0.3200117
0.3380238
0.3325821
0.3567153
0.3415234
0.3676231
0.3554796
0.3762125
0.3665356
0.3857438
0.3755457
0.4065556
0.3868684
0.4184178
0.3958785
0.4274884
0.4048784
0.4396568
0.4180718
0.4487212
0.4289072
0.4631233
0.441669
0.4759333
0.452
0.4850807
0.4609209
0.5087929
0.473612
0.5173508
0.4822119
0.5259134
0.4908722
0.5369359
0.503603
0.5580103
0.5129945
0.567754
0.5239444
0.5763539
0.5339795
0.5852864
0.5441795
0.5920699
0.5563435
0.6041219
0.5684474
0.6127486
0.5819284
0.6257526
0.5950279
0.6355857
0.6087112
0.6482664
0.6204357
0.6572144
0.6318355
0.6679059
0.6473977
0.6778054
0.6589413
0.6910072
0.6706679
0.7002632
0.6830385
0.7136151
0.7001089
0.7262753
0.7111982
0.7380376
0.7250059
0.7491914
0.7385808
0.7590454
0.7515745
0.768047
0.762674
0.7785429
0.7743798
0.7916778
0.7877985
0.8092831
0.8022357
0.8158813
0.8157206
0.8244166
0.8284914
0.8330809
0.8429241
0.8611451
0.8519261
0.8702823
0.8653132
0.8814716
0.8775985
0.8926815
0.8909961
0.9013275
0.9039292
0.9140147
0.9155584
0.9257293
0.9290283
0.9379954
0.9407762
0.9497053
0.9540572
0.9588468
0.9649882
0.9716064
0.9776461
0.9782591
0.9863167
0.9921229
1.000023
1.006716
1.013029
1.018141
1.024764
1.031733
1.037955
1.04318
1.052626
1.054328
1.066159
1.067003
1.079019
1.091998
1.091135
1.104897
1.104525
1.11686
1.119997
1.129382
1.133801
1.136201
1.151038
1.148598
1.166154
1.158588
1.180029
1.171388
1.191954
1.18526
1.20356
1.197666
1.212294
1.219257
1.218866
1.227898
1.227599
1.234657
1.236971
1.243261
1.246448
1.251861
1.255198
1.275793
1.263973
1.284658
1.275195
1.301739
1.283864
1.310741
1.292588
1.319273
1.299324
1.325872
1.305915
1.337517
1.314586
1.344073
1.323171
1.350473
1.32995
1.356873
1.336556
1.365769
1.347796
1.374339
1.358362
1.380924
1.370501
1.389501
1.377262
1.399449
1.388747
1.40805
1.397329
1.414605
1.404117
1.421173
1.416282
1.427769
1.426888
1.434162
1.435548
1.44074
1.447762
1.450121
1.456378
1.458693
1.463014
1.465468
1.47352
1.474178
1.483928
1.480739
1.495257
1.497872
1.503907
1.506461
1.51306
1.516977
1.522527
1.525556
1.52931
1.534194
1.535918
1.542776
1.547047
1.549356
1.553793
1.558582
1.562499
1.565191
1.571324
1.573763
1.580101
1.582337
1.588792
1.590903
1.599173
1.601057
1.605919
1.609596
1.614587
1.616171
1.623289
1.626249
1.63296
1.633031
1.641657
1.641601
1.650295
1.648335
1.659011
1.656909
1.665924
1.663703
1.674615
1.672899
1.683242
1.6816
1.68999
1.6902
1.698812
1.701502
1.707431
1.708256
1.716125
1.719266
1.726578
1.727923
1.733324
1.736599
1.742123
1.743334
1.748895
1.749732
1.757923
1.756121
1.766614
1.762717
1.77319
1.769267
1.781817
1.775667
1.790645
1.784223
1.797435
1.7972
1.806101
1.803621
1.814762
1.812199
1.821322
1.818932
1.829989
1.825507
1.841901
1.831932
1.850654
1.83852
1.857237
1.847065
1.863854
1.85364
1.873387
1.860036
1.884939
1.86646
1.89172
1.881366
1.904011
1.888093
1.910587
1.89452
1.921386
1.901064
1.930071
1.907654
1.940971
1.916239
1.949585
1.926367
1.956348
1.932963
1.965504
1.939361
1.972239
1.963492
1.978812
1.972442
1.987585
1.981016
2.001417
1.987729
2.007984
1.994187
2.016688
2.002862
2.025813
2.009593
2.032542
2.016147
2.041682
2.022728
2.05062
2.029328
2.057369
2.040317
2.066079
2.049389
2.075442
2.062396
2.086651
2.07129
2.098584
2.079929
2.108317
2.090712
2.118169
2.099368
2.124956
2.128765
2.133709
2.135346
2.145766
2.143927
2.154412
2.15051
2.163214
2.159446
2.16997
2.168356
2.178968
2.176993
2.187643
2.183553
2.197382
2.198778
2.206048
2.207359
2.212628
2.231117
2.221273
2.240108
2.228048
2.255779
2.234637
2.267562
2.243608
2.276155
2.250375
2.282886
2.263105
2.289442
2.27208
2.311236
2.28084
2.319842
2.293246
2.328456
2.305034
2.337748
2.314713
2.346341
2.323435
2.353083
2.330048
2.363117
2.34038
2.37623
2.347004
2.38279
2.360211
2.391315
2.372705
2.398086
2.379465
2.406675
2.388629
2.415319
2.401094
2.425789
2.407829
2.432389
2.414406
2.438954
2.423112
2.447589
2.433045
2.471553
2.445635
2.480155
2.454305
2.489827
2.464577
2.496429
2.471336
2.502988
2.480138
2.51152
2.488892
2.518247
2.495667
2.524639
2.5026
2.531254
2.511603
2.539822
2.518358
2.548413
2.527743
2.554967
2.539224
2.561578
2.54794
2.571519
2.560077
2.580017
2.571575
2.586583
2.584029
2.595179
2.590706
2.601718
2.601968
2.608289
2.614749
2.614685
2.623364
2.623251
2.632159
2.631828
2.645126
2.638572
2.656931
2.648984
2.663896
2.655572
2.672575
2.667503
2.684341
2.676417
2.691108
2.68504
2.6998
2.69435
2.708626
2.701074
2.717678
2.707481
2.726597
2.71797
2.737794
2.729438
2.744542
2.735984
2.753173
2.742373
2.759973
2.74878
2.771358
2.76635
2.778106
2.774945
2.788812
2.781516
2.797472
2.790077
2.804205
2.798782
2.810795
2.814478
2.821957
2.836182
2.830662
2.846956
2.837404
2.85351
2.846125
2.860079
2.85497
2.868647
2.861753
2.87522
2.868303
2.883774
2.874878
2.890314
2.881272
2.896914
2.888036
2.905485
2.900407
2.914087
2.909196
2.920775
2.91879
2.927336
2.927456
2.935952
2.934365
2.948913
2.943021
2.958579
2.951637
2.967168
2.958429
2.973712
2.96729
2.980274
2.974028
2.986668
2.980635
2.995265
2.990703
3.001819
2.999469
3.00838
3.008592
3.016934
3.020302
3.025888
3.029731
3.035712
3.036466
3.042285
3.045035
3.050845
3.05167
3.066174
3.065874
3.07273
3.07882
3.079111
3.0881
3.092066
3.096766
3.100644
3.103681
3.107378
3.110423
3.128896
3.116814
3.135621
3.123366
3.142177
3.129833
3.148754
3.141486
3.158664
3.148231
3.165274
3.157032
3.189161
3.166073
3.195575
3.172826
3.202135
3.184213
3.208552
3.196484
3.227566
3.205079
3.234107
3.21367
3.240508
3.220399
3.256224
3.227014
3.262668
3.235691
3.272307
3.244878
3.280932
3.251449
3.296107
3.260157
3.306294
3.266899
3.332307
3.278054
3.338876
3.286698
3.347472
3.297283
3.356041
3.304012
3.364623
3.310564
3.371344
3.317145
3.378073
3.325814
3.384469
3.33463
3.393075
3.343563
3.408204
3.35223
3.418464
3.358827
3.425014
3.36539
3.431437
3.371794
3.437834
3.380406
3.446369
3.387162
3.452957
3.398281
3.463742
3.407247
3.474705
3.415828
3.483217
3.424532
3.491796
3.433828
3.501904
3.440409
3.517166
3.448987
3.537269
3.455561
3.543836
3.464192
3.553415
3.47596
3.564302
3.48476
3.572819
3.497735
3.581302
3.508993
3.590221
3.523009
3.599568
3.531786
3.612468
3.545873
3.621062
3.552625
3.640605
3.56415
3.649588
3.576987
3.660435
3.588193
3.672635
3.596822
3.686754
3.605759
3.698282
3.616811
3.708655
3.623559
3.7199
3.633559
3.726501
3.644659
3.739148
3.659025
3.7499
3.667872
3.756479
3.678275
3.7653
3.692091
3.77713
3.70133
3.783699
3.70789
3.792287
3.714488
3.80249
3.726742
3.809061
3.742006
3.817965
3.750614
3.827865
3.764022
3.838
3.775422
3.846831
3.785918
3.859187
3.79874
3.870126
3.811459
3.878586
3.820527
3.885182
3.827154
3.896515
3.839471
3.908146
3.848021
3.914721
3.86027
3.923281
3.86922
3.933164
3.881488
3.93992
3.891171
3.951279
3.901379
3.96292
3.915681
3.988607
3.928202
3.99715
3.938875
4.005615
3.952612
4.015952
3.963591
4.02921
3.976721
4.04035
3.987419
4.046868
3.994686
4.060197
4.003352
4.06896
4.012343
4.077455
4.023406
4.085998
4.032073
4.092596
4.046484
4.102027
4.055017
4.110893
4.065994
4.123522
4.079334
4.134339
4.09055
4.142848
4.104052
4.149447
4.11297
4.162213
4.122549
4.174149
4.136047
4.191559
4.148063
4.201079
4.159854
4.209691
4.168548
4.223946
4.179862
4.236643
4.186481
4.245282
4.200068
4.257213
4.212083
4.270276
4.220851
4.291
4.232874
4.303079
4.245271
4.31535
4.254282
4.330066
4.265206
4.352876
4.278948
4.377477
4.286881
4.388212
4.300935
4.402941
4.313302
4.41301
4.325405
4.421532
4.339505
4.433599
4.352898
4.447536
4.366069
4.459077
4.380102
4.467754
4.394801
4.480531
4.409834
4.493526
4.419963
4.505343
4.433871
4.517661
4.448473
4.531009
4.46261
4.539971
4.470431
4.550485
4.484476
4.562608
4.49998
4.571342
4.513391
4.586487
4.52561
4.59542
4.535192
4.609536
4.548804
4.620332
4.56037
4.629403
4.574009
4.642742
4.583918
4.655706
4.598172
4.669952
4.610129
4.681253
4.623794
4.694043
4.634963
4.70793
4.650731
4.718617
4.666997
4.731673
4.682393
4.742969
4.69774
4.757054
4.719977
4.76967
4.733992
4.783605
4.751843
4.800215
4.773857
4.813081
4.787463
4.828414
4.809438
4.842202
4.824122
4.85991
4.839189
4.873566
4.857105
4.887615
4.869724
4.905646
4.886134
4.922646
4.904789
4.936714
4.919964
4.952013
4.934322
4.96608
4.949526
4.983213
4.965051
5.003506
4.986402
5.018731
5.001268
5.034545
5.025868
5.05484
5.051067
5.073731
5.068396
5.090864
5.0888
5.106445
5.106972
5.122057
5.124861
5.144968
5.139292
5.159117
5.153696
5.17971
5.168635
5.19525
5.189055
5.226178
5.203899
5.246732
5.220851
5.26904
5.23799
5.303443
5.256589
5.329065
5.271451
5.351446
5.287664
5.377066
5.308197
5.394034
5.32953
5.412574
5.344435
5.43205
5.374647
5.453294
5.400028
5.473691
5.418059
5.494955
5.445325
5.510272
5.464446
5.542786
5.504861
5.57047
5.525527
5.602003
5.558757
5.627668
5.58959
5.650841
5.623252
5.677401
5.658426
5.698055
5.68259
5.759866
5.730322
5.787332
5.761407
5.808952
5.799167
5.834839
5.835588
5.862444
5.872654
5.919368
5.910077
5.959836
5.936882
5.997656
5.987162
6.028103
6.029517
6.086699
6.0769
6.133972
6.113246
6.163396
6.151089
6.213507
6.194103
6.254121
6.238511
6.304032
6.275345
6.334678
6.314442
6.357543
6.344483
6.37883
6.37271
6.409297
6.413979
6.441052
6.453264
6.509408
6.490777
6.543387
6.530177
6.620119
6.568974
6.655451
6.619103
6.70384
6.669369
6.749514
6.719166
6.799879
6.769392
6.850182
6.819166
6.900558
6.8695
6.950979
6.91997
7.001085
6.969939
7.050644
7.069901
7.100949
7.120069
7.151377
7.170164
7.201709
7.220327
7.25157
7.270426
7.301307
7.37043
7.351743
7.420847
7.401563
7.471219
7.451231
7.520852
7.501063
7.570625
7.550668
7.621091
7.600348
7.670946
7.650626
7.720984
7.70026
7.771281
7.749876
7.821422
7.800262
7.871145
7.849929
7.921146
7.899626
7.970929
7.950054
8.021319
8.000543
8.071603
8.050479
8.121484
8.100228
8.171349
8.15016
8.221206
8.200182
8.271482
8.250092
8.321308
8.299923
8.37139
8.349957
8.421787
8.399796
8.471406
8.449689
8.521275
8.499448
8.571053
8.549076
8.620843
8.598886
8.671058
8.648803
8.721036
8.698607
8.77154
8.748775
8.821538
8.799262
8.871184
8.849681
8.92124
8.89948
8.971403
8.949236
9.021269
9.048745
9.071397
9.098517
9.121287
9.148533
9.171628
9.198378
9.221333
9.298592
9.271694
9.348392
9.321778
9.398194
9.371463
9.498252
9.421826
9.548466
9.471638
9.598937
9.521522
9.651561
9.571327
9.699372
9.621485
9.749534
9.671371
9.79978
9.721457
9.84966
9.770856
9.900026
9.820636
9.949841
9.87056
9.999725
9.920435
10.04972
9.970432
10.09939
10.02072
10.19949
10.07094
10.24923
10.12109
10.34952
10.17118
10.39921
10.22143
10.44903
10.27174
10.49879
10.32215
10.5489
10.37234
10.59907
10.42275
10.64918
10.47258
10.6993
10.52228
10.74968
10.5727
10.79952
10.62263
10.84925
10.67256
10.89921
10.72246
10.94882
10.77215
10.99856
10.82228
11.04862
10.8723
11.09829
10.9224
11.1485
10.97275
11.19868
11.0232
11.2485
11.0735
11.29837
11.17345
11.34807
11.2237
11.3979
11.27416
11.44757
11.32436
11.49793
11.3747
11.54833
11.42434
11.59877
11.4746
11.6488
11.52433
11.69901
11.574
11.74869
11.62376
11.79843
11.6734
11.84837
11.72314
11.88705
11.76278
11.93741
11.81265
11.98727
11.86242
12.03766
11.91272
12.08807
11.96234
12.13775
12.06221
12.18745
12.1126
12.23741
12.16242
12.28748
12.21279
12.33774
12.26306
12.38781
12.31284
12.43753
12.41304
12.48731
12.46341
12.537
12.51368
12.58672
12.56391
12.63704
12.61357
12.68702
12.66321
12.73669
12.71308
12.78698
12.81333
12.83732
12.86373
12.88733
12.9136
12.93734
12.96358
12.98775
13.01372
13.03728
13.06367
13.08712
13.11347
13.1372
13.16325
13.18738
13.21353
13.23754
13.2633
13.28733
13.31305
13.33746
13.36272
13.38707
13.41297
13.43718
13.46303
13.48721
13.51316
13.53739
13.56345
13.58707
13.61359
13.63733
13.66396
13.68766
13.71432
13.73745
13.76405
13.78783
13.81389
13.83807
13.86365
13.88836
13.91355
13.93871
13.96332
13.98849
14.01355
14.03843
14.06382
14.08883
14.11368
14.13852
14.16397
14.18896
14.21425
14.23925
14.26424
14.28897
14.31425
14.33932
14.36431
14.38919
14.41471
14.43941
14.46451
14.48959
14.51474
14.53995
14.5646
14.58965
14.61493
14.63955
14.66531
14.68944
14.71574
14.73967
14.76607
14.78985
14.81635
14.83996
14.86657
14.89024
14.91697
14.94055
14.96684
14.99078
15.01717
15.04077
15.06723
15.09061
15.11699
15.13341
15.15893
15.17583
15.209
15.22624
15.25922
15.27669
15.30934
15.3263
15.35955
15.37617
15.40967
15.42588
15.45989
15.47568
15.51009
15.52617
15.56056
15.57586
15.61093
15.62589
15.66129
15.67554
15.71095
15.72579
15.76074
15.77599
15.81041
15.82568
15.86068
15.87567
15.91041
15.92537
15.96078
15.97573
16.01084
16.02603
16.11078
16.07648
16.16104
16.12666
16.21159
16.17669
16.26088
16.22668
16.31068
16.27709
16.36099
16.32707
16.4106
16.37674
16.461
16.42715
16.51134
16.47679
16.56107
16.52728
16.61073
16.57767
16.66105
16.62812
16.71131
16.67832
16.76154
16.72849
16.812
16.77894
16.86164
16.82915
16.91138
16.92981
16.9618
16.98021
17.01159
17.03007
17.06187
17.07997
17.11192
17.12973
17.16233
17.1795
17.21218
17.22966
17.26223
17.27978
17.31253
17.32948
17.36279
17.37932
17.41311
17.42938
17.46321
17.4792
17.51346
17.52953
17.5633
17.57943
17.61325
17.6797
17.66371
17.71699
17.71358
17.76678
17.76393
17.81499
17.81416
17.86525
17.86436
17.90239
17.91464
17.95225
17.96506
18.00259
18.01524
18.05279
18.06545
18.10312
18.11588
18.15275
18.16603
18.20244
18.21625
18.25206
18.2667
18.30199
18.31709
18.35166
18.36744
18.40131
18.41751
18.45103
18.4677
18.50079
18.51801
18.55048
18.56842
18.60015
18.61847
18.65019
18.66891
18.70011
18.71927
18.75015
18.76889
18.80056
18.81924
18.85095
18.86964
18.90125
18.92003
18.95151
18.96999
19.00181
19.02
19.05215
19.06967
19.10242
19.11936
19.15221
19.16927
19.20264
19.21893
19.25297
19.26887
19.30295
19.31849
19.35276
19.41882
19.40321
19.46903
19.45356
19.51925
19.50388
19.56933
19.55384
19.61948
19.60388
19.6688
19.6545
19.71901
19.70477
19.76889
19.75497
19.81929
19.8048
19.86934
19.85502
19.91918
19.9049
19.96885
20.00482
20.01919
20.05482
20.0696
20.10526
20.11979
20.15545
20.16998
20.20561
20.22013
20.25552
20.27011
20.29929
20.32042
20.34893
20.37061
20.39859
20.42064
20.44902
20.47093
20.49881
20.52112
20.54912
20.5712
20.59934
20.62141
20.64976
20.67173
20.70005
20.72213
20.75041
20.7726
20.85041
20.82228
20.90048
20.872
20.95055
20.92174
21.00081
20.972
21.05112
21.02206
21.10107
21.07213
21.15145
21.12224
21.20185
21.17251
21.25214
21.223
21.30221
21.27298
21.35188
21.3231
21.40148
21.37332
21.45113
21.42359
21.50119
21.47359
21.55152
21.52378
21.60134
21.57389
21.65151
21.62416
21.70186
21.67408
21.75159
21.72431
21.8016
21.77458
21.85192
21.82508
21.9018
21.87546
21.95204
21.92568
22.00179
21.97545
22.05167
22.02564
22.10191
22.07549
22.15228
22.12554
22.20258
22.17516
22.25224
22.22492
22.30211
22.27538
22.35173
22.32581
22.40219
22.37602
22.45185
22.42584
22.50222
22.4757
22.55184
22.52571
22.60204
22.57603
22.65183
22.62611
22.70185
22.71601
22.75155
22.7657
22.80131
22.81574
22.85109
22.86587
22.90111
22.9159
22.95136
22.9661
23.00163
23.01608
23.05141
23.06582
23.09327
23.1101
23.14331
23.16057
23.18668
23.20009
23.23682
23.23735
23.28648
23.27727
23.33614
23.3273
23.3867
23.37736
23.43616
23.4273
23.48629
23.4772
23.53664
23.52727
23.58646
23.5731
23.63651
23.62316
23.73663
23.67302
23.78683
23.72322
23.83656
23.77353
23.88697
23.82332
23.93742
23.87354
23.98722
23.92371
24.03741
23.974
24.08703
24.02438
24.13728
24.07465
24.18772
24.12495
24.23802
24.17493
24.28849
24.27532
24.33849
24.32552
24.3882
24.37585
24.43805
24.42573
24.48796
24.47561
24.53776
24.52587
24.58814
24.57628
24.63792
24.62668
24.68816
24.67706
24.73851
24.72752
24.78891
24.77763
24.83898
24.82786
24.88885
24.87752
24.93901
24.92719
24.98908
24.97761
25.03944
25.02734
25.08982
25.07732
25.14027
25.12714
25.19011
25.17685
25.23981
25.22727
25.28994
25.27754
25.34032
25.37737
25.39001
25.42725
25.43986
25.47729
25.48991
25.52723
25.53967
25.57706
25.58944
25.62684
25.63987
25.67679
25.68946
25.72703
25.73984
25.77722
25.79014
25.82729
25.83994
25.87708
25.89032
25.92684
25.94046
25.97671
25.99079
26.02705
26.0408
26.07731
26.09047
26.12692
26.14033
26.17679
26.18999
26.22678
26.2399
26.27715
26.28985
26.32755
26.34011
26.3777
26.39035
26.42736
26.44071
26.47748
26.49104
26.52787
26.54146
26.57756
26.59332
26.62769
26.64216
26.67769
26.69209
26.72804
26.74266
26.77807
26.7925
26.82817
26.84218
26.87822
26.89191
26.9284
26.94174
26.97815
26.99204
27.02843
27.04251
27.07843
27.09262
27.1289
27.14268
27.17916
27.19308
27.22929
27.24295
27.27969
27.2931
27.32941
27.34356
27.37933
27.39377
27.429
27.44407
27.47943
27.49404
27.52946
27.5438
27.57968
27.59424
27.62941
27.64457
27.67956
27.69446
27.7292
27.74441
27.77933
27.79471
27.82927
27.84492
27.87967
27.89514
27.91799
27.94496
27.96401
27.99499
28.01413
28.04522
28.06441
28.09537
28.11481
28.1453
28.16478
28.23766
28.21471
28.28339
28.25929
28.33328
28.30934
28.38294
28.35909
28.46507
28.40917
28.51487
28.45921
28.56462
28.50952
28.61428
28.55966
28.66406
28.60966
28.71429
28.66006
28.76461
28.70994
28.81449
28.76027
28.86444
28.81005
28.91455
28.85988
28.96433
28.91026
29.01405
28.96071
29.06449
29.01044
29.11433
29.06063
29.16438
29.1104
29.21475
29.16013
29.26512
29.26064
29.31478
29.31064
29.36486
29.36049
29.41486
29.41078
29.46511
29.46056
29.51537
29.5105
29.56544
29.56026
29.61578
29.6102
29.66614
29.66015
29.69817
29.70986
29.74841
29.75964
29.77981
29.8095
29.82966
29.85945
29.8742
29.90959
29.92237
29.95924
29.97266
30.00912
30.02272
30.05931
30.0726
30.10926
30.12302
30.15957
30.1728
30.20924
30.22305
30.25902
30.27253
30.3091
30.32215
30.35945
30.37257
30.4099
30.42239
30.46032
30.47225
30.51009
30.52192
30.56042
30.57165
30.61069
30.62193
30.66105
30.67163
30.7111
30.72131
30.76151
30.77107
30.81181
30.82082
30.86211
30.87111
30.91257
30.92144
30.96294
30.97112
31.01264
31.02076
31.0625
31.07084
31.1129
31.17131
31.1633
31.22098
31.2137
31.27095
31.26339
31.32145
31.31321
31.37111
31.36334
31.42091
31.41306
31.4709
31.463
31.52051
31.5133
31.57091
31.5439
31.6043
31.59426
31.64375
31.63345
31.69377
31.68326
31.74416
31.73336
31.79397
31.78342
31.84369
31.83314
31.89364
31.88322
31.944
31.93362
31.99444
32.03374
32.0447
32.08396
32.09443
32.13432
32.1445
32.18451
32.19472
32.23478
32.2449
32.28492
32.29483
32.33466
32.34449
32.38433
32.3945
32.43446
32.44476
32.48467
32.49488
32.53482
32.54459
32.58495
32.59427
32.63506
32.64399
32.68508
32.69382
32.73547
32.74372
32.78571
32.79347
32.8358
32.8438
32.88606
32.89429
32.93625
32.9446
32.98606
32.99471
33.03633
33.04442
33.08653
33.09431
33.13671
33.14428
33.18713
33.19388
33.23746
33.24368
33.28767
33.29332
33.33916
33.34362
33.38786
33.39338
33.43772
33.44403
33.48785
33.49431
33.53786
33.54432
33.58831
33.59441
33.638
33.64434
33.68764
33.69416
33.73805
33.74444
33.78844
33.79454
33.83628
33.83509
33.88635
33.88537
33.93622
33.93566
33.98655
33.98566
34.03669
34.03566
34.08644
34.08606
34.13678
34.13584
34.18699
34.18622
34.23732
34.23585
34.28779
34.28589
34.3375
34.33595
34.38785
34.38557
34.43758
34.4353
34.48792
34.48503
34.53809
34.53479
34.58783
34.58491
34.63796
34.63468
34.68784
34.68512
34.73795
34.73558
34.7883
34.78602
34.83874
34.83644
34.88837
34.88623
34.93874
34.93651
34.98911
34.98651
35.03941
35.03691
35.08989
35.08712
35.13977
35.13681
35.18995
35.18725
35.23982
35.23705
35.28948
35.2867
35.3391
35.33709
35.38873
35.43737
35.4387
35.48722
35.48917
35.53718
35.53904
35.58715
35.58927
35.63711
35.63936
35.68722
35.68916
35.73743
35.73909
35.78767
35.78923
35.83811
35.83902
35.88836
35.88928
35.93856
35.93955
35.98861
35.98922
36.03894
36.039
36.08881
36.08869
36.13908
36.13869
36.18921
36.18853
36.23921
36.23888
36.28888
36.28852
36.33876
36.33845
36.38874
36.38814
36.43903
36.43793
36.48943
36.48954
36.53967
36.538
36.58962
36.58808
36.63955
36.63781
36.68956
36.68755
36.73951
36.7375
36.7894
36.78731
36.83922
36.83758
36.88908
36.88753
36.93921
36.9377
36.98954
36.98768
37.03941
37.03799
37.08928
37.13771
37.13959
37.1882
37.18988
37.23785
37.23953
37.28758
37.28973
37.33736
37.34
37.3873
37.38968
37.48677
37.4396
37.53667
37.4893
37.58636
37.53917
37.63663
37.58938
37.6864
37.6393
37.73612
37.68966
37.78645
37.73986
37.83629
37.78964
37.88649
37.84005
37.9369
37.89004
37.9873
37.94026
38.03753
37.99002
38.08769
38.0397
38.13813
38.08934
38.18798
38.13979
38.23804
38.19014
38.28838
38.24057
38.33803
38.291
38.38825
38.3408
38.43845
38.39103
38.48856
38.44086
38.53858
38.54051
38.58899
38.59057
38.63882
38.64076
38.68884
38.69039
38.73912
38.74065
38.78948
38.79082
38.83928
38.87541
38.88961
38.90051
38.93671
38.95024
38.97215
39.00039
39.0218
39.05078
39.07163
39.10048
39.12201
39.14639
39.16909
39.18014
39.21222
39.24894
39.26251
39.28109
39.29993
39.30774
39.32739
39.33112
39.36977
39.35249
39.40548
39.39667
39.43764
39.42822
39.47193
39.47187
39.5036
39.50161
39.54904
39.55183
39.58846
39.57948
39.63808
39.62984
39.67021
39.67587
39.72048
39.72616
39.77033
39.77648
39.82029
39.82615
39.87067
39.87631
39.92063
39.92655
39.97093
39.97696
40.02062
40.02703
40.07062
40.07709
40.12087
40.12729
40.17142
40.17701
40.22145
40.227
40.27142
40.27866
40.32113
40.32723
40.37088
40.37701
40.42059
40.42689
40.47075
40.47703
40.52073
40.52696
40.57051
40.57696
40.62088
40.62716
40.67059
40.67714
40.72039
40.72679
40.77058
40.77668
40.82095
40.82629
40.87122
40.87612
40.92093
40.92572
40.97092
40.97025
41.02119
41.02058
41.07137
41.07064
41.1213
41.12109
41.17121
41.17141
41.22166
41.22141
41.27206
41.27179
41.32187
41.32187
41.3718
41.37222
41.4221
41.42262
41.47186
41.47298
41.52197
41.52265
41.57165
41.57251
41.62127
41.62244
41.67142
41.67268
41.72152
41.72228
41.77184
41.77256
41.82169
41.82236
41.87162
41.87236
41.92189
41.92212
41.97182
41.97234
42.0222
42.0227
42.07182
42.07233
42.12231
42.1224
42.17236
42.17213
42.22266
42.22246
42.27249
42.27244
42.32235
42.32286
42.37198
42.37324
42.42242
42.42359
42.47238
42.4733
42.52219
42.52363
42.57209
42.5739
42.62178
42.62425
42.67191
42.67453
42.72234
42.72426
42.77204
42.77452
42.82203
42.82482
42.87218
42.92476
42.92264
42.97502
42.97271
43.02481
43.02245
43.07494
43.0726
43.12017
43.12236
43.1699
43.17215
43.21965
43.22241
43.26991
43.27263
43.32009
43.32293
43.37025
43.37281
43.42044
43.42243
43.47077
43.47213
43.52061
43.52206
43.57048
43.57226
43.62022
43.62226
43.67041
43.67223
43.72031
43.7221
43.77042
43.77229
43.81974
43.82253
43.86955
43.87269
43.91975
43.92255
43.97016
43.97294
44.02002
44.02259
44.06997
44.07282
44.11959
44.12262
44.16974
44.17299
44.22009
44.22334
44.2701
44.2734
44.32022
44.32379
44.36993
44.37341
44.41992
44.41832
44.46994
44.5184
44.51975
44.56838
44.56955
44.61845
44.61921
44.66807
44.66895
44.71769
44.71922
44.76793
44.76915
44.81839
44.81933
44.86805
44.86935
44.91841
44.91919
44.96818
44.96954
45.01813
45.01947
45.06813
45.06932
45.11853
45.1194
45.1687
45.16949
45.21912
45.21865
45.26952
45.26866
45.31969
45.31882
45.36993
45.36897
45.42022
45.4188
45.47006
45.46901
45.5204
45.51907
45.57043
45.56921
45.62057
45.61895
45.67083
45.66917
45.72117
45.71883
45.77158
45.76866
45.82197
45.8684
45.87233
45.91881
45.92266
45.9685
45.97305
46.0181
46.02318
46.06833
46.07311
46.11811
46.12339
46.16807
46.17363
46.21778
46.22352
46.26766
46.27394
46.31763
46.32364
46.36753
46.37408
46.41763
46.42442
46.46762
46.47469
46.51767
46.52521
46.56776
46.57557
46.61783
46.62552
46.66817
46.67582
46.71803
46.72565
46.76765
46.77564
46.81748
46.82542
46.86737
46.87518
46.91779
46.9251
46.96751
46.97482
47.01778
47.02516
47.06836
47.07505
47.11786
47.12537
47.16831
47.17575
47.21791
47.22583
47.26788
47.27571
47.31803
47.32566
47.36812
47.3757
47.41792
47.42611
47.46788
47.47591
47.51804
47.52613
47.56769
47.5759
47.61796
47.62569
47.66771
47.6753
47.71789
47.72504
47.76778
47.7748
47.81824
47.8246
47.86835
47.87503
47.9183
47.92537
47.96821
47.975
48.01801
48.02519
48.06776
48.07562
48.1178
48.12532
48.16784
48.17522
48.21793
48.22541
48.268
48.27501
48.31789
48.32492
48.36833
48.37529
48.41801
48.42522
48.46774
48.47507
48.51747
48.52505
48.56786
48.57515
48.61827
48.62555
48.66879
48.67522
48.71835
48.72509
48.76815
48.77525
48.81813
48.82495
48.86793
48.87484
48.91793
48.92459
48.96788
48.97499
49.01834
49.02541
49.06847
49.07501
49.11835
49.12472
49.16811
49.17439
49.21822
49.22418
49.26829
49.27385
49.31867
49.32374
49.36828
49.37381
49.41792
49.42351
49.46772
49.47327
49.51754
49.52306
49.56794
49.573
49.61768
49.62304
49.66732
49.67279
49.71763
49.72305
49.76728
49.77345
49.817
49.82385
49.86704
49.87419
49.9172
49.92433
49.96733
49.97446
50.01724
50.02442
50.06693
50.07436
50.11698
50.12437
50.16732
50.174
50.21914
50.22416
50.26747
50.27385
50.3175
50.32418
50.36767
50.3739
50.41697
50.42369
50.46693
50.47363
50.51696
50.52342
50.56689
50.57377
50.6169
50.62386
50.66662
50.67418
50.71686
50.72441
50.76711
50.77459
50.81691
50.8243
50.86739
50.87425
50.91726
50.92402
50.96699
50.97365
51.01679
51.0233
51.06664
51.07298
51.11639
51.12281
51.16616
51.17321
51.21584
51.2235
51.26624
51.2739
51.31599
51.32436
51.36585
51.37415
51.41572
51.42384
51.46558
51.47367
51.51521
51.52402
51.56503
51.57386
51.61514
51.62367
51.66536
51.67329
51.71556
51.72375
51.7659
51.77349
51.81581
51.82396
51.86564
51.87363
51.91531
51.92356
51.96548
51.97328
52.01547
52.023
52.06554
52.07327
52.11541
52.12335
52.16503
52.17309
52.21521
52.2234
52.26484
52.27367
52.31448
52.32387
52.36441
52.3736
52.41415
52.42349
52.4643
52.47326
52.5146
52.52319
52.56434
52.5736
52.61401
52.62374
52.66393
52.67359
52.71428
52.72341
52.76432
52.77305
52.81433
52.82338
52.86465
52.87364
52.91498
52.924
52.96466
52.97362
53.01473
53.02381
53.06522
53.07381
53.11512
53.12346
53.16479
53.17345
53.21442
53.22378
53.26482
53.27438
53.31448
53.32457
53.36488
53.37437
53.41653
53.42439
53.46526
53.47414
53.51578
53.52399
53.56532
53.57407
53.61534
53.62413
53.66539
53.6742
53.71502
53.7242
53.76466
53.77404
53.81447
53.82386
53.86414
53.87405
53.91411
53.97416
53.96399
54.02449
54.01371
54.07465
54.06384
54.12446
54.11381
54.17431
54.16378
54.22449
54.21371
54.27486
54.26394
54.32481
54.31414
54.37458
54.36385
54.42438
54.41426
54.47477
54.46396
54.52461
54.51439
54.57431
54.56414
54.62425
54.61397
54.67392
54.66375
54.72357
54.71353
54.7739
54.7639
54.82414
54.81376
54.87408
54.86369
54.92374
54.91388
54.97379
54.96431
55.02417
55.01421
55.07462
55.06421
55.12433
55.11455
55.17425
55.16488
55.22465
55.21469
55.2746
55.31491
55.32474
55.36517
55.37436
55.41545
55.42416
55.46589
55.47431
55.51617
55.52443
55.56615
55.5741
55.61664
55.62449
55.66634
55.67414
55.71676
55.72416
55.76708
55.77456
55.81675
55.82504
55.8665
55.87523
55.91677
55.92519
55.96716
55.97503
56.01729
56.02543
56.06718
56.07568
56.1171
56.1259
56.16694
56.1763
56.2168
56.22661
56.26686
56.27683
56.31666
56.32654
56.36675
56.37694
56.4166
56.42738
56.46628
56.47721
56.51666
56.5274
56.56643
56.57853
56.61659
56.62299
56.66697
56.67167
56.71686
56.72142
56.76862
56.77209
56.81708
56.82142
56.86716
56.87119
56.91695
56.92088
56.96694
56.97065
57.01686
57.02092
57.06668
57.07121
57.11692
57.12098
57.16682
57.17137
57.21686
57.22121
57.26702
57.27153
57.31749
57.32193
57.36759
57.37165
57.41792
57.42206
57.46774
57.47198
57.51807
57.52199
57.56798
57.5718
57.61798
57.62167
57.66807
57.67206
57.71778
57.72251
57.76805
57.77224
57.81845
57.82238
57.86806
57.87253
57.91825
57.92244
57.96827
57.97207
58.01874
58.02177
58.06845
58.07216
58.11818
58.12236
58.16814
58.1725
58.21824
58.2226
58.26791
58.27302
58.31753
58.32306
58.3679
58.37276
58.41817
58.47336
58.46804
58.52379
58.51843
58.57417
58.5685
58.62441
58.61842
58.67408
58.66806
58.72416
58.71844
58.77422
58.7688
58.82398
58.81926
58.87395
58.86896
58.92384
58.91882
58.97348
58.96925
59.02397
59.01905
59.07437
59.06891
59.12403
59.11904
59.17437
59.16903
59.22418
59.21903
59.27431
59.26879
59.3247
59.36909
59.37465
59.41934
59.42433
59.46896
59.47401
59.51945
59.5242
59.61976
59.57404
59.66976
59.62375
59.72025
59.67395
59.77071
59.72388
59.82043
59.77387
59.87014
59.82387
59.91998
59.87381
59.96982
59.92421
60.02143
59.9743
60.06987
60.02403
60.12031
60.07423
60.17038
60.12414
60.22057
60.17443
60.27095
60.22488
60.32101
60.2752
60.37074
60.32565
60.42114
60.37526
60.47127
60.42495
60.52176
60.47519
60.57183
60.52481
60.62206
60.57513
60.67214
60.62492
60.72254
60.67459
60.773
60.72428
60.82325
60.77415
60.8736
60.82439
60.92375
60.92448
60.97422
60.97419
61.02456
61.02427
61.07447
61.07421
61.12479
61.12445
61.17443
61.17407
61.22415
61.2244
61.27422
61.27425
61.32466
61.32441
61.37465
61.37405
61.42462
61.42439
61.47432
61.47405
61.52468
61.52372
61.575
61.57341
61.62518
61.62312
61.6748
61.67326
61.72465
61.72334
61.77468
61.77324
61.8244
61.82317
61.87484
61.87304
61.92533
61.92286
61.97507
61.97271
62.02498
62.02252
62.07487
62.07219
62.1248
62.12239
62.17524
62.17285
62.22504
62.22259
62.2754
62.27266
62.32566
62.32245
62.37565
62.37238
62.42566
62.42279
62.4754
62.47257
62.52567
62.52236
62.57538
62.57232
62.62573
62.62222
62.67553
62.67198
62.72591
62.72202
62.77624
62.77225
62.82604
62.82211
62.87639
62.87251
62.92677
62.92223
62.9766
62.97188
63.02659
63.02164
63.07639
63.07198
63.12683
63.12244
63.17705
63.22418
63.22703
63.27308
63.27843
63.32347
63.32691
63.3731
63.37712
63.42309
63.42709
63.47271
63.47712
63.5224
63.52732
63.5725
63.57734
63.62217
63.62695
63.6719
63.67735
63.72229
63.72752
63.77208
63.77768
63.82173
63.82785
63.8714
63.87761
63.92189
63.92738
63.97169
63.97731
64.02202
64.02778
64.07169
64.07757
64.12216
64.12727
64.17213
64.17717
64.22202
64.22704
64.27206
64.27715
64.32234
64.3232
64.37195
64.3557
64.40507
64.40573
64.45483
64.41923
64.50476
64.46917
64.55434
64.51503
64.59759
64.56477
64.64749
64.61466
64.69787
64.6645
64.74762
64.71482
64.79779
64.76455
64.84818
64.86401
64.898
64.9138
64.94782
64.96355
64.9979
65.01316
65.04775
65.06301
65.09753
65.16322
65.14758
65.21292
65.19801
65.24549
65.24771
65.28881
65.29327
65.33519
65.34298
65.37741
65.38845
65.42749
65.43867
65.47713
65.48901
65.52722
65.53947
65.57758
65.58925
65.62795
65.63953
65.67812
65.68921
65.72827
65.73894
65.77794
65.78893
65.82794
65.83877
65.87824
65.88904
65.92855
65.93866
65.97831
65.98911
66.02832
66.03917
66.07797
66.08927
66.1277
66.13904
66.17778
66.18893
66.22754
66.23897
66.27728
66.28902
66.32767
66.33926
66.37805
66.38905
66.42839
66.43889
66.47843
66.4887
66.52866
66.53877
66.5789
66.58888
66.62879
66.63918
66.6786
66.68904
66.72847
66.73911
66.77838
66.78942
66.82838
66.83944
66.8787
66.89001
66.92873
66.93992
66.97878
66.99004
67.02924
67.03976
67.07917
67.08957
67.12918
67.13969
67.17882
67.18997
67.22852
67.2401
67.27831
67.29004
67.32817
67.34048
67.37784
67.39063
67.42759
67.44064
67.47783
67.49095
67.52749
67.54121
67.57712
67.59088
67.62691
67.6405
67.67698
67.69074
67.72668
67.74062
67.77679
67.79037
67.82644
67.84063
67.87631
67.89104
67.926
67.94141
67.97628
67.99174
68.02657
68.04202
68.07621
68.09196
68.12631
68.14206
68.17622
68.19217
68.22662
68.24194
68.27673
68.29217
68.32642
68.34179
68.37616
68.3919
68.42647
68.4418
68.47666
68.49197
68.52643
68.54237
68.57623
68.59241
68.62589
68.64266
68.67629
68.69294
68.72662
68.74282
68.77687
68.79272
68.8272
68.84309
68.8772
68.89321
68.92733
68.94328
68.97726
68.99339
69.02213
69.04322
69.07249
69.09313
69.12214
69.14307
69.16361
69.19344
69.21334
69.24227
69.25272
69.29195
69.30235
69.33744
69.35261
69.38713
69.40261
69.43726
69.45267
69.48748
69.50261
69.53784
69.55233
69.58811
69.60235
69.63847
69.65208
69.68884
69.70222
69.73906
69.75252
69.78906
69.803
69.83941
69.85275
69.88938
69.90319
69.93913
69.9528
69.98885
70.00245
70.03876
70.05238
70.08864
70.10257
70.13699
70.15244
70.18727
70.20226
70.23772
70.25271
70.2874
70.30272
70.33738
70.35285
70.38729
70.40333
70.43735
70.45498
70.48763
70.50338
70.53802
70.55338
70.58759
70.65294
70.6373
70.70323
70.68699
70.75293
70.73703
70.80326
70.78678
70.85332
70.83689
70.90309
70.88695
70.95284
70.93681
71.00264
70.98654
71.05285
71.03621
71.10331
71.08656
71.15318
71.13618
71.20346
71.18642
71.25325
71.23678
71.30366
71.28664
71.35365
71.33652
71.40276
71.38635
71.45306
71.43611
71.50319
71.48583
71.55331
71.53568
71.60304
71.58587
71.64624
71.63581
71.67608
71.686
71.71918
71.73583
71.76945
71.78583
71.8191
71.83607
71.86928
71.88642
71.91963
71.93662
71.96955
71.98696
72.01994
72.03703
72.07035
72.08747
72.12075
72.13734
72.17041
72.18776
72.22021
72.23813
72.27061
72.28855
72.32064
72.3382
72.3705
72.38787
72.42048
72.43787
72.47021
72.48782
72.52062
72.53796
72.5706
72.58842
72.62044
72.63815
72.67036
72.68861
72.7208
72.7384
72.77048
72.78806
72.82079
72.83772
72.87122
72.88821
72.92163
72.9384
72.9715
72.98841
73.02119
73.03832
73.07159
73.08799
73.12122
73.1378
73.17101
73.18821
73.22082
73.23812
73.27108
73.2886
73.32095
73.33898
73.37073
73.3888
73.42075
73.43907
73.47108
73.48952
73.52141
73.5394
73.5714
73.58971
73.62145
73.63953
73.67172
73.68927
73.72168
73.73971
73.77191
73.78993
73.82185
73.83973
73.87221
73.89021
73.92242
73.94018
73.97268
73.99034
74.02281
74.04066
74.07334
74.09
74.12301
74.1397
74.17278
74.18954
74.22321
74.23993
74.27294
74.29033
74.32268
74.34051
74.37312
74.39084
74.42294
74.44093
74.47264
74.49133
74.52251
74.54139
74.57294
74.59162
74.62263
74.64125
74.67299
74.69092
74.7232
74.74131
74.77296
74.79117
74.82279
74.84156
74.8725
74.89206
74.92285
74.94193
74.97263
74.99178
75.02256
75.04189
75.07232
75.09172
75.12226
75.14143
75.17273
75.19189
75.22306
75.24181
75.2727
75.29192
75.31956
75.34218
75.36926
75.39191
75.41962
75.4423
75.46957
75.49198
75.51952
75.54203
75.56951
75.59187
75.61989
75.64177
75.66985
75.69174
75.71978
75.74164
75.76989
75.79158
75.82034
75.84142
75.87075
75.89103
75.9206
75.94136
75.97102
75.99178
76.02147
76.04169
76.07122
76.09177
76.12144
76.14197
76.1717
76.19215
76.2215
76.24255
76.27135
76.29286
76.32133
76.3427
76.37111
76.39276
76.42102
76.44243
76.4709
76.49287
76.52064
76.54248
76.57067
76.59243
76.62086
76.64242
76.67067
76.69236
76.72074
76.74208
76.77036
76.79247
76.82056
76.84276
76.87096
76.89261
76.92126
76.94231
76.97089
76.99247
77.02097
77.04242
77.07087
77.09272
77.12101
77.14226
77.17176
77.19215
77.22182
77.24197
77.27175
77.29189
77.32123
77.34212
77.37135
77.39224
77.42147
77.44228
77.47147
77.49237
77.52166
77.54224
77.57205
77.59227
77.62228
77.64207
77.67258
77.6919
77.72279
77.74227
77.77291
77.79248
77.82331
77.84293
77.87355
77.89279
77.92332
77.94304
77.97298
77.99268
78.02328
78.04284
78.07374
78.09251
78.12408
78.14285
78.17372
78.1925
78.21912
78.24252
78.26952
78.29277
78.31957
78.34313
78.36984
78.3928
78.41998
78.44324
78.46964
78.4932
78.51978
78.54297
78.57014
78.59267
78.62013
78.64299
78.6703
78.69277
78.71265
78.72913
78.76287
78.77955
78.81252
78.82946
78.86267
78.8795
78.91256
78.92943
78.96243
78.97925
79.01249
79.02949
79.06256
79.07945
79.1129
79.12949
79.16279
79.17957
79.21284
79.22952
79.26311
79.27954
79.31322
79.32955
79.36365
79.37948
79.4133
79.42918
79.4633
79.47958
79.51323
79.52961
79.56322
79.57958
79.61351
79.62964
79.66359
79.67936
79.71402
79.72327
79.76405
79.77334
79.81451
79.82307
79.86425
79.87304
79.91411
79.92319
79.96395
79.97329
80.01394
80.02341
80.0638
80.07622
80.11387
80.12393
80.16348
80.17379
80.21511
80.2239
80.26389
80.27396
80.31428
80.32394
80.36411
80.37376
80.41449
80.42393
80.46482
80.47388
80.51501
80.5239
80.56522
80.57393
80.61501
80.62426
80.66484
80.6746
80.7149
80.7248
80.76507
80.77467
80.81497
80.82461
80.86502
80.87455
80.91496
80.92459
80.96495
80.97486
81.0148
81.02502
81.06458
81.0752
81.1144
81.12515
81.16429
81.17525
81.21448
81.22508
81.26461
81.27494
81.31475
81.32509
81.36488
81.37547
81.41485
81.42541
81.46472
81.47504
81.51479
81.52478
81.56488
81.57526
81.61481
81.62518
81.66448
81.675
81.71417
81.72467
81.76433
81.77437
81.81412
81.82438
81.86442
81.87424
81.91475
81.92455
81.96441
81.97457
82.01418
82.02465
82.06399
82.07457
82.11434
82.12452
82.16408
82.17426
82.21424
82.22443
82.26398
82.27444
82.31391
82.32452
82.36377
82.37432
82.41379
82.42406
82.46363
82.47411
82.51336
82.52377
82.56331
82.57362
82.61344
82.6235
82.66321
82.67343
82.71362
82.72318
82.76337
82.77285
82.81329
82.82262
82.86365
82.87281
82.91383
82.92269
82.96371
82.97318
83.01403
83.02329
83.06369
83.07365
83.11378
83.12494
83.16367
83.17359
83.21372
83.22319
83.26363
83.27286
83.3138
83.32291
83.36357
83.37277
83.41373
83.4231
83.46377
83.47291
83.51376
83.52304
83.56396
83.57275
83.61385
83.62318
83.66383
83.67342
83.71371
83.7233
83.76342
83.7737
83.81379
83.82349
83.86423
83.87396
83.9139
83.9242
83.96382
83.97466
84.01409
84.02464
84.06382
84.07443
84.11358
84.12469
84.16331
84.17442
84.21302
84.22494
84.26304
84.27509
84.31282
84.32504
84.36264
84.37476
84.4125
84.42524
84.46229
84.4757
84.51197
84.52576
84.5621
84.57567
84.61201
84.62543
84.66175
84.6758
84.71161
84.72559
84.76157
84.77567
84.81161
84.8259
84.86157
84.87573
84.91129
84.92614
84.96136
84.97579
85.01169
85.02573
85.06215
85.07546
85.11192
85.12598
85.16228
85.17586
85.21217
85.2256
85.26181
85.27546
85.31229
85.32593
85.3625
85.37627
85.61102
85.42668
85.71135
85.47701
85.76169
85.52733
85.81181
85.57734
85.86208
85.62737
85.94568
85.67732
85.97846
85.72752
86.01997
85.77721
86.05502
85.82394
86.10479
85.87394
86.19221
85.91278
86.22061
85.94801
86.2396
85.97985
86.25948
86.01254
86.27493
86.03599
86.29121
86.07288
86.32039
86.10991
86.35327
86.16005
86.37139
86.1885
86.38625
86.21091
86.40141
86.23238
86.41954
86.24957
86.43842
86.26672
86.45311
86.28567
86.46872
86.3063
86.48461
86.32352
86.49953
86.34414
86.51764
86.36297
86.53201
86.37687
86.54644
86.39307
86.56273
86.41363
86.57565
86.43066
86.59124
86.44957
86.60548
86.46504
86.61916
86.48997
86.63647
86.51418
86.65544
86.54599
86.6741
86.56171
86.69044
86.58745
86.70764
86.61677
86.72898
86.63831
86.74699
86.6614
86.7624
86.67856
86.7804
86.69978
86.80243
86.72212
86.8179
86.74363
86.83309
86.76437
86.84766
86.78951
86.86823
86.80626
86.89069
86.8316
86.92445
86.85445
86.95387
86.88416
86.97829
86.90295
87.01557
86.92677
87.04671
86.9445
87.07451
86.98031
87.10045
87.00191
87.13165
87.0183
87.15577
87.04584
87.18243
87.07206
87.2036
87.08624
87.21811
87.11185
87.22973
87.12232
87.24747
87.13493
87.25943
87.16151
87.27416
87.1727
87.29011
87.18697
87.3012
87.19759
87.31603
87.21038
87.32343
87.22179
87.33308
87.23292
87.34435
87.27826
87.35664
87.29105
87.3698
87.34544
87.38264
87.35859
87.39729
87.37141
87.4062
87.38156
87.4171
87.44192
87.42822
87.45302
87.44193
87.46458
87.45502
87.47491
87.46584
87.48761
87.47511
87.49693
87.48599
87.5073
87.49635
87.51942
87.50564
87.53252
87.51297
87.54702
87.52645
87.55659
87.53683
87.57298
87.55075
87.58349
87.56201
87.59903
87.57452
87.60809
87.58862
87.62122
87.5997
87.63827
87.61127
87.65476
87.62589
87.66221
87.63665
87.67719
87.65088
87.6881
87.66424
87.70161
87.67549
87.71487
87.68723
87.72954
87.70319
87.74509
87.71837
87.75576
87.73158
87.77005
87.74403
87.78276
87.75559
87.79144
87.77019
87.8055
87.78085
87.81294
87.79436
87.82884
87.80698
87.84058
87.81858
87.85557
87.82892
87.86296
87.83932
87.87582
87.85513
87.88647
87.86926
87.90101
87.87666
87.91624
87.89212
87.93301
87.90659
87.94495
87.91902
87.9604
87.93159
87.96774
87.94186
87.97838
87.95456
87.99014
87.96916
88.00044
87.9817
88.01369
87.99432
88.02708
88.00816
88.03981
88.01735
88.05307
88.03004
88.06176
88.04069
88.07523
88.05338
88.08837
88.06516
88.09583
88.07442
88.1085
88.0884
88.11903
88.09578
88.12937
88.10605
88.14201
88.11639
88.14927
88.13142
88.15963
88.13977
88.16891
88.15474
88.18229
88.16405
88.19163
88.17751
88.20618
88.2009
88.22009
88.22311
88.23421
88.23192
88.25114
88.24441
88.27464
88.25648
88.28751
88.2691
88.30536
88.28314
88.31775
88.29861
88.33019
88.31118
88.3405
88.32045
88.35064
88.34004
88.3624
88.34723
88.37263
88.35443
88.37997
88.36469
88.38916
88.37193
88.39841
88.3846
88.41103
88.39674
88.4203
88.40607
88.4306
88.4221
88.44237
88.43276
88.45514
88.44196
88.47899
88.45641
88.49323
88.47144
88.50246
88.4859
88.51872
88.49615
88.52814
88.51205
88.53989
88.52264
88.54734
88.54216
88.56008
88.559
88.57304
88.56818
88.59184
88.58224
88.60502
88.60311
88.62608
88.61061
88.64363
88.62803
88.6638
88.63956
88.6785
88.65301
88.69446
88.66647
88.70182
88.68103
88.71455
88.6921
88.7232
88.7164
88.73589
88.72566
88.74761
88.73313
88.75687
88.74239
88.76601
88.75271
88.77521
88.76311
88.78561
88.77924
88.80507
88.79032
88.81865
88.80961
88.83163
88.82391
88.84992
88.847
88.86945
88.85727
88.8882
88.88649
88.91116
88.91116
88.92388
88.92674
88.94411
88.93413
88.95678
88.9502
88.97646
88.96636
88.99323
88.99101
89.00583
89.0097
89.02283
89.02365
89.0407
89.0403
89.05589
89.05372
89.0668
89.06765
89.08034
89.0769
89.09371
89.09164
89.10568
89.10265
89.11836
89.11604
89.13345
89.12777
89.14014
89.138
89.15255
89.15057
89.16236
89.16083
89.17129
89.17003
89.18289
89.18256
89.19007
89.19168
89.19928
89.20602
89.20847
89.21336
89.21867
89.22253
89.22552
89.23173
89.23747
89.2389
89.24466
89.24615
89.25494
89.25948
89.26733
89.26685
89.27473
89.2795
89.2821
89.28982
89.28934
89.30425
89.29862
89.31456
89.31039
89.32169
89.32305
89.33556
89.33232
89.34277
89.34155
89.352
89.35388
89.3594
89.36115
89.36861
89.37035
89.37783
89.37957
89.38814
89.38679
89.4016
89.39609
89.41336
89.40634
89.42223
89.4136
89.43148
89.42625
89.4387
89.43654
89.45034
89.44574
89.45955
89.45312
89.46874
89.46035
89.47798
89.46755
89.48826
89.47678
89.49751
89.48598
89.50494
89.4934
89.51521
89.50062
89.52245
89.50985
89.53512
89.51907
89.54253
89.52648
89.55278
89.53573
89.56016
89.54308
89.56943
89.55033
89.58118
89.55962
89.5938
89.56994
89.60123
89.58315
89.61045
89.59064
89.61974
89.60605
89.63387
89.61784
89.64613
89.63229
89.65648
89.63971
89.67242
89.65315
89.68168
89.66486
89.69442
89.67815
89.7066
89.68542
89.71975
89.69888
89.72972
89.71221
89.74244
89.72253
89.75413
89.73634
89.7634
89.74952
89.77262
89.76131
89.78288
89.7767
89.79318
89.78495
89.80242
89.79427
89.81458
89.80586
89.82484
89.81924
89.83229
89.82817
89.84498
89.84212
89.8536
89.85455
89.86393
89.86382
89.87569
89.87555
89.88629
89.8858
89.89658
89.89506
89.90578
89.90427
89.91299
89.91147
89.92322
89.91867
89.93249
89.92593
89.94273
89.9362
89.95008
89.94541
89.95728
89.95261
89.96655
89.9629
89.9768
89.97009
89.98399
89.97933
89.9912
89.98959
90.00046
89.99701
