0.02355069
0.007512484
0.0297506
0.02217219
0.03599638
0.02859947
0.04219856
0.03957801
0.05668335
0.04617842
0.06305605
0.05856133
0.06928298
0.07143177
0.07548303
0.08262321
0.08153071
0.09356476
0.08772867
0.1049666
0.09999476
0.1143436
0.1061946
0.1263433
0.1123947
0.1404322
0.1185924
0.1513113
0.1247987
0.1609734
0.1331085
0.1709631
0.1394667
0.1818873
0.1456758
0.1885396
0.1603207
0.2019538
0.1665475
0.2132745
0.1725911
0.2232078
0.1846492
0.2360029
0.1908512
0.2469672
0.197051
0.2556191
0.2032801
0.2681624
0.2094799
0.2747544
0.2155171
0.2841749
0.2215461
0.2981269
0.2275813
0.3103267
0.2338146
0.3242408
0.2400145
0.3365071
0.2460648
0.3451065
0.2543372
0.3584752
0.2607077
0.3669979
0.2669432
0.375906
0.273145
0.3844329
0.2793469
0.3929724
0.2853887
0.4015055
0.2936548
0.4100699
0.2998798
0.4186571
0.3060797
0.43064
0.3122793
0.4408275
0.3184794
0.4532918
0.3246798
0.4666308
0.3309441
0.4751594
0.3391998
0.4817533
0.3455662
0.4927054
0.3517451
0.5012239
0.3579728
0.5126237
0.366278
0.526723
0.372649
0.5352625
0.3788487
0.5418583
0.3850446
0.5518606
0.3912444
0.5652222
0.397478
0.5749449
0.4057443
0.5855696
0.4140102
0.5946299
0.4203855
0.6056255
0.4265829
0.6147942
0.4328099
0.6265309
0.43901
0.6331479
0.4452096
0.6459618
0.4514288
0.6525537
0.4596968
0.6611909
0.4660986
0.6719678
0.4722987
0.6851674
0.4784945
0.6971589
0.484676
0.7092252
0.4907234
0.7157458
0.4969209
0.7246705
0.5031644
0.7336103
0.5093645
0.7422265
0.5155643
0.753493
0.5217621
0.762101
0.5279638
0.7740049
0.5342054
0.7830338
0.5404032
0.7931004
0.5466097
0.8065979
0.5548944
0.8184831
0.5610945
0.8311305
0.5673317
0.8401657
0.5735338
0.8523843
0.5797335
0.8624319
0.5859333
0.8710152
0.5921355
0.8832977
0.5983748
0.8899942
0.6045766
0.9040208
0.610787
0.9162202
0.616985
0.927164
0.6230076
0.9365636
0.6292328
0.9494196
0.6375406
0.9581484
0.6437696
0.9724211
0.6499758
0.9836041
0.6561795
0.9937624
0.6623926
1.006452
0.670713
1.017553
0.6770728
1.030416
0.6832727
1.044067
0.6894726
1.056953
0.6956724
1.070464
0.7019203
1.081381
0.7081265
1.095981
0.7143282
1.10888
0.7205392
1.120272
0.7288389
1.128894
0.7371362
1.140361
0.7435092
1.153515
0.7497298
1.168294
0.761461
1.176827
0.7697875
1.185474
0.7761625
1.198282
0.7823684
1.206869
0.7885852
1.213459
0.7968643
1.222049
0.805158
1.230654
0.8134596
1.240865
0.8217299
1.249417
0.8279551
1.258864
0.8366024
1.265424
0.8428213
1.271824
0.8490209
1.280351
0.8552313
1.286918
0.8614334
1.293357
0.8676705
1.30189
0.8738961
1.310411
0.8832202
1.318956
0.8896036
1.327548
0.8979052
1.334108
0.9042696
1.340489
0.9104906
1.346885
0.918736
1.353287
0.9251257
1.361824
0.931382
1.368407
0.9396687
1.376992
0.9458899
1.383553
0.9541351
1.390194
0.9605245
1.40149
0.9667729
1.411215
0.9750637
1.421931
0.9814326
1.42849
0.9876344
1.437052
0.9938385
1.445574
1.000068
1.454122
1.00629
1.460688
1.012496
1.467255
1.018707
1.473642
1.024906
1.4802
1.031134
1.486592
1.037354
1.493021
1.043571
1.499421
1.049772
1.505821
1.055981
1.51442
1.062185
1.521021
1.068437
1.529554
1.076707
1.539954
1.083086
1.548474
1.089293
1.557053
1.095501
1.56362
1.101732
1.572376
1.107955
1.584952
1.114174
1.591552
1.122448
1.598138
1.12865
1.606685
1.134891
1.615256
1.141104
1.621853
1.149376
1.628243
1.155751
1.634617
1.161971
1.641037
1.170599
1.64957
1.176972
1.659642
1.183169
1.668202
1.18938
1.676752
1.197696
1.683325
1.204065
1.691923
1.210265
1.703935
1.218531
1.712441
1.224732
1.718997
1.233035
1.725418
1.239397
1.733923
1.251622
1.740484
1.25782
1.747065
1.264049
1.756018
1.270249
1.764575
1.288827
1.77615
1.295025
1.782746
1.301087
1.793373
1.307296
1.802012
1.315577
1.810524
1.330262
1.817082
1.344905
1.825671
1.351099
1.832239
1.357297
1.840838
1.363488
1.849385
1.369717
1.855985
1.394498
1.862373
1.406918
1.868747
1.419303
1.875147
1.444119
1.881585
1.468926
1.890214
1.481321
1.898747
1.508445
1.90548
1.514641
1.912057
1.545634
1.920613
1.551823
1.927376
1.578894
1.939573
1.608034
1.946142
1.614228
1.954765
1.62042
1.964212
1.626613
1.97077
1.666122
1.97717
1.67232
1.98587
1.68471
1.994468
1.709511
2.002982
1.715703
2.011532
1.721898
2.020079
1.728107
2.026879
1.742767
2.037279
1.74896
2.043864
1.755149
2.052404
1.761356
2.062612
1.769645
2.069187
1.776006
2.077718
1.782186
2.086274
1.800813
2.098478
1.813188
2.107059
1.825586
2.116375
1.831819
2.126169
1.844187
2.13471
1.862782
2.141268
1.869009
2.14766
1.881386
2.154097
1.912385
2.162656
1.943385
2.171209
1.949585
2.177797
1.961984
2.188199
1.980611
2.196784
2.011629
2.206075
2.019917
2.214998
2.026291
2.224962
2.032516
2.231674
2.038708
2.238075
2.044899
2.246591
2.051093
2.255201
2.057288
2.263803
2.06348
2.272695
2.069715
2.281328
2.084229
2.289963
2.142138
2.301875
2.148332
2.308437
2.175231
2.314827
2.218614
2.321428
2.249607
2.327993
2.255801
2.33438
2.262005
2.340772
2.270313
2.347172
2.284964
2.355795
2.291156
2.367007
2.297379
2.377606
2.303578
2.384197
2.328338
2.393273
2.377943
2.401806
2.402736
2.411316
2.40893
2.419841
2.433728
2.426428
2.439927
2.432992
2.4585
2.439564
2.47091
2.448634
2.485376
2.455204
2.510363
2.461632
2.516555
2.470563
2.522757
2.480825
2.53109
2.489444
2.549842
2.495999
2.558108
2.502404
2.564348
2.51207
2.570541
2.520655
2.576732
2.529269
2.616173
2.53584
2.622373
2.542238
2.634791
2.550773
2.659562
2.557369
2.690555
2.563754
2.702971
2.570163
2.727729
2.579054
2.73396
2.587689
2.740154
2.596235
2.777326
2.605799
2.82896
2.614367
2.880679
2.620972
2.886873
2.629532
2.905487
2.636107
2.930253
2.645715
2.93648
2.654269
2.948868
2.661028
2.967469
2.670966
2.986034
2.679553
3.029266
2.686122
3.078883
2.694735
3.103683
2.703334
3.149152
2.710068
3.155344
2.718626
3.173956
2.727267
3.180158
2.736533
3.18842
2.743115
3.194791
2.751633
3.24649
2.7584
3.258875
2.766966
3.265095
2.775486
3.271296
2.782038
3.292095
2.788628
3.352456
2.794999
3.364876
2.801426
3.377259
2.812265
3.383453
2.820953
3.389645
2.831708
3.395828
2.840197
3.410346
2.846962
3.416694
2.858037
3.429089
2.869382
3.435318
2.875949
3.441514
2.884443
3.447693
2.89313
3.453893
2.904902
3.460093
2.911465
3.468397
2.920029
3.474757
2.926644
3.480953
2.938772
3.487146
2.945331
3.49334
2.954386
3.499559
2.96093
3.505759
2.967349
3.511955
2.978396
3.518146
2.984984
3.524342
2.994788
3.530558
3.001329
3.536758
3.007729
3.542958
3.014325
3.555345
3.026618
3.561543
3.033172
3.567785
3.039568
3.576053
3.048097
3.582415
3.054688
3.588622
3.061242
3.60329
3.067641
3.609483
3.076369
3.615677
3.082925
3.62187
3.08951
3.628075
3.095911
3.636355
3.104527
3.64273
3.11306
3.648922
3.119618
3.655111
3.126056
3.661288
3.135839
3.66754
3.144427
3.673734
3.154711
3.679928
3.163248
3.686121
3.169792
3.692323
3.176192
3.700652
3.184725
3.707023
3.191325
3.715283
3.1999
3.721643
3.208427
3.727841
3.214974
3.73407
3.221393
3.740264
3.227951
3.746459
3.234326
3.75265
3.240886
3.758844
3.247259
3.765073
3.253859
3.77128
3.262392
3.779552
3.268948
3.792108
3.2755
3.79835
3.281887
3.806612
3.28831
3.812974
3.294695
3.819153
3.301089
3.825353
3.309658
3.831594
3.319086
3.837788
3.325691
3.843982
3.33444
3.850178
3.342924
3.856384
3.351428
3.864686
3.359966
3.871048
3.36652
3.877219
3.372904
3.88345
3.379302
3.889641
3.387853
3.895818
3.394414
3.902066
3.402947
3.908257
3.411454
3.914451
3.418024
3.920655
3.429013
3.928915
3.43989
3.935311
3.446477
3.941507
3.458587
3.947702
3.465167
3.953883
3.475187
3.960083
3.483711
3.96615
3.49032
3.972343
3.498786
3.978537
3.50768
3.984551
3.518422
3.990752
3.527038
3.996951
3.535504
4.003018
3.542054
4.011284
3.548454
4.017653
3.5581
4.023844
3.570568
4.030042
3.58271
4.036267
3.594822
4.042463
3.606386
4.048656
3.614982
4.05485
3.62609
4.061046
3.634719
4.067284
3.64607
4.075581
3.65262
4.081975
3.659051
4.093524
3.667585
4.099924
3.677955
4.106119
3.691405
4.112313
3.701051
4.118506
3.70954
4.124702
3.718019
4.130931
3.726583
4.137125
3.73845
4.143323
3.74705
4.149518
3.755541
4.15571
3.762097
4.170242
3.768488
4.178539
3.774887
4.186801
3.783351
4.193147
3.791915
4.20768
3.803002
4.214059
3.815204
4.222346
3.823714
4.230946
3.832291
4.237167
3.840835
4.245471
3.850716
4.251672
3.862299
4.257878
3.870778
4.264121
3.877172
4.27437
3.885677
4.284997
3.894248
4.291214
3.906868
4.300515
3.915429
4.30688
3.927762
4.31308
3.940093
4.321383
3.950034
4.33211
3.960299
4.338474
3.96878
4.34467
3.978946
4.350866
3.990379
4.357066
4.000771
4.363274
4.010295
4.371582
4.018805
4.377945
4.025416
4.386243
4.033961
4.394848
4.042492
4.401252
4.052411
4.407471
4.059398
4.416811
4.072465
4.425867
4.081092
4.43561
4.092287
4.443935
4.100795
4.454676
4.107351
4.460906
4.113745
4.471276
4.120309
4.479569
4.126768
4.487871
4.137709
4.494269
4.149242
4.506181
4.157752
4.512567
4.164311
4.520875
4.172758
4.529497
4.181231
4.541474
4.19173
4.549788
4.203303
4.558128
4.212874
4.570561
4.225601
4.580673
4.23789
4.5897
4.250404
4.598037
4.260962
4.606742
4.272775
4.615039
4.286085
4.623385
4.298097
4.634874
4.309462
4.647674
4.320136
4.655976
4.33195
4.66433
4.345225
4.673007
4.358739
4.681726
4.37282
4.691873
4.384226
4.70071
4.392859
4.712649
4.40863
4.719043
4.422827
4.730001
4.438206
4.742826
4.451622
4.755405
4.464391
4.764738
4.47508
4.774071
4.486228
4.785671
4.496126
4.794358
4.510228
4.804966
4.523358
4.81447
4.535733
4.828336
4.546625
4.841294
4.560937
4.854377
4.573103
4.865904
4.586957
4.879158
4.598596
4.887531
4.613563
4.900429
4.628139
4.909431
4.636206
4.921403
4.647683
4.927719
4.65852
4.939403
4.672534
4.948132
4.683738
4.958846
4.695594
4.971669
4.707392
4.978093
4.720458
4.991643
4.733033
5.002497
4.743166
5.014134
4.756499
5.027307
4.769542
5.035703
4.783558
5.047981
4.793204
5.061733
4.807927
5.073843
4.819122
5.084093
4.833553
5.094888
4.846417
5.10824
4.860626
5.116598
4.878965
5.128713
4.892583
5.141397
4.908216
5.151665
4.917399
5.165218
4.931813
5.177593
4.943951
5.190017
4.963551
5.201038
4.976137
5.212907
4.990356
5.221252
4.999522
5.232644
5.012584
5.24296
5.026828
5.255947
5.039451
5.265303
5.051744
5.273633
5.066887
5.283753
5.083293
5.295459
5.096762
5.306571
5.110245
5.316965
5.128149
5.325662
5.14048
5.339308
5.155817
5.350572
5.174458
5.361703
5.188484
5.374484
5.204528
5.383834
5.21839
5.397646
5.23359
5.410994
5.248358
5.421908
5.267012
5.433126
5.283178
5.445507
5.294916
5.456793
5.312817
5.468574
5.33075
5.482219
5.347654
5.494946
5.361444
5.512591
5.378591
5.522827
5.394349
5.539684
5.40835
5.554793
5.435772
5.566823
5.45726
5.581571
5.481149
5.590766
5.499244
5.60451
5.527999
5.617297
5.548484
5.629924
5.564213
5.643943
5.586396
5.659238
5.605868
5.671356
5.635618
5.681154
5.656997
5.695041
5.688483
5.70977
5.710316
5.722574
5.732447
5.784654
5.759175
5.870297
5.7866
5.883897
5.818403
5.897541
5.854307
5.911607
5.880783
5.970472
5.912508
6.035535
5.944279
6.093753
5.976145
6.12055
6.007611
6.135091
6.0326
6.161751
6.065479
6.189234
6.103328
6.227016
6.138342
6.254033
6.166725
6.331751
6.209925
6.383619
6.245193
6.397708
6.282341
6.459569
6.332325
6.479165
6.364909
6.50141
6.406981
6.53182
6.446405
6.555409
6.488471
6.579162
6.52767
6.606299
6.578069
6.662671
6.618313
6.702106
6.668642
6.743304
6.718534
6.786936
6.768
6.826869
6.817826
6.876957
6.867371
6.919136
6.91573
6.965467
6.965794
7.014227
7.015975
7.058159
7.065903
7.107939
7.116104
7.150937
7.165722
7.201021
7.21599
7.248919
7.266236
7.298798
7.316591
7.349386
7.416649
7.399645
7.466913
7.449476
7.517365
7.499227
7.567561
7.549285
7.617365
7.598951
7.667173
7.648787
7.717309
7.699155
7.767412
7.748796
7.817582
7.798719
7.867914
7.848939
7.917575
7.899271
7.967293
7.949574
8.017773
7.999586
8.067494
8.049678
8.117223
8.099744
8.167359
8.149726
8.217044
8.199947
8.267079
8.250237
8.316954
8.299856
8.367092
8.350177
8.416818
8.39987
8.467167
8.450327
8.517654
8.500786
8.567333
8.550463
8.617037
8.600929
8.667301
8.650781
8.717594
8.700446
8.76773
8.750825
8.817365
8.800465
8.867099
8.850897
8.916827
8.901304
8.967143
8.951661
9.017493
9.001431
9.067554
9.051637
9.117331
9.101974
9.167694
9.152256
9.21762
9.202385
9.267913
9.252592
9.317749
9.352796
9.367933
9.402728
9.417555
9.45231
9.468006
9.502526
9.518453
9.552345
9.568137
9.60209
9.617947
9.652053
9.66833
9.702492
9.718598
9.752493
9.769266
9.802879
9.819139
9.852638
9.869201
9.903051
9.919147
9.952682
9.969404
10.00294
10.01941
10.05331
10.06928
10.10337
10.11928
10.15362
10.16961
10.20325
10.21993
10.25356
10.2702
10.30336
10.32063
10.35358
10.37046
10.40384
10.42073
10.45404
10.47094
10.5043
10.5214
10.55494
10.57133
10.60522
10.62178
10.65571
10.67206
10.70557
10.72184
10.75523
10.77197
10.80567
10.82203
10.85587
10.87217
10.90623
10.92185
10.95637
10.97151
11.00647
11.02175
11.0569
11.07159
11.10694
11.12184
11.15677
11.17183
11.20694
11.22219
11.25667
11.27186
11.30635
11.32168
11.3563
11.37156
11.40643
11.42192
11.45626
11.47162
11.50668
11.52157
11.55681
11.57187
11.60647
11.62195
11.65633
11.67176
11.70606
11.72143
11.75586
11.77176
11.80579
11.82138
11.85615
11.87178
11.90637
11.92191
11.95652
11.97207
12.00679
12.02191
12.04404
12.06338
12.09397
12.11343
12.14368
12.16382
12.1938
12.2135
12.24395
12.26324
12.29391
12.31348
12.34353
12.36322
12.39319
12.41329
12.44287
12.46308
12.49312
12.51283
12.54298
12.56275
12.59313
12.61314
12.6436
12.6629
12.69325
12.71264
12.74301
12.76296
12.79291
12.81287
12.84336
12.86296
12.89326
12.91267
12.94322
12.96287
12.99357
13.01305
13.04333
13.06296
13.09305
13.11278
13.14324
13.16241
13.19346
13.21236
13.24366
13.26206
13.29384
13.312
13.34405
13.36181
13.39382
13.41147
13.44398
13.4612
13.49418
13.51121
13.54458
13.56108
13.59495
13.61135
13.64518
13.66153
13.69543
13.71172
13.74519
13.76197
13.79704
13.81184
13.84619
13.86153
13.94585
13.91184
13.99559
13.96172
14.04528
14.01173
14.09503
14.06206
14.1451
14.11246
14.19517
14.16227
14.24504
14.21251
14.29465
14.26272
14.39501
14.31294
14.44508
14.36287
14.49517
14.41304
14.54484
14.46267
14.59488
14.5125
14.6453
14.56219
14.69569
14.61225
14.74566
14.6622
14.79604
14.71207
14.846
14.76247
14.8957
14.81249
14.9456
14.86239
14.99522
14.91263
15.04532
14.96252
15.09562
15.01259
15.14529
15.0626
15.19523
15.113
15.24567
15.16264
15.29576
15.21252
15.34563
15.26216
15.39603
15.31206
15.44628
15.41122
15.49615
15.46092
15.546
15.51074
15.59566
15.56036
15.64535
15.61002
15.69581
15.66045
15.74601
15.71068
15.79632
15.76072
15.84632
15.81078
15.89655
15.91098
15.94654
15.96065
15.99657
16.01076
16.04665
16.06116
16.09658
16.11157
16.14664
16.16204
16.1963
16.21224
16.24632
16.26229
16.29594
16.3139
16.34571
16.36316
16.39606
16.41266
16.44591
16.46247
16.49614
16.51216
16.54592
16.56256
16.59594
16.61222
16.64618
16.66211
16.69645
16.7125
16.74663
16.76274
16.79651
16.8131
16.84681
16.86323
16.89687
16.91287
16.9469
16.963
16.99654
17.0134
17.04637
17.06367
17.09687
17.114
17.14734
17.16419
17.19726
17.2138
17.24746
17.26388
17.29797
17.31408
17.34748
17.36425
17.39792
17.41419
17.44763
17.46467
17.49729
17.51439
17.5477
17.56466
17.59792
17.61492
17.64832
17.66533
17.69876
17.76601
17.74895
17.8162
17.79938
17.8664
17.84942
17.91602
17.89928
17.96573
17.94938
18.0154
17.99909
18.06501
18.0493
18.11504
18.09975
18.16538
18.14991
18.21551
18.19972
18.26538
18.24977
18.31578
18.3501
18.36627
18.40048
18.41633
18.50025
18.46599
18.54987
18.51627
18.59968
18.56596
18.64942
18.61567
18.69903
18.66551
18.74944
18.71585
18.79957
18.76616
18.85004
18.81667
18.90012
18.86651
18.9505
18.91673
19.00022
18.96657
19.0507
19.01662
19.10067
19.06631
19.15043
19.11675
19.2005
19.1664
19.25037
19.21658
19.3
19.26692
19.35003
19.31717
19.40006
19.36759
19.44986
19.41785
19.49993
19.46829
19.54955
19.51799
19.59979
19.56835
19.65019
19.61844
19.70063
19.66825
19.75082
19.7185
19.80129
19.76864
19.85108
19.81889
19.90147
19.86909
19.9518
19.91881
20.00167
19.96917
20.05187
20.01958
20.10186
20.06954
20.15187
20.11934
20.20161
20.16922
20.25208
20.26883
20.30234
20.31876
20.3526
20.36901
20.40224
20.41887
20.45231
20.46898
20.50248
20.51855
20.55261
20.56875
20.60248
20.61863
20.65261
20.66895
20.70304
20.71914
20.75285
20.76895
20.80324
20.81909
20.85291
20.86915
20.90258
20.91893
20.95267
20.96915
21.00258
21.01921
21.05293
21.0691
21.10303
21.1193
21.1534
21.16927
21.20379
21.21894
21.25365
21.26876
21.30339
21.31873
21.35336
21.36913
21.40333
21.41934
21.45357
21.46909
21.50326
21.51871
21.55332
21.56902
21.60303
21.61878
21.65345
21.66921
21.70357
21.71945
21.75337
21.76978
21.80302
21.82019
21.85282
21.87018
21.95303
21.91984
22.00305
21.97026
22.05329
22.01988
22.10349
22.06984
22.15382
22.12005
22.20391
22.17018
22.25395
22.22023
22.30382
22.27065
22.35385
22.32106
22.40367
22.37087
22.45398
22.42074
22.50393
22.47078
22.55387
22.52098
22.60371
22.57066
22.65403
22.62027
22.7044
22.67032
22.75403
22.70497
22.79893
22.75511
22.84234
22.7993
22.89276
22.84924
22.94276
22.89897
22.99256
22.94932
23.04274
22.999
23.09263
23.04864
23.14301
23.09873
23.19306
23.14872
23.24315
23.19864
23.29348
23.25006
23.34325
23.29924
23.39327
23.34972
23.44296
23.40038
23.49283
23.45033
23.54325
23.50013
23.59341
23.5499
23.64328
23.6001
23.69327
23.65012
23.74305
23.70045
23.79309
23.75091
23.84272
23.80056
23.89238
23.85091
23.94252
23.90071
23.99268
23.95077
24.04245
24.00051
24.09252
24.05094
24.14449
24.1011
24.19361
24.15108
24.24405
24.20095
24.29405
24.25096
24.34327
24.30138
24.39345
24.35135
24.44345
24.40108
24.49361
24.4513
24.54384
24.50163
24.59421
24.5521
24.64454
24.60228
24.69445
24.652
24.74485
24.70175
24.79528
24.75224
24.84519
24.8024
24.89565
24.90275
24.94559
24.95306
24.99605
25.00333
25.04572
25.05319
25.09544
25.10313
25.14546
25.15336
25.19578
25.20358
25.24589
25.25394
25.29558
25.30363
25.34566
25.35333
25.39552
25.40314
25.44547
25.45358
25.49526
25.50401
25.54515
25.55403
25.59486
25.60433
25.64478
25.65456
25.69444
25.70472
25.74478
25.75453
25.79503
25.80492
25.84523
25.85509
25.89549
25.90502
25.94562
25.95486
25.99602
26.00458
26.0457
26.05442
26.09583
26.10445
26.14624
26.15432
26.19604
26.20471
26.24605
26.25517
26.29575
26.30555
26.34564
26.35574
26.39528
26.40588
26.44527
26.45637
26.49518
26.50631
26.5451
26.55679
26.59521
26.60703
26.64496
26.65705
26.69487
26.70721
26.74462
26.7572
26.79511
26.8074
26.84474
26.85754
26.89514
26.90731
26.94554
26.9576
26.9957
27.00799
27.04596
27.05803
27.09573
27.10813
27.14603
27.15783
27.19596
27.20786
27.24574
27.2576
27.29612
27.30739
27.39599
27.35765
27.44596
27.40799
27.49597
27.45825
27.54782
27.50871
27.59686
27.55899
27.64702
27.60885
27.6964
27.65928
27.74603
27.70962
27.79635
27.75924
27.84668
27.80921
27.89663
27.8595
27.94688
27.90998
27.99701
27.95995
28.04716
28.00957
28.09748
28.05928
28.14768
28.1093
28.19801
28.15935
28.24791
28.20948
28.29755
28.25997
28.34714
28.30968
28.39744
28.35981
28.44325
28.40944
28.48292
28.45934
28.53291
28.50916
28.58291
28.55908
28.63294
28.6039
28.68325
28.65391
28.73307
28.70414
28.78324
28.75437
28.83319
28.80429
28.8832
28.85442
28.93347
28.90464
28.98354
28.95456
29.03386
29.00454
29.08418
29.05455
29.13444
29.10428
29.18417
29.15419
29.2346
29.20457
29.2845
29.25455
29.33463
29.3047
29.38476
29.35502
29.43482
29.40519
29.48506
29.45528
29.53516
29.50523
29.58506
29.55561
29.63503
29.60578
29.68516
29.65572
29.73565
29.69921
29.78191
29.74962
29.83153
29.79933
29.88131
29.84951
29.93111
29.89966
29.97262
29.94947
30.02232
29.99932
30.07269
30.04587
30.11189
30.09594
30.16185
30.14606
30.21221
30.19632
30.26245
30.24771
30.31272
30.29645
30.36278
30.34681
30.41303
30.39718
30.46325
30.44688
30.51369
30.49734
30.56382
30.54779
30.61425
30.59817
30.66453
30.64847
30.71475
30.69867
30.76511
30.74838
30.81555
30.79878
30.86517
30.8488
30.91564
30.89846
30.96529
30.94859
31.06576
30.99894
31.116
31.04896
31.16614
31.09904
31.21646
31.14892
31.26617
31.19931
31.31601
31.2496
31.36608
31.2993
31.41609
31.34964
31.46656
31.39986
31.51672
31.44966
31.5668
31.50006
31.61703
31.54973
31.66696
31.60019
31.7168
31.65023
31.76703
31.70057
31.81729
31.75089
31.86705
31.80049
31.90047
31.8483
31.95087
31.89848
32.00009
31.94655
32.04987
31.99639
32.09982
32.0465
32.14952
32.09631
32.19918
32.14656
32.24906
32.19675
32.29868
32.24682
32.34898
32.29657
32.39892
32.34678
32.44911
32.39682
32.4992
32.44716
32.54904
32.49681
32.59934
32.54654
32.6494
32.59668
32.69957
32.64704
32.74967
32.74707
32.79985
32.79729
32.85011
32.84711
32.89997
32.89687
32.9503
32.94663
33.00008
32.9963
33.05006
33.04649
33.09977
33.0968
33.15003
33.14709
33.20053
33.1973
33.25053
33.24739
33.3003
33.2971
33.35003
33.34753
33.40033
33.39747
33.45043
33.44785
33.50047
33.49747
33.5506
33.54763
33.6004
33.59762
33.65052
33.64808
33.70085
33.69829
33.75116
33.74842
33.80109
33.79866
33.85152
33.84848
33.90199
33.89847
33.95213
33.94872
34.00199
33.99833
34.05166
34.04825
34.10195
34.09793
34.15243
34.14814
34.20237
34.1982
34.25281
34.24809
34.30279
34.29835
34.35278
34.34847
34.40267
34.39818
34.45269
34.44794
34.50328
34.49828
34.55355
34.54826
34.60378
34.59843
34.65298
34.64887
34.70332
34.69934
34.75368
34.749
34.80391
34.79932
34.85369
34.8498
34.9042
34.89985
34.95414
34.95013
35.00434
35.0002
35.05427
35.05016
35.10411
35.10017
35.15451
35.15005
35.20416
35.20037
35.25456
35.25052
35.30489
35.30037
35.35514
35.35003
35.4052
35.40006
35.45539
35.45023
35.50527
35.50056
35.5549
35.55064
35.60459
35.60046
35.6548
35.65048
35.70499
35.70018
35.75542
35.75012
35.80574
35.79978
35.85583
35.84995
35.90609
35.89975
35.95649
35.94958
36.00676
35.99944
36.05678
36.04969
36.10662
36.10005
36.15679
36.15031
36.20662
36.20049
36.25688
36.25032
36.30653
36.29991
36.35653
36.35022
36.40655
36.40015
36.45699
36.45036
36.50665
36.50074
36.55692
36.55089
36.60685
36.60104
36.65667
36.65071
36.70674
36.70049
36.75686
36.75024
36.80668
36.80061
36.85701
36.85027
36.90675
36.90056
36.95658
36.95119
37.00631
37.00134
37.05626
37.0517
37.10618
37.10147
37.15631
37.1516
37.20591
37.20126
37.25603
37.25168
37.30652
37.30213
37.35654
37.35188
37.40686
37.40182
37.457
37.45221
37.50706
37.50194
37.55725
37.55202
37.60756
37.60167
37.65757
37.65213
37.70773
37.70175
37.75965
37.75145
37.80813
37.8014
37.85801
37.85132
37.90819
37.90099
37.95809
37.95086
38.00833
38.00101
38.05836
38.05079
38.10812
38.10078
38.15803
38.15047
38.20773
38.20033
38.25758
38.24995
38.30735
38.29959
38.35744
38.34991
38.4071
38.40037
38.45717
38.45064
38.50685
38.50064
38.55702
38.55048
38.60714
38.60061
38.65738
38.65093
38.70778
38.70076
38.75784
38.75118
38.80749
38.80134
38.85762
38.85178
38.90742
38.90173
38.95734
38.9514
39.0075
39.00146
39.05748
39.05123
39.10769
39.10156
39.15796
39.14356
39.2048
39.19159
39.25502
39.24186
39.30534
39.29226
39.35527
39.34262
39.40546
39.39285
39.45522
39.43867
39.50061
39.47262
39.54374
39.52237
39.59374
39.55862
39.62502
39.59711
39.66961
39.66588
39.71841
39.6939
39.74532
39.72737
39.79443
39.75728
39.84446
39.80708
39.89463
39.85693
39.93972
39.90697
39.98935
39.95743
40.03905
40.00721
40.08889
40.05692
40.13927
40.10663
40.18926
40.15712
40.23898
40.20728
40.28881
40.25738
40.33845
40.30742
40.38848
40.35738
40.4386
40.40776
40.48869
40.45794
40.5387
40.50756
40.58865
40.5583
40.63889
40.60863
40.68908
40.70801
40.73938
40.75789
40.78957
40.80775
40.83945
40.8577
40.88974
40.90762
40.94001
40.95728
40.99045
41.00722
41.0407
41.05684
41.09059
41.10726
41.14031
41.15684
41.1903
41.20266
41.23643
41.25233
41.28681
41.30272
41.3371
41.35234
41.38739
41.40232
41.43727
41.45248
41.48712
41.5028
41.53707
41.55286
41.58725
41.60326
41.63724
41.65301
41.68766
41.70349
41.73783
41.75383
41.78759
41.80402
41.8372
41.85396
41.8875
41.90402
41.93784
41.95449
41.98819
42.00436
42.03829
42.05405
42.08851
42.10422
42.13869
42.15408
42.18909
42.2037
42.23944
42.25391
42.28932
42.30353
42.33957
42.35339
42.38957
42.40373
42.43931
42.45422
42.48915
42.50414
42.53922
42.5545
42.58935
42.6048
42.63975
42.6552
42.69004
42.70484
42.73968
42.75453
42.79007
42.80453
42.84037
42.85481
42.89068
42.90507
42.94105
42.95485
42.99095
43.00471
43.04111
43.055
43.09141
43.10519
43.14163
43.15532
43.19135
43.20569
43.24143
43.25573
43.29114
43.30576
43.341
43.35509
43.38982
43.40516
43.44009
43.45538
43.49047
43.50517
43.59047
43.55538
43.64092
43.60559
43.691
43.6553
43.74087
43.70512
43.79054
43.75488
43.84016
43.80452
43.89036
43.85429
43.94014
43.90459
43.99052
43.95452
44.04092
44.00452
44.09087
44.05429
44.14109
44.1043
44.19118
44.15412
44.241
44.20375
44.29086
44.25357
44.34091
44.30387
44.39069
44.35352
44.44035
44.40378
44.49074
44.45354
44.54119
44.5039
44.59159
44.55391
44.64198
44.604
44.69233
44.65385
44.74258
44.70416
44.79245
44.75407
44.8424
44.80374
44.89204
44.85411
44.94224
44.90427
44.99204
44.95449
45.0422
45.00429
45.09264
45.05441
45.14231
45.10414
45.19273
45.15464
45.24298
45.20463
45.2931
45.25484
45.3429
45.30453
45.39317
45.35312
45.4435
45.45325
45.4936
45.50307
45.54322
45.5531
45.59291
45.60287
45.64271
45.65314
45.69257
45.70303
45.74225
45.75321
45.79209
45.80313
45.84192
45.85332
45.8918
45.90319
45.94172
45.95361
45.9921
46.00322
46.04196
46.05295
46.09178
46.10264
46.14204
46.15226
46.19183
46.20242
46.24212
46.25215
46.29252
46.30246
46.34219
46.35285
46.39255
46.40274
46.44223
46.45301
46.49232
46.50281
46.54222
46.55257
46.59184
46.60225
46.64204
46.65258
46.69234
46.70231
46.74272
46.75251
46.79275
46.80285
46.84301
46.85251
46.89331
46.90237
46.94343
46.95199
46.99308
47.00167
47.04276
47.0515
47.09256
47.10143
47.14274
47.15514
47.19297
47.20173
47.24294
47.25183
47.29301
47.30231
47.34329
47.35225
47.39349
47.4025
47.44341
47.45277
47.49362
47.50259
47.54343
47.55245
47.5934
47.60266
47.64349
47.6526
47.6932
47.70217
47.74337
47.75212
47.79333
47.80198
47.84303
47.85168
47.89314
47.90213
47.94493
47.95229
47.99321
48.00259
48.04292
48.05222
48.09276
48.10246
48.14283
48.15271
48.1924
48.20309
48.24263
48.25324
48.29255
48.30349
48.34255
48.35381
48.39302
48.40345
48.44281
48.45378
48.49261
48.50404
48.5428
48.55452
48.59265
48.60415
48.64261
48.65454
48.69248
48.70424
48.74274
48.75394
48.79248
48.80376
48.84219
48.85349
48.89248
48.90331
48.94288
48.95344
48.99254
49.00335
49.04281
49.05297
49.09325
49.10264
49.14365
49.15281
49.19345
49.20243
49.24355
49.25288
49.29351
49.30254
49.34317
49.35289
49.39288
49.40323
49.44267
49.45321
49.49265
49.50363
49.54267
49.55373
49.59231
49.60403
49.64199
49.65446
49.69183
49.70422
49.74226
49.75463
49.79269
49.80487
49.84303
49.85489
49.8929
49.90462
49.94277
49.95429
49.99287
50.00401
50.04322
50.05389
50.09336
50.10413
50.14332
50.15385
50.19345
50.20359
50.24389
50.25328
50.29369
50.30508
50.34351
50.354
50.39345
50.40374
50.44343
50.45302
50.49372
50.50331
50.54351
50.55375
50.59395
50.60351
50.64432
50.65318
50.69442
50.7028
50.74442
50.75247
50.79405
50.80225
50.84435
50.85253
50.89445
50.90277
50.94441
50.95244
50.99423
51.00284
51.04411
51.05291
51.09436
51.1027
51.14443
51.15285
51.19423
51.20258
51.24429
51.30214
51.29349
51.35233
51.34327
51.40216
51.39361
51.45258
51.44397
51.5028
51.494
51.55296
51.54403
51.60325
51.594
51.65359
51.64443
51.70404
51.69477
51.75446
51.7452
51.80406
51.79482
51.85369
51.845
51.90339
51.8952
51.95321
51.94515
52.00339
51.99513
52.05351
52.04547
52.10395
52.09543
52.15365
52.14526
52.20351
52.19556
52.25319
52.24536
52.30303
52.29527
52.35272
52.34516
52.40263
52.39487
52.45291
52.44453
52.50323
52.49476
52.55363
52.54506
52.60396
52.59497
52.6542
52.64526
52.70389
52.69512
52.75425
52.74475
52.80389
52.79502
52.85415
52.84548
52.9043
52.94474
52.95427
52.99472
53.00457
53.04515
53.05504
53.09511
53.10507
53.14537
53.15501
53.19139
53.20471
53.24146
53.25481
53.29161
53.30484
53.34128
53.3553
53.39119
53.40488
53.44154
53.45464
53.49121
53.50657
53.54104
53.55521
53.59085
53.60569
53.64053
53.65547
53.69026
53.70513
53.74057
53.75549
53.79019
53.80589
53.83999
53.8562
53.8898
53.90593
53.93957
53.95569
53.98931
54.00562
54.03973
54.05539
54.08997
54.10533
54.13959
54.15533
54.18924
54.20506
54.24255
54.25489
54.29105
54.30515
54.34146
54.35493
54.39118
54.40474
54.44118
54.45489
54.49105
54.50465
54.54091
54.55499
54.59056
54.605
54.64018
54.65541
54.69058
54.70525
54.74079
54.75568
54.79103
54.80612
54.84065
54.85647
54.89108
54.90611
54.94083
54.95603
54.9907
55.00566
55.04078
55.05604
55.09121
55.10639
55.14096
55.15648
55.19073
55.20623
55.24089
55.2559
55.29115
55.30566
55.34155
55.35533
55.39142
55.40532
55.44182
55.45575
55.49182
55.50552
55.5423
55.55579
55.59248
55.60599
55.64216
55.65631
55.692
55.70604
55.74204
55.75629
55.79169
55.80652
55.84214
55.85679
55.89237
55.9071
55.94276
55.95705
55.99267
56.00706
56.04316
56.05732
56.09323
56.10724
56.1436
56.15721
56.19328
56.20722
56.24348
56.25699
56.29342
56.30668
56.34366
56.35711
56.39406
56.40755
56.44439
56.45731
56.49469
56.50702
56.54456
56.55732
56.59434
56.60748
56.64414
56.65714
56.694
56.70888
56.74371
56.75771
56.79399
56.80811
56.84372
56.85828
56.89391
56.90789
56.93484
56.95556
56.98478
57.00541
57.03447
57.05296
57.08494
57.10281
57.13539
57.1531
57.18501
57.20355
57.23524
57.25317
57.28511
57.30336
57.33554
57.35349
57.38525
57.40363
57.43511
57.45367
57.48497
57.50395
57.53484
57.55377
57.58694
57.60412
57.63547
57.65423
57.68554
57.70441
57.73579
57.75468
57.786
57.80455
57.83599
57.8547
57.88617
57.90435
57.93599
57.95483
57.98631
58.00526
58.03666
58.10518
58.08678
58.1556
58.1367
58.20609
58.18677
58.25575
58.23651
58.30622
58.28675
58.35639
58.33663
58.40614
58.38696
58.45588
58.43686
58.50633
58.4869
58.55674
58.53695
58.60686
58.5867
58.70701
58.63701
58.75679
58.68699
58.80713
58.73745
58.85678
58.78717
58.90653
58.83682
58.95698
58.8871
59.00673
58.93751
59.05697
58.98762
59.10672
59.03778
59.15653
59.08796
59.20625
59.13801
59.25634
59.1885
59.30671
59.2389
59.35667
59.28861
59.4071
59.3388
59.45684
59.38898
59.50654
59.43861
59.55677
59.48884
59.6072
59.53916
59.65705
59.58936
59.70697
59.63984
59.75666
59.68964
59.80706
59.74001
59.85717
59.84055
59.9068
59.89017
59.95642
59.94037
60.0062
59.9906
60.05657
60.04074
60.10822
60.09085
60.15703
60.14125
60.20689
60.19095
60.25666
60.24133
60.30692
60.29182
60.35672
60.34227
60.40635
60.39255
60.45638
60.44286
60.50603
60.49329
60.55572
60.54327
60.60611
60.5932
60.65623
60.64346
60.70628
60.69382
60.75636
60.74352
60.80664
60.79401
60.85698
60.84542
60.90714
60.89368
60.95688
60.94345
61.00737
60.99339
61.05717
61.04334
61.1076
61.09368
61.15717
61.14334
61.20763
61.19365
61.25797
61.24361
61.30761
61.29381
61.35781
61.34399
61.40797
61.39372
61.45841
61.44355
61.5085
61.494
61.55853
61.54391
61.6083
61.59398
61.65833
61.64386
61.70832
61.69411
61.7583
61.7438
61.80867
61.79367
61.85909
61.84411
61.90876
61.89377
61.95899
61.94426
62.00874
61.99399
62.05906
62.04372
62.10895
62.09372
62.15859
62.14402
62.20852
62.19424
62.25839
62.2443
62.30839
62.29446
62.35882
62.34412
62.40921
62.394
62.45932
62.44442
62.50953
62.49419
62.55927
62.54403
62.60975
62.59385
62.65939
62.64388
62.70938
62.6941
62.75933
62.7439
62.80973
62.79371
62.86018
62.84418
62.91047
62.89461
62.9608
62.94431
63.01091
62.99401
63.06053
63.04442
63.1102
63.09442
63.16053
63.14445
63.2109
63.19444
63.26071
63.24411
63.31081
63.29428
63.36118
63.3441
63.41121
63.3943
63.46141
63.44442
63.51136
63.49471
63.56078
63.54464
63.61089
63.59442
63.66071
63.64431
63.71058
63.69442
63.76093
63.74462
63.81099
63.79461
63.8611
63.84429
63.91135
63.89474
63.96152
63.94448
64.01179
63.9941
64.06158
64.04379
64.11143
64.09401
64.1611
64.14436
64.21097
64.19453
64.26097
64.24503
64.31084
64.34496
64.36124
64.39526
64.41093
64.4455
64.46131
64.49551
64.51099
64.54594
64.56132
64.59589
64.61092
64.63528
64.66085
64.66888
64.71108
64.76595
64.75951
64.80993
64.80964
64.86019
64.85929
64.90988
64.90964
64.95957
64.95966
65.00919
65.00935
65.05887
65.05914
65.10862
65.10876
65.15833
65.1585
65.20801
65.20822
65.25819
65.25803
65.30866
65.30788
65.35832
65.35813
65.4084
65.40836
65.45807
65.45863
65.50781
65.50893
65.55474
65.54221
65.59528
65.58777
65.64141
65.63733
65.69181
65.68752
65.74207
65.73712
65.79194
65.78727
65.84214
65.83707
65.89239
65.8873
65.94206
65.93692
65.99206
65.98723
66.04179
66.03693
66.09179
66.08662
66.14217
66.13699
66.19183
66.18661
66.2415
66.23689
66.29111
66.28725
66.34151
66.33739
66.39122
66.38718
66.44108
66.43727
66.4912
66.48749
66.59125
66.53753
66.64124
66.58755
66.69112
66.63795
66.74123
66.68789
66.79136
66.73801
66.84111
66.78832
66.89082
66.83813
66.94088
66.8885
66.99099
66.93855
67.04144
66.98895
67.08721
67.03851
67.1373
67.08807
67.18768
67.13793
67.23787
67.18828
67.28789
67.23864
67.33791
67.28897
67.38831
67.33874
67.43835
67.38906
67.48849
67.43932
67.53873
67.4891
67.589
67.53947
67.63941
67.5899
67.68908
67.63956
67.7387
67.68991
67.79213
67.74016
67.83893
67.79031
67.88941
67.84
67.93925
67.89039
67.98884
67.94012
68.03863
67.98993
68.0884
68.04032
68.13885
68.0907
68.18913
68.1405
68.23954
68.19045
68.28976
68.24012
68.33995
68.29039
68.39011
68.34077
68.44012
68.39082
68.49039
68.49071
68.54047
68.54059
68.59094
68.59089
68.64126
68.64117
68.69122
68.69124
68.74161
68.74113
68.79131
68.7915
68.84174
68.84157
68.89161
68.89155
68.94139
68.94171
68.99122
68.99188
69.04106
69.04215
69.09139
69.09242
69.14145
69.14258
69.19135
69.19277
69.24167
69.24304
69.29177
69.29329
69.32738
69.34324
69.37715
69.3932
69.4269
69.44308
69.47733
69.49322
69.52746
69.54359
69.57717
69.59322
69.62723
69.64296
69.67739
69.69277
69.72701
69.74267
69.77733
69.79276
69.827
69.84283
69.8768
69.89302
69.9272
69.94265
69.97733
69.99305
70.02733
70.04346
70.07739
70.09348
70.12782
70.14336
70.17816
70.1932
70.22784
70.24281
70.27783
70.29314
70.32765
70.34354
70.37762
70.39365
70.42749
70.44342
70.47726
70.49388
70.52724
70.54362
70.57753
70.59388
70.62753
70.64391
70.6779
70.69368
70.7281
70.7439
70.77785
70.79394
70.82758
70.84415
70.87723
70.89381
70.9269
70.94405
70.9767
70.99393
71.02656
71.04425
71.07683
71.09461
71.12655
71.1443
71.17651
71.1945
71.22614
71.24441
71.27576
71.29446
71.32598
71.3429
71.37569
71.39252
71.42598
71.44217
71.47591
71.49213
71.52614
71.542
71.57678
71.592
71.62638
71.64226
71.67617
71.69192
71.71815
71.7421
71.76844
71.79193
71.81854
71.84189
71.86842
71.8917
71.91856
71.94152
71.96856
71.99149
72.0182
72.04185
72.06829
72.08629
72.11829
72.13612
72.1684
72.18595
72.21803
72.23557
72.2683
72.28529
72.31796
72.33531
72.36807
72.3857
72.4183
72.43538
72.46794
72.48505
72.51814
72.53505
72.56828
72.58472
72.61861
72.63438
72.66879
72.68481
72.71848
72.73482
72.76887
72.78455
72.81863
72.83491
72.86826
72.88528
72.91809
72.93556
72.96793
72.98569
73.01785
73.03531
73.06774
73.08563
73.11739
73.13531
73.16781
73.18494
73.21791
73.23517
73.26814
73.28543
73.3185
73.33509
73.36882
73.38494
73.41887
73.43467
73.46918
73.48443
73.51917
73.53437
73.56934
73.58481
73.61961
73.63496
73.66994
73.68523
73.72034
73.73553
73.77047
73.7858
73.82018
73.8356
73.86993
73.88573
73.92033
73.93616
73.97017
73.98576
74.02066
74.03636
74.07111
74.08662
74.12089
74.13647
74.17119
74.18649
74.2209
74.23642
74.271
74.28682
74.32079
74.33727
74.37073
74.3875
74.42066
74.43792
74.4707
74.48823
74.5211
74.53855
74.57143
74.58819
74.62183
74.63788
74.6721
74.68813
74.72242
74.73807
74.77229
74.78774
74.82269
74.83814
74.87263
74.88826
74.92303
74.93817
74.97619
74.98852
75.02261
75.03813
75.07299
75.08786
75.12341
75.13764
75.17271
75.18774
75.22257
75.23737
75.27297
75.287
75.32265
75.3369
75.37303
75.38693
75.42345
75.43685
75.47309
75.48724
75.52335
75.53751
75.57324
75.58792
75.62303
75.63796
75.67343
75.68841
75.72367
75.73862
75.7741
75.78844
75.82388
75.8388
75.87437
75.88892
75.92427
75.939
75.97403
75.98887
76.02377
76.03931
76.0736
76.08907
76.12354
76.13869
76.17341
76.18857
76.22383
76.23905
76.27359
76.28886
76.32401
76.33866
76.3739
76.38832
76.42435
76.43795
76.47475
76.48766
76.52463
76.53728
76.57494
76.58691
76.62537
76.63683
76.67534
76.68649
76.72566
76.73611
76.77592
76.78643
76.82626
76.8367
76.87668
76.88642
76.92635
76.93617
76.97681
76.98664
77.02727
77.03638
77.07713
77.08669
77.12674
77.1363
77.17655
77.18763
77.22701
77.23598
77.27681
77.28564
77.32655
77.33562
77.37652
77.38544
77.42647
77.43556
77.47692
77.4857
77.52672
77.53604
77.57639
77.586
77.62679
77.63601
77.67665
77.68587
77.72666
77.73577
77.77666
77.78567
77.82708
77.83556
77.87724
77.88528
77.92687
77.93535
77.9768
77.98576
78.03094
78.03609
78.07734
78.08642
78.12711
78.13686
78.17647
78.18716
78.22633
78.23679
78.27615
78.28654
78.32602
78.33685
78.36622
78.38625
78.41605
78.43625
78.46649
78.48627
78.51624
78.53632
78.56613
78.58621
78.61644
78.63648
78.66608
78.68645
78.71585
78.73632
78.76572
78.78622
78.8157
78.83585
78.86378
78.88551
78.91357
78.93523
78.96331
78.98524
79.01344
79.03501
79.06331
79.08483
79.11317
79.13525
79.16357
79.1854
79.21358
79.23538
79.26324
79.28504
79.31324
79.33504
79.36304
79.38521
79.41278
79.43568
79.46304
79.48591
79.5131
79.5358
79.56277
79.58627
79.61317
79.63606
79.66361
79.68591
79.71374
79.73584
79.76354
79.78606
79.81387
79.83589
79.85536
79.88576
79.9051
79.93583
79.95521
79.98617
80.00523
80.0362
80.05536
80.08605
80.10516
80.13576
80.15523
80.1875
80.20541
80.23672
80.25523
80.28646
80.30555
80.33615
80.35602
80.38608
80.40576
80.43626
80.45541
80.48638
80.50509
80.53643
80.555
80.58651
80.60542
80.63685
80.65527
80.68713
80.70535
80.73676
80.75506
80.78664
80.80495
80.8363
80.855
80.88618
80.90518
80.93657
80.95486
80.98669
81.00479
81.03678
81.05633
81.08711
81.10475
81.13703
81.15526
81.18695
81.20428
81.23683
81.25394
81.28663
81.30414
81.33669
81.3544
81.38683
81.40441
81.43654
81.4546
81.48636
81.50426
81.53626
81.5447
81.58369
81.59435
81.63389
81.64424
81.68417
81.6944
81.73396
81.7442
81.784
81.79405
81.83404
81.84393
81.88409
81.89384
81.93417
81.94377
81.9843
81.9934
82.03429
82.04317
82.0845
82.09353
82.13489
82.14366
82.18462
82.19373
82.23468
82.24409
82.28459
82.29453
82.33456
82.3447
82.38508
82.39494
82.435
82.49503
82.48492
82.54499
82.5352
82.59538
82.58529
82.64509
82.63515
82.69483
82.68485
82.74453
82.73481
82.79419
82.78461
82.84416
82.83432
82.89404
82.88408
82.94384
82.93417
82.99348
82.98453
83.04319
83.03424
83.09289
83.08398
83.14295
83.1338
83.19331
83.18535
83.24324
83.23382
83.29322
83.28401
83.34315
83.33453
83.39291
83.38467
83.44337
83.43452
83.49368
83.48425
83.54391
83.53457
83.59402
83.58444
83.64381
83.63438
83.69387
83.68438
83.74389
83.73447
83.79411
83.78458
83.84377
83.8349
83.89383
83.88538
83.9437
83.93503
83.99416
83.9852
84.04389
84.03555
84.09367
84.08598
84.14354
84.13635
84.19347
84.18604
84.24474
84.23591
84.2933
84.28563
84.34317
84.33578
84.3935
84.38544
84.44276
84.43532
84.49312
84.48532
84.54276
84.5351
84.59314
84.58489
84.64295
84.63509
84.69315
84.68516
84.74319
84.73515
84.79302
84.78522
84.84299
84.83524
84.8928
84.88522
84.94267
84.93544
84.99241
84.98589
85.04266
85.03555
85.09278
85.08564
85.1426
85.1353
85.19275
85.18569
85.24274
85.23534
85.29272
85.28504
85.34308
85.33478
85.39286
85.38451
85.44258
85.43429
85.49251
85.48454
85.54292
85.53421
85.59298
85.58391
85.64272
85.6343
85.69271
85.68464
85.74237
85.73508
85.79268
85.78544
85.84261
85.83549
85.89254
85.88375
85.94239
85.93403
85.99211
85.98373
86.03432
86.03364
86.07587
86.07645
86.1198
86.1263
86.15594
86.1597
86.19296
86.19419
86.22643
86.22956
86.25835
86.26582
86.28503
86.29598
86.31184
86.32191
86.34454
86.3493
86.36607
86.36356
86.38509
86.3911
86.40318
86.40523
86.42627
86.42425
86.44172
86.44329
86.4632
86.47091
86.4812
86.48645
86.49927
86.51398
86.52802
86.53381
86.5444
86.55363
86.5704
86.56909
86.58493
86.58369
86.5993
86.60176
86.61343
86.61666
86.62836
86.63485
86.64417
86.65036
86.6591
86.66747
86.67806
86.68316
86.69137
86.69716
86.70296
86.71342
86.71841
86.72643
86.73422
86.74152
86.74726
86.75609
86.76131
86.76842
86.77253
86.78189
86.78398
86.79515
86.79713
86.81084
86.81022
86.82449
86.82516
86.83875
86.83996
86.85042
86.85326
86.86355
86.86809
86.87895
86.88159
86.8869
86.89505
86.90157
86.90615
86.91391
86.91691
86.92879
86.93089
86.93719
86.94346
86.94909
86.95746
86.96136
86.96925
86.97187
86.9827
86.9826
86.99386
86.99404
87.00423
87.00613
87.01726
87.02139
87.02997
87.02872
87.04372
87.04005
87.05637
87.05087
87.06666
87.06441
87.07589
87.07522
87.08808
87.08771
87.09919
87.10053
87.11363
87.10982
87.12499
87.12262
87.13857
87.13502
87.1507
87.14426
87.16383
87.15666
87.17724
87.16965
87.18652
87.17702
87.20132
87.19006
87.21588
87.20466
87.22795
87.21765
87.23975
87.23115
87.25365
87.24152
87.2653
87.25408
87.27754
87.2664
87.29043
87.27779
87.30196
87.28508
87.31759
87.29741
87.3273
87.30666
87.33897
87.31937
87.34636
87.33339
87.35995
87.34932
87.37337
87.36257
87.38425
87.37478
87.39516
87.38758
87.40251
87.39788
87.41283
87.41144
87.42265
87.42077
87.43197
87.43275
87.44412
87.44608
87.45928
87.458
87.46874
87.47177
87.48207
87.48386
87.49214
87.4911
87.50669
87.50039
87.52016
87.51366
87.53269
87.52743
87.54525
87.53797
87.55702
87.55121
87.56668
87.56558
87.57834
87.57466
87.58965
87.58768
87.60325
87.60287
87.61642
87.61378
87.6237
87.62624
87.63642
87.64054
87.64818
87.65314
87.66231
87.66479
87.6741
87.67818
87.70132
87.69377
87.7106
87.70751
87.72449
87.72041
87.73808
87.7337
87.75404
87.74623
87.7688
87.75553
87.77745
87.76733
87.79005
87.7818
87.80018
87.79211
87.80938
87.80134
87.81656
87.81161
87.8238
87.82192
87.83556
87.83112
87.85191
87.84029
87.8591
87.84949
87.86978
87.85978
87.88151
87.87319
87.89845
87.88876
87.9127
87.90739
87.93769
87.92236
87.94487
87.93517
87.9521
87.94744
87.96468
87.95837
87.97387
87.97282
87.99335
87.98391
88.0006
87.99887
88.00983
88.00983
88.01904
88.021
88.0317
88.02823
88.03891
88.0398
88.05056
88.05229
88.05978
88.06632
88.07243
88.07883
88.08507
88.09419
88.09248
88.10152
88.1059
88.11073
88.11934
88.11993
88.13634
88.12723
88.14596
88.13754
88.15533
88.1479
88.1627
88.16463
88.1732
88.17205
88.18382
88.1866
88.19922
88.19757
88.21415
88.21475
88.23991
88.22306
88.24744
88.2348
88.25807
88.24925
88.27611
88.25956
88.28731
88.27277
88.29662
88.28304
88.30777
88.29897
88.31815
88.3082
88.32551
88.31746
88.33691
88.32864
88.34427
88.34245
88.35357
88.35351
88.3609
88.36269
88.37273
88.37189
88.38203
88.3811
88.39168
88.39143
88.41822
88.40173
88.42975
88.41363
88.44397
88.44164
88.45613
88.462
88.47187
88.47465
88.4831
88.48399
88.49582
88.50349
88.51276
88.51083
88.5297
88.52428
88.54655
88.53824
88.55617
88.55009
88.57562
88.56286
88.58672
88.57816
88.60368
88.59198
88.62056
88.6012
88.63206
88.61536
88.65667
88.63843
88.66688
88.65189
88.68026
88.6641
88.69341
88.67746
88.70943
88.68929
88.72007
88.7021
88.72743
88.7127
88.73769
88.72339
88.74494
88.73682
88.75415
88.74608
88.76149
88.76003
88.78183
88.77255
88.79359
88.79198
88.81226
88.80106
88.83435
88.83243
88.859
88.84512
88.87947
88.86719
88.90603
88.88303
88.93333
88.91843
88.95639
88.93968
88.98094
88.97785
89.00216
88.99729
89.01996
89.00994
89.04369
89.03636
89.05692
89.04919
89.07066
89.05902
89.07811
89.07405
89.09114
89.08298
89.10307
89.09223
89.11499
89.10143
89.12522
89.11062
89.13246
89.11798
89.13969
89.12522
89.15245
89.14176
89.15984
89.15201
89.17317
89.16222
89.18006
89.16957
89.19422
89.18121
89.20341
89.18839
89.21075
89.19755
89.22241
89.20672
89.23166
89.2159
89.24195
89.22659
89.25589
89.23578
89.26515
89.24532
89.27689
89.25462
89.29084
89.26944
89.30388
89.28184
89.31647
89.29111
89.33096
89.3028
89.3382
89.31544
89.34742
89.33051
89.35813
89.34078
89.36989
89.35247
89.38015
89.36172
89.38941
89.373
89.39973
89.38041
89.41002
89.38968
89.41929
89.3989
89.42851
89.40609
89.43578
89.41331
89.44299
89.42255
89.45018
89.43284
89.45742
89.44198
89.46468
89.45367
89.47191
89.46449
89.49035
89.4762
89.49948
89.48647
89.5134
89.49391
89.52374
89.5042
89.5383
89.5154
89.54568
89.52467
89.55291
89.53497
89.56013
89.54422
89.56739
89.55666
89.5746
89.56935
89.58384
89.57855
89.59108
89.58594
89.60162
89.59527
89.61193
89.61201
89.62524
89.62128
89.63268
89.63051
89.6423
89.63977
89.65685
89.65431
89.66908
89.66742
89.67934
89.68144
89.68859
89.69478
89.70187
89.70435
89.71115
89.71468
89.72564
89.72803
89.73631
89.73811
89.74495
89.75001
89.755
89.7573
89.76788
89.76762
89.78054
89.78215
89.79081
89.78959
89.80254
89.80222
89.81284
89.81144
89.82446
89.82175
89.83703
89.83057
89.84444
89.84286
89.85165
89.85207
89.8589
89.8614
89.86923
89.874
89.87953
89.88139
89.8888
89.89063
89.90057
89.89797
89.90791
89.9052
89.91951
89.91444
89.92684
89.92369
89.93612
89.93291
89.94643
89.94015
89.95817
89.9494
89.96746
89.96186
89.97918
89.97357
89.98658
89.98279
89.99685
89.99207
