0.007680404
0.007706703
0.02168873
0.02308559
0.03504842
0.03498494
0.04738169
0.05071808
0.05679373
0.06597619
0.07052695
0.08011747
0.08296601
0.09083781
0.09716777
0.1025002
0.1100299
0.1158332
0.1195258
0.1279036
0.1333859
0.1395724
0.1476395
0.148249
0.161306
0.1633154
0.1745245
0.1784672
0.1869241
0.1923108
0.1999821
0.2050814
0.2133694
0.2198495
0.2263067
0.232172
0.2364855
0.2460717
0.2452497
0.2598734
0.2605892
0.2713565
0.2705095
0.2810837
0.2830386
0.2944416
0.2979216
0.3087455
0.3100815
0.322018
0.3243416
0.3337031
0.3385392
0.3478403
0.3500452
0.3623461
0.3615783
0.3732693
0.3720489
0.3883038
0.3859757
0.3989661
0.3954755
0.4089368
0.4086062
0.42097
0.4181872
0.4346297
0.4313102
0.4475026
0.4429013
0.4591417
0.4518051
0.4716291
0.4586323
0.4808747
0.4693757
0.4961679
0.4816902
0.5083951
0.493246
0.5245505
0.5071479
0.5386897
0.5202496
0.5474214
0.5354059
0.5614434
0.5478258
0.5728911
0.5613754
0.5859575
0.5679797
0.6007532
0.5766191
0.6151466
0.5875062
0.6302671
0.6002767
0.6426415
0.6138265
0.6576998
0.6286492
0.671364
0.6408863
0.6823429
0.6553526
0.696557
0.669494
0.7120984
0.6808084
0.7265522
0.6959078
0.7406331
0.7083033
0.7549725
0.7222863
0.7693012
0.735438
0.7820318
0.7500255
0.7957923
0.7630355
0.8098065
0.77811
0.819956
0.7909703
0.8295435
0.8054467
0.8389038
0.8122905
0.8492596
0.826086
0.8585721
0.8389732
0.8717697
0.8502271
0.8804653
0.8628831
0.8958586
0.8756036
0.9093582
0.888566
0.9173954
0.8995531
0.9295329
0.9129736
0.9403344
0.9217735
0.9524843
0.9341502
0.9669903
0.9467435
0.9811963
0.9596015
0.9969269
0.9739324
1.008229
0.9859592
1.021139
0.9980341
1.037834
1.014663
1.05328
1.028177
1.0673
1.042093
1.080604
1.058937
1.094422
1.073405
1.115676
1.090501
1.128005
1.104952
1.140197
1.114508
1.153734
1.130175
1.165567
1.143966
1.180366
1.157541
1.187072
1.171216
1.201607
1.184473
1.210232
1.191501
1.219299
1.203431
1.229499
1.214627
1.239949
1.223289
1.250098
1.234506
1.261497
1.243172
1.268266
1.252147
1.276897
1.26087
1.285533
1.272472
1.294297
1.281923
1.307497
1.288682
1.318563
1.297662
1.327253
1.304425
1.335867
1.314228
1.344692
1.320814
1.357081
1.329524
1.367804
1.338766
1.377451
1.352039
1.386122
1.360728
1.394695
1.369334
1.40334
1.375904
1.411961
1.384637
1.422161
1.395939
1.428961
1.404626
1.442408
1.411214
1.449152
1.42042
1.45576
1.429169
1.464385
1.435748
1.472941
1.442326
1.479678
1.450969
1.486295
1.461036
1.494884
1.467636
1.50349
1.476355
1.512192
1.489152
1.520827
1.497835
1.529423
1.50643
1.538005
1.516022
1.54476
1.525092
1.555159
1.533767
1.561922
1.540367
1.57068
1.550166
1.582082
1.556946
1.59105
1.567833
1.597804
1.579802
1.607425
1.588487
1.614181
1.597099
1.623054
1.603864
1.63202
1.612482
1.642993
1.619234
1.652957
1.628206
1.661539
1.634794
1.671592
1.645412
1.678157
1.663687
1.686867
1.670256
1.695557
1.676851
1.706944
1.688287
1.717955
1.696947
1.724591
1.70568
1.733289
1.71243
1.742755
1.721031
1.749513
1.727806
1.759459
1.734364
1.768127
1.740945
1.774888
1.747531
1.784189
1.75616
1.790977
1.7648
1.799608
1.774797
1.806345
1.781546
1.812931
1.788119
1.821607
1.794896
1.830391
1.803559
1.839003
1.812203
1.845805
1.824002
1.859807
1.832723
1.868658
1.844747
1.875221
1.853351
1.881802
1.862018
1.890579
1.870805
1.901185
1.880628
1.907949
1.88969
1.91912
1.898352
1.928815
1.905094
1.937401
1.911681
1.946019
1.92034
1.952644
1.929072
1.96127
1.935652
1.967854
1.944282
1.976798
1.950849
1.985418
1.957678
1.992173
1.972878
2.00087
1.981582
2.009547
1.990222
2.016284
1.998913
2.025074
2.008427
2.035538
2.015227
2.04445
2.024331
2.053067
2.033314
2.059616
2.039872
2.066248
2.046293
2.079732
2.05873
2.086343
2.068026
2.092935
2.080532
2.101945
2.089192
2.111949
2.097911
2.120617
2.106554
2.131567
2.115189
2.14285
2.126743
2.151662
2.135545
2.163837
2.148411
2.172535
2.159044
2.184051
2.167732
2.192712
2.176555
2.201349
2.186489
2.21324
2.19331
2.221941
2.205462
2.228523
2.216718
2.237194
2.227587
2.246214
2.236286
2.254881
2.245942
2.263468
2.252523
2.272147
2.263157
2.280947
2.273744
2.293399
2.282289
2.302434
2.288862
2.309186
2.295476
2.317852
2.304249
2.326583
2.314801
2.335187
2.327599
2.341745
2.340088
2.350533
2.349555
2.361194
2.358554
2.36777
2.36722
2.376382
2.377008
2.383138
2.38842
2.394003
2.39522
2.402634
2.40382
2.411387
2.412449
2.420077
2.421134
2.428812
2.427921
2.439241
2.436586
2.445972
2.445867
2.45258
2.456085
2.459144
2.464806
2.465536
2.474018
2.471929
2.482661
2.478338
2.489414
2.48701
2.498882
2.493596
2.508617
2.502187
2.518465
2.508773
2.527083
2.519329
2.535798
2.528343
2.547817
2.535076
2.556535
2.541642
2.567151
2.548209
2.573903
2.557197
2.583463
2.565913
2.593113
2.574523
2.599848
2.585793
2.606417
2.594429
2.613184
2.604117
2.622867
2.612772
2.631873
2.621392
2.638446
2.627974
2.647073
2.637807
2.656483
2.649513
2.666909
2.661006
2.675591
2.667767
2.684327
2.676433
2.691103
2.683027
2.702202
2.69545
2.710833
2.707857
2.717587
2.714608
2.727499
2.723595
2.737316
2.735503
2.749591
2.742074
2.761405
2.750789
2.770061
2.757562
2.776613
2.764119
2.783213
2.770708
2.795455
2.781606
2.804238
2.791597
2.814867
2.80023
2.825716
2.808836
2.83247
2.815405
2.84152
2.824072
2.850465
2.833271
2.857211
2.840046
2.866189
2.852125
2.874799
2.858856
2.883442
2.865448
2.893981
2.877123
2.900723
2.886383
2.909539
2.894997
2.918145
2.906401
2.924928
2.917321
2.931516
2.925984
2.940439
2.936517
2.947188
2.945536
2.957846
2.954202
2.964611
2.963566
2.973296
2.970335
2.980031
2.98232
2.98661
2.992653
2.995391
2.999238
3.005743
3.0092
3.012506
3.015786
3.021111
3.024467
3.027876
3.034983
3.036561
3.041725
3.046459
3.050425
3.056139
3.059097
3.062925
3.067734
3.074098
3.074467
3.083798
3.081046
3.092408
3.087653
3.101074
3.096332
3.107831
3.10765
3.119395
3.114392
3.128074
3.123039
3.140106
3.129771
3.146837
3.136333
3.153398
3.145089
3.160006
3.153799
3.169271
3.162426
3.179208
3.16918
3.187785
3.178449
3.19824
3.190958
3.204798
3.202319
3.211363
3.210912
3.21794
3.217464
3.227332
3.224089
3.23594
3.234864
3.242673
3.24853
3.249241
3.257197
3.255806
3.266313
3.262241
3.274986
3.270868
3.288361
3.280106
3.298635
3.292138
3.305196
3.298724
3.313852
3.307315
3.322501
3.314071
3.331126
3.323869
3.340128
3.33532
3.346697
3.341892
3.355395
3.350656
3.363969
3.35925
3.370525
3.367956
3.377088
3.376911
3.383659
3.385489
3.392317
3.39732
3.402529
3.40799
3.414729
3.419402
3.423328
3.432254
3.434462
3.442493
3.44489
3.449089
3.457094
3.461168
3.465661
3.469776
3.476908
3.478634
3.486946
3.490136
3.495516
3.498825
3.504051
3.509913
3.51066
3.522587
3.524565
3.535573
3.534816
3.547901
3.543507
3.556459
3.556898
3.569028
3.565789
3.577844
3.576046
3.591667
3.588826
3.6036
3.598507
3.617052
3.607457
3.629985
3.618784
3.641526
3.630505
3.651066
3.644502
3.662836
3.656977
3.671398
3.66561
3.677998
3.679235
3.689331
3.691174
3.702698
3.69777
3.714785
3.707814
3.726772
3.716842
3.738699
3.72544
3.750684
3.734021
3.761846
3.745173
3.774619
3.755885
3.78896
3.764456
3.801704
3.77811
3.816114
3.790693
3.824728
3.80134
3.837997
3.813226
3.851565
3.825988
3.8637
3.834969
3.878596
3.845143
3.892062
3.85452
3.905039
3.869303
3.917709
3.881653
3.928419
3.893172
3.943109
3.904769
3.955238
3.918512
3.967247
3.925118
3.979246
3.938037
3.987812
3.950354
3.999955
3.964972
4.008526
3.97563
4.020772
3.984241
4.033025
3.995903
4.04464
4.005223
4.058238
4.015739
4.069458
4.027918
4.07871
4.040985
4.091906
4.056093
4.102849
4.069052
4.115899
4.080955
4.125298
4.091842
4.135037
4.105816
4.147924
4.115216
4.160097
4.124404
4.17321
4.137104
4.187037
4.145649
4.198643
4.156048
4.207184
4.16283
4.216898
4.172032
4.230248
4.180959
4.240313
4.191881
4.249049
4.202895
4.261226
4.215166
4.274026
4.226881
4.28728
4.241018
4.299363
4.253913
4.312713
4.267092
4.324952
4.282012
4.334054
4.295608
4.346303
4.309245
4.357843
4.324999
4.372374
4.340713
4.386053
4.352502
4.397888
4.369481
4.411512
4.384712
4.426306
4.397958
4.432787
4.414078
4.444416
4.427177
4.455784
4.442536
4.471892
4.459479
4.482878
4.475348
4.494385
4.488416
4.501785
4.501576
4.51501
4.514949
4.52931
4.523663
4.535982
4.538261
4.549743
4.548433
4.566848
4.560064
4.580221
4.575231
4.5935
4.588234
4.606612
4.602155
4.620306
4.616442
4.631751
4.631775
4.646153
4.644019
4.665753
4.657897
4.677048
4.670478
4.694081
4.682605
4.713645
4.698622
4.728446
4.712761
4.747902
4.727362
4.758973
4.742573
4.775941
4.758826
4.788114
4.77482
4.804211
4.789028
4.818909
4.802806
4.837888
4.818527
4.859831
4.83237
4.877906
4.851007
4.891445
4.87057
4.906245
4.885392
4.920432
4.899359
4.933002
4.916333
4.947165
4.929866
4.963498
4.946958
4.977901
4.960536
4.994896
4.984406
5.011199
5.005868
5.026733
5.019866
5.046362
5.045694
5.062564
5.06369
5.081234
5.085052
5.097853
5.104416
5.125641
5.120089
5.140375
5.136955
5.162134
5.156698
5.174374
5.173729
5.18924
5.191733
5.205506
5.212282
5.221598
5.226717
5.23636
5.246423
5.255206
5.264534
5.269824
5.292607
5.286069
5.319061
5.306606
5.34069
5.321149
5.381824
5.343361
5.414295
5.359675
5.453019
5.387883
5.484353
5.410501
5.54175
5.446496
5.570085
5.471394
5.602646
5.499672
5.719658
5.533828
5.745191
5.555123
5.776422
5.58101
5.809792
5.615099
5.842282
5.630419
5.872927
5.703743
5.89946
5.72263
5.924733
5.744067
5.958278
5.76981
5.978017
5.828383
6.001008
5.863829
6.018997
5.910734
6.042263
5.933748
6.069417
5.957979
6.088549
6.000083
6.12034
6.034677
6.140984
6.072623
6.161679
6.105129
6.184655
6.133285
6.205276
6.164126
6.22519
6.19529
6.25685
6.232114
6.283476
6.250955
6.313411
6.294196
6.357145
6.328089
6.387011
6.375998
6.429706
6.406353
6.465651
6.456752
6.5062
6.501685
6.547378
6.549129
6.59219
6.591149
6.638874
6.640669
6.681053
6.675539
6.724393
6.72594
6.774673
6.776035
6.824836
6.826127
6.922424
6.876278
6.970968
6.926679
7.016134
6.976363
7.066306
7.026654
7.116636
7.076408
7.167041
7.176367
7.217265
7.226001
7.317319
7.275873
7.367563
7.326245
7.417571
7.375981
7.467195
7.425936
7.517565
7.476391
7.567646
7.526663
7.617851
7.577068
7.66819
7.626838
7.718562
7.72706
7.768502
7.776884
7.818255
7.82706
7.86869
7.877392
7.919186
7.927434
7.969181
7.977679
8.019053
8.027368
8.068881
8.077757
8.119229
8.127636
8.169681
8.177458
8.219981
8.227682
8.269961
8.27809
8.319912
8.328121
8.369913
8.378054
8.420112
8.427767
8.469844
8.477612
8.569813
8.527558
8.620153
8.577566
8.669752
8.627297
8.719501
8.677096
8.769159
8.726914
8.818954
8.776834
8.868824
8.826539
8.918855
8.876748
8.968816
8.976776
9.018622
9.027209
9.068426
9.07757
9.11813
9.127497
9.167928
9.227613
9.217735
9.277349
9.268136
9.327061
9.31803
9.376863
9.367741
9.476418
9.418089
9.526394
9.467879
9.576339
9.517655
9.626166
9.567692
9.676165
9.617603
9.726556
9.66774
9.776719
9.717847
9.82668
9.767456
9.876421
9.817267
9.926162
9.867548
9.976
9.917817
10.02635
9.968149
10.07674
10.018
10.12668
10.06773
10.17682
10.11822
10.22654
10.1678
10.2766
10.21751
10.37609
10.26772
10.42586
10.31741
10.47588
10.36766
10.5256
10.41752
10.57559
10.46787
10.62542
10.51754
10.67514
10.56721
10.72531
10.6176
10.7757
10.66787
10.82553
10.71827
10.87585
10.768
10.97654
10.81791
11.02677
10.86783
11.07659
10.91817
11.12621
10.96804
11.17654
11.01777
11.22637
11.06772
11.27619
11.11057
11.32653
11.16039
11.37613
11.21024
11.42583
11.26053
11.4755
11.36056
11.52527
11.41099
11.57486
11.46096
11.62472
11.56106
11.6745
11.61085
11.72486
11.66083
11.77497
11.71105
11.82529
11.7615
11.87573
11.81184
11.9256
11.86212
11.97531
11.91183
12.01655
11.95139
12.06658
12.0015
12.11629
12.04528
12.16598
12.09545
12.21635
12.14507
12.26605
12.19541
12.31586
12.24516
12.36592
12.29521
12.41583
12.34503
12.46575
12.39531
12.51615
12.4455
12.56601
12.49587
12.6157
12.54554
12.66536
12.59589
12.71534
12.64597
12.76562
12.69631
12.81548
12.7467
12.86516
12.84741
12.91563
12.89777
12.9659
12.9481
13.01564
12.99804
13.06622
13.04743
13.11544
13.09777
13.16531
13.14777
13.21517
13.19755
13.26479
13.24753
13.31443
13.29743
13.36428
13.34734
13.4141
13.39733
13.46387
13.44693
13.51415
13.54633
13.56386
13.59634
13.61396
13.64634
13.6644
13.69644
13.71414
13.74666
13.76383
13.79646
13.81417
13.84681
13.8645
13.89707
13.91463
13.94726
13.96462
13.99701
14.0146
14.04745
14.11444
14.09784
14.16405
14.14747
14.21372
14.19751
14.31359
14.24725
14.36342
14.29699
14.41362
14.34748
14.46329
14.39712
14.5136
14.44725
14.56362
14.49772
14.61353
14.54746
14.6637
14.64744
14.71386
14.6973
14.76411
14.74712
14.814
14.79747
14.86411
14.84786
14.91443
14.89797
14.96452
14.94832
15.0145
14.99839
15.06448
15.04859
15.1149
15.09827
15.16487
15.14856
15.21518
15.19825
15.26511
15.24813
15.31337
15.29816
15.36305
15.3479
15.41267
15.39833
15.46238
15.448
15.512
15.49846
15.56175
15.54833
15.6115
15.59804
15.66179
15.64769
15.71213
15.69778
15.76237
15.74791
15.81286
15.79798
15.86319
15.84776
15.91357
15.89812
15.96389
15.94839
16.01417
15.99872
16.06419
16.04837
16.11436
16.09872
16.16459
16.14836
16.21491
16.20088
16.26566
16.24958
16.31543
16.29951
16.36549
16.3494
16.46624
16.3996
16.51597
16.44936
16.56583
16.49938
16.61571
16.5493
16.66554
16.59938
16.71524
16.64956
16.76548
16.6997
16.8151
16.74983
16.86507
16.79983
16.91553
16.85027
16.96524
16.90076
17.01537
16.95111
17.06564
17.00142
17.11597
17.05108
17.16595
17.10104
17.21624
17.15081
17.26614
17.20119
17.31254
17.24654
17.3624
17.29666
17.41222
17.34635
17.46186
17.39642
17.51163
17.44613
17.56159
17.49647
17.61132
17.5465
17.6616
17.59686
17.71176
17.64673
17.76207
17.69638
17.81183
17.74668
17.86168
17.79695
17.91185
17.84672
17.96156
17.8964
18.01126
17.9462
18.06113
17.99627
18.11115
18.04659
18.16141
18.09647
18.21151
18.14634
18.26116
18.19671
18.31149
18.24668
18.3618
18.29715
18.41195
18.3468
18.46162
18.39667
18.51126
18.44695
18.56092
18.49734
18.61086
18.54717
18.66058
18.59734
18.71082
18.64775
18.76104
18.69793
18.81127
18.74807
18.8616
18.79854
18.91134
18.84861
18.96137
18.89898
19.01126
18.94917
19.0614
18.99957
19.11114
19.04985
19.16131
19.09954
19.21145
19.1499
19.26133
19.20032
19.31157
19.25046
19.362
19.30086
19.41224
19.35132
19.46211
19.40136
19.51244
19.45173
19.56213
19.50196
19.61252
19.55162
19.66216
19.60131
19.7125
19.65344
19.76293
19.70246
19.8622
19.75257
19.91265
19.80225
19.96302
19.8519
20.01326
19.90222
20.06297
19.95256
20.11264
20.00242
20.16306
20.05284
20.21318
20.10289
20.26318
20.15303
20.31345
20.20279
20.36386
20.25295
20.41362
20.3027
20.46357
20.35235
20.51365
20.44649
20.56381
20.49631
20.61349
20.54614
20.66323
20.5959
20.71368
20.69634
20.76409
20.74603
20.8145
20.79613
20.86483
20.84581
20.91521
20.89543
20.96518
20.94576
21.01498
20.99611
21.06536
21.04576
21.11534
21.09595
21.16564
21.1461
21.21577
21.19654
21.26538
21.24689
21.31521
21.2967
21.36564
21.3468
21.41573
21.39703
21.46577
21.44723
21.51592
21.49696
21.56587
21.54742
21.61614
21.59763
21.66594
21.64795
21.71642
21.69825
21.76683
21.74843
21.81722
21.79812
21.86683
21.84816
21.917
21.89851
21.96721
21.94856
22.01689
21.99901
22.06716
22.04927
22.11725
22.09962
22.16761
22.14928
22.21742
22.19959
22.26709
22.29974
22.31679
22.34946
22.36683
22.39935
22.41662
22.44964
22.46649
22.50001
22.51615
22.55045
22.56653
22.60081
22.61658
22.65066
22.66632
22.70073
22.70651
22.75079
22.75645
22.77131
22.80614
22.82139
22.85278
22.87121
22.90287
22.92084
22.95284
22.97083
23.00278
23.02084
23.05287
23.07047
23.10273
23.1208
23.15274
23.17058
23.20399
23.22233
23.25237
23.27153
23.28421
23.3216
23.38434
23.37196
23.43434
23.42213
23.48481
23.47219
23.53523
23.52197
23.58564
23.57213
23.63572
23.6218
23.68571
23.6718
23.73545
23.72143
23.78551
23.77181
23.83593
23.8203
23.88599
23.86996
23.93619
23.91992
23.98652
23.96965
24.03663
24.02004
24.08626
24.07009
24.13651
24.12017
24.18665
24.17057
24.23638
24.21705
24.28609
24.26683
24.33645
24.31002
24.38672
24.36015
24.43683
24.40991
24.48718
24.45955
24.53756
24.50984
24.58796
24.56004
24.63845
24.60981
24.68884
24.66011
24.73858
24.70983
24.78832
24.75949
24.83863
24.80911
24.88828
24.8594
24.93829
24.9096
24.98827
24.95975
25.03794
25.01007
25.08835
25.06004
25.13858
25.11037
25.18876
25.16008
25.23896
25.20984
25.28944
25.25949
25.33962
25.30944
25.38923
25.35922
25.43931
25.40943
25.48935
25.45922
25.53941
25.5097
25.58967
25.55943
25.63947
25.60968
25.68914
25.65995
25.73934
25.71029
25.78956
25.76059
25.89003
25.81053
25.9402
25.86033
25.99057
25.91039
26.04047
25.96014
26.09016
26.0104
26.14036
26.06082
26.19036
26.1112
26.24066
26.16166
26.29116
26.21199
26.34103
26.26201
26.39102
26.31219
26.44079
26.36195
26.49081
26.4123
26.54072
26.4626
26.59094
26.51293
26.64073
26.56259
26.69247
26.61286
26.74127
26.66257
26.79126
26.71298
26.84146
26.76321
26.89164
26.81368
26.94146
26.86354
26.99121
26.9139
27.04085
26.964
27.09067
27.01377
27.1408
27.06406
27.19067
27.1144
27.24065
27.16457
27.29084
27.21479
27.341
27.26482
27.39063
27.36553
27.4408
27.41597
27.49091
27.46609
27.54124
27.51631
27.59163
27.56613
27.64194
27.61653
27.69164
27.66659
27.74133
27.71637
27.79153
27.76622
27.84176
27.81648
27.89156
27.86677
27.9416
27.91652
27.9918
27.96651
28.04143
28.01662
28.09126
28.06631
28.14158
28.11501
28.18476
28.16238
28.23498
28.21262
28.28493
28.26311
28.33498
28.31302
28.38523
28.3631
28.43495
28.40845
28.47095
28.45828
28.52117
28.50803
28.57104
28.54757
28.62044
28.5941
28.67023
28.64435
28.72052
28.69477
28.77098
28.74522
28.82136
28.7951
28.87151
28.84475
28.92192
28.89488
28.97225
28.94515
29.02191
28.9949
29.07197
29.04457
29.12162
29.09469
29.17181
29.1448
29.22221
29.19447
29.2721
29.24496
29.32183
29.29524
29.37201
29.34557
29.42215
29.3952
29.47241
29.44542
29.52251
29.49553
29.5728
29.5455
29.62262
29.59573
29.67297
29.64548
29.71117
29.69579
29.75989
29.73835
29.80994
29.78849
29.86026
29.83415
29.90992
29.88454
29.95856
29.93226
30.00219
29.96818
30.05
30.01785
30.08526
30.05542
30.13502
30.10513
30.18463
30.15481
30.23454
30.20502
30.2844
30.25522
30.33467
30.30553
30.3849
30.35564
30.43536
30.40579
30.48496
30.45568
30.53476
30.50494
30.585
30.55482
30.63549
30.60448
30.6852
30.65452
30.73508
30.70492
30.78494
30.75479
30.83481
30.80441
30.88448
30.85401
30.93414
30.90374
30.98398
30.95417
31.03382
31.00451
31.0842
31.05466
31.13385
31.10507
31.18352
31.15551
31.23332
31.20585
31.28357
31.25558
31.33331
31.30593
31.38345
31.4059
31.43378
31.50559
31.48347
31.55529
31.53364
31.65599
31.58345
31.70637
31.63326
31.75656
31.6835
31.80662
31.72618
31.85371
31.77622
31.90333
31.8209
31.94346
31.87109
31.99365
31.92104
32.04372
31.97091
32.09356
32.02132
32.14377
32.07137
32.19395
32.12186
32.24428
32.17219
32.29458
32.22237
32.34462
32.272
32.39489
32.32218
32.44495
32.37249
32.49482
32.42239
32.54498
32.47208
32.59535
32.52238
32.64555
32.5727
32.69544
32.62273
32.74511
32.67291
32.79543
32.72298
32.8458
32.77322
32.8962
32.82291
32.94617
32.87267
32.99628
32.92242
33.04618
32.97284
33.09611
33.02288
33.14603
33.12371
33.19648
33.17335
33.24648
33.22353
33.29634
33.27381
33.3463
33.32344
33.39669
33.37358
33.44647
33.42337
33.49661
33.47351
33.54674
33.52351
33.5965
33.62396
33.64622
33.67516
33.6977
33.72377
33.74686
33.77344
33.79662
33.82347
33.84672
33.87334
33.89656
33.92362
33.94702
33.97339
33.997
34.02308
34.04674
34.07352
34.09639
34.12346
34.1466
34.17361
34.19696
34.22352
34.24668
34.27353
34.29659
34.32363
34.34686
34.37369
34.39706
34.4239
34.44718
34.47414
34.49709
34.52427
34.5474
34.57427
34.59732
34.62453
34.64741
34.67468
34.69781
34.72507
34.74788
34.77468
34.79775
34.82502
34.84797
34.87515
34.89795
34.92555
34.94817
34.97528
34.99844
35.07494
35.04814
35.12465
35.09851
35.17492
35.14893
35.22497
35.19901
35.27533
35.24873
35.32521
35.2986
35.3755
35.3488
35.4258
35.39906
35.47599
35.44938
35.52634
35.4994
35.5767
35.54933
35.62708
35.59916
35.67674
35.64905
35.72645
35.6993
35.77627
35.7492
35.82614
35.79889
35.87653
35.84911
35.9268
35.89937
35.97646
35.94926
36.02617
35.99903
36.07582
36.04896
36.12546
36.09858
36.1757
36.1483
36.22616
36.24818
36.27604
36.2985
36.32626
36.34874
36.37604
36.39915
36.42653
36.44916
36.47682
36.49952
36.52716
36.54929
36.57761
36.59916
36.62799
36.64878
36.67794
36.69843
36.72832
36.74816
36.77795
36.79796
36.82785
36.84828
36.87761
36.89798
36.92777
36.95051
36.97985
36.99849
37.02884
37.04834
37.07912
37.098
37.12937
37.1479
37.17955
37.19809
37.22997
37.24841
37.28035
37.29867
37.33027
37.34834
37.38005
37.3987
37.42977
37.44834
37.4801
37.49801
37.52988
37.5477
37.57954
37.59795
37.62987
37.64839
37.67991
37.69874
37.73002
37.74874
37.77977
37.79886
37.82973
37.8488
37.88014
37.89843
37.92984
37.94323
37.97984
37.99319
38.03001
38.04295
38.0802
38.09316
38.12989
38.14273
38.17983
38.19239
38.28072
38.24281
38.3304
38.29294
38.38079
38.34327
38.431
38.39308
38.48066
38.44272
38.53073
38.49286
38.58075
38.54259
38.63068
38.59285
38.73093
38.64252
38.781
38.69252
38.83142
38.7428
38.88116
38.79272
38.93072
38.84317
38.98101
38.89284
39.03108
38.9432
39.08124
38.99285
39.13106
39.04286
39.1718
39.09271
39.22211
39.12537
39.25295
39.1752
39.30307
39.2252
39.35311
39.27506
39.40284
39.3253
39.43006
39.36419
39.47983
39.40243
39.50854
39.44774
39.54414
39.48164
39.57641
39.50416
39.60552
39.52778
39.63367
39.56616
39.66848
39.60178
39.69372
39.63429
39.73659
39.67464
39.76612
39.69871
39.80483
39.74458
39.85039
39.78078
39.90043
39.83098
39.95058
39.88144
40.00018
39.93171
40.0503
39.98205
40.10002
40.03246
40.1498
40.08283
40.20018
40.13289
40.25004
40.18306
40.2999
40.23343
40.35026
40.28374
40.40056
40.33378
40.45065
40.38415
40.50078
40.43423
40.55099
40.4845
40.60115
40.53497
40.65146
40.58469
40.70135
40.63458
40.75109
40.68518
40.80058
40.73508
40.85079
40.83465
40.90105
40.88464
40.95079
40.93442
41.00071
40.98424
41.05035
41.03435
41.10075
41.0848
41.1505
41.13474
41.20036
41.17898
41.25003
41.22876
41.30007
41.27909
41.35023
41.37891
41.40003
41.42861
41.45047
41.47873
41.50035
41.529
41.55068
41.57866
41.60113
41.62901
41.65125
41.67917
41.70087
41.72882
41.75124
41.77889
41.80091
41.82874
41.85113
41.87843
41.90142
41.92856
41.9511
41.97838
42.00155
42.02868
42.0518
42.07887
42.10202
42.12861
42.15234
42.17849
42.20246
42.22869
42.25214
42.27867
42.30239
42.32907
42.3526
42.37941
42.40236
42.42968
42.45255
42.47932
42.50255
42.52968
42.55222
42.57979
42.60258
42.62973
42.65231
42.67966
42.70215
42.72985
42.75184
42.77966
42.80171
42.82945
42.85132
42.87925
42.901
42.92953
42.95119
42.97985
43.001
43.03033
43.05132
43.08038
43.10171
43.13012
43.15173
43.17997
43.20184
43.22792
43.25219
43.27817
43.2907
43.32805
43.34057
43.37801
43.39059
43.42813
43.44098
43.47799
43.4915
43.52833
43.54161
43.57869
43.59168
43.62886
43.64192
43.67873
43.69226
43.72879
43.74193
43.77871
43.79184
43.82857
43.84151
43.87853
43.89137
43.92846
43.94167
43.97824
43.99243
44.0289
44.04258
44.0787
44.09278
44.12844
44.14265
44.17819
44.19299
44.22797
44.24302
44.27804
44.29273
44.32769
44.3424
44.3779
44.39231
44.4277
44.44273
44.47795
44.49293
44.52761
44.54329
44.57745
44.59318
44.62784
44.64296
44.67815
44.69291
44.72848
44.74282
44.77836
44.79308
44.82835
44.84315
44.8787
44.89355
44.92843
44.94375
44.97822
44.99419
45.0279
45.04456
45.07804
45.09429
45.12814
45.14423
45.1785
45.19448
45.22847
45.2443
45.27827
45.29405
45.32814
45.34414
45.37813
45.39414
45.42813
45.44396
45.47828
45.49418
45.52817
45.54403
45.57802
45.59441
45.62769
45.69476
45.67753
45.74447
45.72766
45.79462
45.7781
45.84483
45.82853
45.89457
45.87859
45.94497
45.92893
45.99534
45.97936
46.04577
46.02975
46.09575
46.08023
46.14543
46.12987
46.19539
46.1798
46.24555
46.22941
46.29529
46.27928
46.34499
46.32928
46.39536
46.37946
46.44532
46.42988
46.49547
46.48033
46.54563
46.53066
46.5955
46.58094
46.6455
46.6306
46.69587
46.68097
46.74561
46.73087
46.79564
46.78109
46.84578
46.83134
46.89592
46.88105
46.94576
46.93085
46.99559
46.98064
47.04593
47.03081
47.09575
47.08044
47.14586
47.13072
47.19624
47.1809
47.24638
47.23066
47.29654
47.28083
47.34691
47.33088
47.39734
47.3808
47.44724
47.43058
47.49766
47.48067
47.5476
47.53123
47.59774
47.58133
47.64778
47.63157
47.6982
47.68177
47.74806
47.73184
47.7984
47.78171
47.84874
47.83212
47.89861
47.88253
47.94893
47.93219
47.99937
47.98259
48.04922
48.03244
48.09904
48.08224
48.14918
48.13186
48.19925
48.18199
48.24959
48.23213
48.2993
48.28225
48.34903
48.33195
48.39906
48.38166
48.44946
48.43129
48.49923
48.48138
48.54885
48.53135
48.59866
48.58174
48.64895
48.63214
48.69922
48.68183
48.74899
48.73182
48.79902
48.78152
48.84892
48.83136
48.89932
48.88112
48.94902
48.93116
48.99878
48.98144
49.04839
49.03177
49.09832
49.0821
49.14825
49.18275
49.19795
49.23256
49.24794
49.28287
49.29805
49.33329
49.34829
49.3834
49.3983
49.43384
49.44818
49.48417
49.49805
49.53446
49.54845
49.58422
49.59817
49.63456
49.64854
49.68423
49.69898
49.7347
49.74877
49.78463
49.79923
49.83454
49.84948
49.88447
49.89997
49.93476
49.9498
49.9846
50.00009
50.03437
50.05036
50.08448
50.15096
50.13435
50.2009
50.18448
50.2513
50.23487
50.30133
50.2851
50.35114
50.33526
50.40088
50.38536
50.45135
50.43551
50.50327
50.48589
50.55172
50.53626
50.60213
50.58788
50.65196
50.63708
50.70166
50.68746
50.75142
50.73684
50.80182
50.78706
50.85196
50.83755
50.90192
50.88781
50.95179
50.93793
51.00168
50.98801
51.05202
51.03786
51.10239
51.08765
51.15215
51.13735
51.20207
51.1872
51.25224
51.23706
51.3024
51.28751
51.35219
51.33778
51.40208
51.38823
51.45248
51.43791
51.50213
51.48767
51.55193
51.53777
51.60187
51.58818
51.65231
51.63861
51.70206
51.68896
51.75245
51.7394
51.80261
51.78917
51.85287
51.8392
51.9033
51.88936
51.95337
51.93976
52.00301
51.9898
52.05264
52.04027
52.10225
52.08987
52.15211
52.13986
52.20186
52.18957
52.25179
52.23949
52.3022
52.28976
52.35198
52.34006
52.4019
52.4404
52.45153
52.49071
52.50197
52.54052
52.55204
52.59085
52.6017
52.64069
52.65132
52.69048
52.70176
52.74036
52.75219
52.79032
52.80264
52.84064
52.85244
52.89058
52.90219
52.94029
52.95255
52.99007
53.00271
53.04051
53.05248
53.0905
53.10276
53.14063
53.1527
53.19063
53.2023
53.24034
53.25198
53.29008
53.30189
53.33991
53.35152
53.39031
53.40183
53.44051
53.45155
53.49075
53.50137
53.54108
53.55108
53.59137
53.60138
53.64121
53.65149
53.69154
53.70184
53.74314
53.75191
53.79181
53.80187
53.84157
53.85231
53.89132
53.90163
53.94144
53.95169
53.9915
54.00164
54.04136
54.05142
54.09116
54.10177
54.14081
54.1515
54.19101
54.20129
54.24086
54.2512
54.2905
54.30169
54.34061
54.35205
54.39067
54.40216
54.44032
54.45206
54.49041
54.5023
54.54075
54.55203
54.59108
54.60228
54.64126
54.65203
54.69162
54.70194
54.74122
54.75168
54.79087
54.80195
54.84122
54.85229
54.891
54.90193
54.94068
54.95159
54.9906
55.00192
55.04086
55.052
55.09084
55.10211
55.14132
55.15227
55.17844
55.20245
55.22851
55.25214
55.27797
55.30231
55.3279
55.35222
55.37774
55.40246
55.42818
55.45262
55.47861
55.50287
55.52901
55.55267
55.5791
55.60307
55.6293
55.6528
55.67947
55.70304
55.72979
55.75307
55.78024
55.80313
55.83017
55.85343
55.87991
55.90357
55.93007
55.95332
55.9804
56.00372
56.03022
56.05344
56.0801
56.10313
56.13052
56.15307
56.18072
56.20279
56.23105
56.25285
56.28143
56.30252
56.33178
56.35225
56.38218
56.40213
56.43205
56.45205
56.48176
56.50179
56.53157
56.55151
56.58177
56.60133
56.63192
56.65124
56.68199
56.70096
56.73179
56.75135
56.78155
56.8018
56.83165
56.85149
56.8813
56.90135
56.91281
56.94304
56.96248
56.99148
57.01168
57.04124
57.06352
57.09152
57.11222
57.14188
57.16271
57.19204
57.21244
57.24146
57.26283
57.29185
57.31284
57.34149
57.3629
57.39135
57.41324
57.44157
57.46368
57.49192
57.5139
57.5417
57.56398
57.59151
57.61404
57.64115
57.66367
57.69163
57.71351
57.73701
57.76207
57.7867
57.81189
57.8369
57.86214
57.88688
57.91213
57.93728
57.96262
57.98753
58.01294
58.03788
58.06255
58.08752
58.11235
58.13721
58.16274
58.18683
58.21269
58.23728
58.26281
58.28717
58.31253
58.33723
58.41272
58.38703
58.4626
58.43687
58.51278
58.4868
58.56271
58.53703
58.61279
58.58747
58.66315
58.63769
58.71362
58.68753
58.76394
58.7378
58.81439
58.78756
58.86467
58.83788
58.91448
58.88808
58.96461
58.93843
59.01473
58.98835
59.06452
59.03846
59.11424
59.08813
59.16427
59.13781
59.21392
59.18752
59.26373
59.23728
59.31358
59.28718
59.36373
59.33705
59.41373
59.38741
59.46384
59.43788
59.51374
59.48809
59.56337
59.53795
59.61359
59.58766
59.66374
59.63728
59.71405
59.68722
59.76414
59.73728
59.81438
59.78748
59.86465
59.83766
59.91505
59.88779
59.96471
59.93788
60.0152
59.98751
60.06482
60.038
60.11493
60.08847
60.1647
60.13894
60.21458
60.18864
60.26431
60.23833
60.31459
60.28799
60.3652
60.33827
60.41544
60.38811
60.46583
60.43857
60.51556
60.48831
60.56516
60.53819
60.61566
60.58812
60.66536
60.6378
60.71581
60.68804
60.76622
60.73769
60.81595
60.7879
60.86631
60.83762
60.91677
60.88779
60.9669
60.93806
61.01731
60.98772
61.06778
61.0883
61.11805
61.13794
61.16769
61.18769
61.21744
61.23794
61.26717
61.28831
61.31742
61.33823
61.36748
61.3879
61.41718
61.43789
61.46684
61.48838
61.51704
61.53878
61.5671
61.58878
61.61729
61.63915
61.66721
61.68935
61.71773
61.73929
61.76802
61.78978
61.81854
61.83998
61.86814
61.89028
61.91793
61.94077
61.96807
61.9911
62.0179
62.04143
62.06793
62.09124
62.11769
62.14164
62.1676
62.19161
62.218
62.24196
62.26788
62.29197
62.31789
62.34174
62.36774
62.39219
62.41796
62.44217
62.46766
62.49219
62.51734
62.54207
62.56765
62.59202
62.61795
62.64167
62.66839
62.6919
62.71869
62.74195
62.76847
62.79168
62.81839
62.84143
62.86806
62.89107
62.91832
62.9412
62.96811
62.99115
63.01786
63.04143
63.06821
63.09163
63.11801
63.14134
63.16828
63.19175
63.21875
63.24134
63.26842
63.29132
63.31821
63.34113
63.36867
63.39165
63.41914
63.44139
63.46901
63.49113
63.51888
63.54081
63.56919
63.59046
63.62234
63.64008
63.67153
63.69021
63.72174
63.7408
63.77217
63.79084
63.82225
63.89114
63.87256
63.9409
63.92231
63.9912
63.97205
64.0416
64.02243
64.09198
64.07214
64.14161
64.12192
64.19196
64.17212
64.24179
64.22179
64.29218
64.27156
64.342
64.32153
64.39185
64.3718
64.44144
64.42159
64.49126
64.47139
64.54111
64.52109
64.59106
64.57092
64.6201
64.61276
64.65605
64.65809
64.70338
64.70224
64.74139
64.73989
64.79137
64.78976
64.83433
64.83245
64.88477
64.88239
64.93464
64.9325
64.9845
64.98219
65.0348
65.03181
65.08444
65.08223
65.13418
65.13255
65.18458
65.18291
65.23425
65.23298
65.28452
65.28291
65.33444
65.33268
65.38452
65.38285
65.43436
65.43251
65.4845
65.48294
65.53416
65.53271
65.57598
65.56335
65.61528
65.61343
65.6591
65.65881
65.70924
65.69921
65.75945
65.7493
65.80963
65.79954
65.85991
65.8496
65.90983
65.89996
65.9599
65.94964
66.00977
65.9997
66.05956
66.05009
66.10978
66.1004
66.15996
66.15007
66.21014
66.19969
66.26049
66.24976
66.31014
66.29993
66.35976
66.34979
66.40981
66.3996
66.4595
66.44988
66.50996
66.5
66.55971
66.5497
66.61002
66.59994
66.6602
66.65009
66.71013
66.70013
66.75574
66.74975
66.80573
66.79987
66.85606
66.84552
66.90636
66.89539
66.95663
66.94553
67.00683
66.99554
67.05359
67.04287
67.10326
67.09293
67.15319
67.19348
67.2028
67.24372
67.2526
67.29407
67.30302
67.3446
67.35311
67.39465
67.40465
67.44482
67.45325
67.4949
67.50302
67.5451
67.55314
67.5948
67.60322
67.64514
67.65295
67.69501
67.70335
67.74535
67.75308
67.79559
67.80293
67.84593
67.85272
67.89632
67.90321
67.94671
67.95298
67.99699
68.00291
68.04744
68.05328
68.09779
68.10358
68.14799
68.15319
68.19845
68.20287
68.24883
68.25263
68.29896
68.30273
68.3491
68.35303
68.3994
68.4027
68.44932
68.45272
68.49909
68.50243
68.54882
68.5527
68.59863
68.60297
68.64882
68.65266
68.69909
68.70313
68.74906
68.7529
68.79912
68.80276
68.84875
68.85249
68.8989
68.90285
68.94911
68.95313
68.99883
69.00336
69.04862
69.05356
69.09872
69.10365
69.1489
69.15333
69.19897
69.20317
69.24857
69.25304
69.29857
69.30302
69.34875
69.35345
69.39857
69.40359
69.4483
69.45344
69.49828
69.50314
69.54716
69.54177
69.59021
69.59199
69.64027
69.64214
69.69056
69.69205
69.7404
69.74211
69.79074
69.7925
69.8404
69.84277
69.89015
69.89324
69.94057
69.94363
69.99093
69.99406
70.04127
70.04435
70.09164
70.09414
70.14134
70.14453
70.1913
70.19415
70.24099
70.24416
70.29066
70.29463
70.34088
70.34483
70.39088
70.39494
70.44122
70.44529
70.49093
70.4949
70.54121
70.54523
70.59123
70.59526
70.64119
70.64548
70.69109
70.69534
70.74081
70.7457
70.79088
70.7961
70.84116
70.84589
70.8916
70.89576
70.9422
70.94572
70.99198
70.99586
71.04225
71.04626
71.09246
71.09669
71.14172
71.14618
71.19138
71.19614
71.24139
71.24619
71.29155
71.29594
71.34144
71.34628
71.39147
71.39618
71.44128
71.44662
71.49121
71.49635
71.54085
71.54609
71.59071
71.59581
71.64087
71.64554
71.68253
71.69034
71.73277
71.74019
71.7827
71.79027
71.8329
71.84027
71.88037
71.88855
71.92497
71.92925
72.01823
71.979
72.06783
72.02907
72.11754
72.07915
72.16752
72.1292
72.21792
72.17924
72.26757
72.22973
72.31793
72.28
72.36772
72.33039
72.41796
72.38068
72.46765
72.43057
72.5178
72.48096
72.56805
72.53079
72.61855
72.58086
72.66891
72.63077
72.71856
72.68118
72.76896
72.73104
72.81935
72.78089
72.86901
72.83086
72.91882
72.88071
72.9685
72.93083
73.01879
72.98083
73.06843
73.03053
73.11819
73.08098
73.16849
73.13078
73.21899
73.1804
73.26868
73.23058
73.31855
73.28089
73.36824
73.33111
73.41867
73.43171
73.46841
73.48212
73.51884
73.53185
73.56931
73.58224
73.61971
73.63197
73.66991
73.68184
73.72029
73.73158
73.77048
73.78197
73.82016
73.83177
73.86984
73.88157
73.91955
73.93208
73.96923
73.98184
74.01955
74.03181
74.06944
74.08211
74.11983
74.1323
74.16999
74.18264
74.21979
74.23274
74.26967
74.28237
74.31988
74.33263
74.37014
74.43288
74.41978
74.48295
74.47021
74.53444
74.52071
74.58286
74.5721
74.63284
74.62076
74.68256
74.67127
74.73209
74.72143
74.78183
74.7712
74.83157
74.82153
74.88142
74.87149
74.93179
74.92129
74.9815
74.97146
75.03142
75.02166
75.08142
75.07185
75.13155
75.12154
75.18185
75.17119
75.23232
75.221
75.28208
75.27065
75.33205
75.32047
75.38255
75.37032
75.43293
75.42008
75.48294
75.47015
75.53281
75.51994
75.58312
75.56982
75.63315
75.67007
75.68294
75.7198
75.73272
75.76946
75.78238
75.81966
75.83246
75.87014
75.88219
75.9202
75.93212
75.9705
75.98206
76.02079
76.03242
76.0704
76.08214
76.12032
76.13231
76.17012
76.18253
76.22006
76.23271
76.26979
76.2825
76.32011
76.3326
76.37059
76.38271
76.4207
76.43311
76.47044
76.48287
76.52006
76.53267
76.57037
76.58266
76.62031
76.63237
76.67017
76.68243
76.72042
76.73241
76.7701
76.78225
76.81975
76.83226
76.87009
76.88258
76.92026
76.93224
76.97039
76.98186
77.0209
77.03172
77.07098
77.08145
77.12141
77.13184
77.17122
77.18172
77.22095
77.23145
77.27129
77.2813
77.32144
77.33112
77.37128
77.38126
77.42124
77.43119
77.47105
77.48145
77.52122
77.53136
77.57108
77.58159
77.62115
77.63165
77.6715
77.68164
77.72407
77.73125
77.77178
77.78165
77.82224
77.83198
77.8717
77.88168
77.9217
77.93157
77.97182
78.03183
78.02221
78.08151
78.07182
78.13143
78.12169
78.18164
78.17167
78.23154
78.22147
78.28153
78.27174
78.33195
78.30276
78.37175
78.3525
78.42214
78.39968
78.47201
78.44993
78.5219
78.49995
78.5717
78.55007
78.62135
78.60034
78.6713
78.65053
78.7217
78.70036
78.7716
78.75049
78.82172
78.80016
78.87041
78.84349
78.92046
78.8936
78.97076
78.94374
79.02046
78.99374
79.07082
79.04352
79.12109
79.09332
79.17081
79.14306
79.22085
79.19308
79.27094
79.24313
79.32073
79.29321
79.37078
79.34321
79.42114
79.39362
79.47079
79.444
79.52077
79.49374
79.571
79.54415
79.62105
79.59431
79.67088
79.64434
79.72059
79.69407
79.77081
79.74384
79.82087
79.79406
79.87034
79.84374
79.92061
79.89345
79.97079
79.94357
80.02055
79.99325
80.07059
80.0435
80.12065
80.09325
80.17087
80.14324
80.2212
80.19367
80.27121
80.24406
80.32124
80.29372
80.3712
80.34369
80.42165
80.44406
80.47147
80.49399
80.5214
80.54377
80.57133
80.5939
80.62151
80.64369
80.67177
80.6935
80.72141
80.74342
80.77159
80.7935
80.82162
80.84536
80.87203
80.89433
80.9222
80.94437
80.97276
80.99397
81.0225
81.04402
81.07259
81.09399
81.12286
81.14436
81.1726
81.19437
81.22238
81.24422
81.27238
81.2943
81.32236
81.34415
81.37271
81.39449
81.42297
81.4443
81.47314
81.49405
81.5137
81.5274
81.56348
81.57784
81.61331
81.6279
81.6633
81.67796
81.71318
81.72817
81.76298
81.77789
81.81269
81.82781
81.86275
81.87784
81.91303
81.92767
81.96288
81.97734
82.01304
82.02769
82.06351
82.07764
82.11395
82.12743
82.1638
82.17716
82.21371
82.22681
82.26408
82.27719
82.31414
82.32755
82.36456
82.37724
82.41431
82.42686
82.46413
82.47668
82.51427
82.52706
82.56404
82.57716
82.61404
82.62724
82.66408
82.67728
82.71452
82.72766
82.76437
82.77806
82.81456
82.82766
82.86462
82.87776
82.91433
82.92787
82.96402
82.97763
83.01449
83.0275
83.06436
83.07788
83.11414
83.12814
83.16379
83.17829
83.25242
83.22861
83.30248
83.27841
83.35289
83.32813
83.40273
83.37792
83.45321
83.42754
83.50298
83.47771
83.55308
83.52805
83.60288
83.57765
83.65268
83.62752
83.70235
83.67734
83.75218
83.72714
83.80188
83.7768
83.85185
83.82701
83.90172
83.87691
83.95154
83.92691
84.00124
83.97655
84.05098
84.02673
84.10148
84.0806
84.15185
84.12687
84.20213
84.1768
84.25207
84.22661
84.30222
84.27653
84.35223
84.32623
84.40205
84.37621
84.45245
84.42606
84.50223
84.47611
84.55259
84.52613
84.6028
84.62632
84.65318
84.67604
84.70313
84.72619
84.75298
84.77664
84.85265
84.82663
84.90231
84.87633
84.95193
84.92623
85.00233
84.97652
85.05205
85.02669
85.10177
85.07686
85.15182
85.12718
85.20206
85.17683
85.25205
85.22709
85.30168
85.27731
85.35155
85.32774
85.40126
85.37791
85.45106
85.42782
85.50084
85.47755
85.55075
85.52768
85.60077
85.57763
85.65076
85.62314
85.69979
85.66621
85.74561
85.71621
85.79224
85.7665
85.83455
85.8167
85.87343
85.86687
85.90528
85.91674
85.9305
85.95078
85.9805
86.00051
86.01675
86.03648
86.05502
86.06757
86.10503
86.10554
86.15498
86.15844
86.19715
86.19442
86.22402
86.20983
86.25073
86.25188
86.28345
86.26337
86.29998
86.28043
86.32225
86.29463
86.34016
86.31104
86.35408
86.32468
86.37032
86.33877
86.37941
86.35308
86.39285
86.37768
86.40588
86.38944
86.4221
86.4101
86.43743
86.42235
86.4493
86.43591
86.46111
86.44388
86.48468
86.45817
86.49997
86.46788
86.50969
86.48175
86.52309
86.49453
86.53641
86.50133
86.55184
86.51597
86.55904
86.52689
86.57367
86.53364
86.58591
86.54643
86.59975
86.55797
86.61061
86.57249
86.62204
86.5833
86.63364
86.5985
86.64802
86.6141
86.65997
86.62704
86.67464
86.63981
86.68656
86.65057
86.69929
86.66225
86.70857
86.66901
86.7233
86.67886
86.73071
86.69244
86.73942
86.7269
86.75144
86.74582
86.76269
86.75855
86.77641
86.7689
86.78728
86.77821
86.79607
86.79183
86.80286
86.80161
86.8169
86.80853
86.82941
86.81527
86.84321
86.82207
86.8551
86.83476
86.86398
86.84795
86.87807
86.86516
86.8895
86.87768
86.90263
86.89183
86.90955
86.90223
86.92061
86.91476
86.92957
86.92374
86.94221
86.93569
86.95119
86.9496
86.9635
86.96145
86.97406
86.97547
86.98783
86.98669
87.00103
86.99812
87.01433
87.01023
87.02682
87.02341
87.03924
87.03529
87.05022
87.04749
87.06343
87.06142
87.07536
87.07348
87.09034
87.08836
87.09959
87.10355
87.1119
87.11372
87.12656
87.12473
87.1403
87.13992
87.14961
87.15048
87.16278
87.16387
87.17582
87.17475
87.18813
87.18769
87.20393
87.20345
87.2173
87.21696
87.2291
87.22932
87.24443
87.24382
87.25176
87.25126
87.25923
87.26218
87.27016
87.26962
87.28178
87.2828
87.29586
87.29224
87.3051
87.30612
87.31158
87.31541
87.31882
87.33004
87.34433
87.34338
87.35741
87.35085
87.3667
87.36427
87.37742
87.37649
87.38707
87.38821
87.39871
87.39846
87.40799
87.41222
87.41949
87.42669
87.42879
87.43955
87.43602
87.45334
87.4453
87.46702
87.46037
87.47912
87.47549
87.49178
87.48727
87.50378
87.50159
87.5164
87.5148
87.52704
87.52594
87.53764
87.53941
87.54868
87.55148
87.55875
87.56328
87.57274
87.57533
87.58012
87.58807
87.59385
87.60127
87.60735
87.61136
87.61913
87.62421
87.6324
87.6366
87.6411
87.64828
87.64848
87.65862
87.65775
87.6704
87.66698
87.67781
87.67624
87.68708
87.68655
87.69636
87.6958
87.7056
87.70506
87.71482
87.7168
87.72407
87.72711
87.73438
87.73842
87.74614
87.75105
87.75644
87.76028
87.76574
87.76948
87.77872
87.77678
87.789
87.78854
87.79826
87.79774
87.80855
87.80497
87.81776
87.81215
87.82701
87.81926
87.83727
87.82951
87.84442
87.83872
87.85165
87.84959
87.86509
87.86317
87.87987
87.8749
87.894
87.89523
87.90584
87.9112
87.92002
87.9273
87.93195
87.94024
87.93918
87.95345
87.94842
87.96517
87.96268
87.9769
87.97002
87.98693
87.97926
87.99615
87.98955
88.00538
87.99984
88.01712
88.00907
88.0274
88.01631
88.03464
88.02962
88.04492
88.03682
88.05417
88.04799
88.06137
88.0629
88.07163
88.07464
88.08081
88.08388
88.0881
88.09569
88.0953
88.10488
88.10251
88.11208
88.11174
88.11933
88.12347
88.12657
88.13271
88.13581
88.13992
88.14606
88.14911
88.15528
88.15636
88.16555
88.1681
88.17822
88.1798
88.18887
88.19021
88.20204
88.20781
88.21035
88.21794
88.22492
88.23173
88.23411
88.24509
88.24802
88.25307
88.26555
88.26894
88.27475
88.27628
88.284
88.28554
88.29266
88.29818
88.30573
88.30745
88.31515
88.32011
88.32435
88.32934
88.33354
88.3401
88.34274
88.34927
88.35188
88.35846
88.35908
88.36579
88.36607
88.37498
88.37325
88.38416
88.38493
88.39442
88.39414
88.40775
88.40344
88.42113
88.41931
88.43143
88.42851
88.44318
88.44008
88.45587
88.4551
88.46923
88.47188
88.48167
88.48339
88.48909
88.49784
88.50174
88.51152
88.5134
88.52328
88.52209
88.54005
88.53838
88.54935
88.55757
88.56485
88.57634
88.58174
88.58913
88.60031
88.60327
88.61374
88.62398
88.62791
88.63607
88.63714
88.64932
88.65138
88.6613
88.66005
88.67413
88.67034
88.68356
88.68185
88.69366
88.68925
88.70103
88.70097
88.71038
88.71423
88.71983
88.72159
88.72926
88.73085
88.7412
88.74223
88.752
88.74959
88.76953
88.75887
88.77726
88.77167
88.79993
88.7895
88.81927
88.80905
88.83624
88.82932
88.86983
88.85554
88.88267
88.8802
88.91273
88.91343
88.93239
88.93512
88.95792
88.95671
88.97063
88.96812
88.99618
88.99483
89.00623
89.01152
89.02373
89.0358
89.03626
89.0435
89.05139
89.0597
89.07771
89.06747
89.09312
89.08251
89.1005
89.09564
89.11078
89.10577
89.12106
89.11867
89.13026
89.13167
89.13943
89.14551
89.14685
89.15487
89.16075
89.1643
89.16992
89.17367
89.17728
89.18553
89.18885
89.1958
89.1992
89.20769
89.21239
89.21696
89.21971
89.22665
89.22995
89.23693
89.24232
89.25023
89.25163
89.25757
89.26132
89.26506
89.27502
89.27846
89.28677
89.28762
89.29952
89.29823
89.31201
89.3075
89.3213
89.31779
89.33052
89.32813
89.33978
89.33743
89.34904
89.34775
89.36115
89.35699
89.36852
89.36726
89.37559
89.3745
89.38486
89.38173
89.39409
89.38879
89.40332
89.3995
89.41072
89.4088
89.42104
89.42032
89.43005
89.42756
89.43977
89.43478
89.45003
89.45126
89.45728
89.46053
89.46449
89.46792
89.4737
89.47716
89.48396
89.48745
89.49136
89.49675
89.49857
89.50599
89.50822
89.51591
89.5175
89.52561
89.53085
89.53893
89.5401
89.54617
89.55038
89.55541
89.55965
89.56633
89.57141
89.57804
89.58403
89.5853
89.59332
89.59492
89.60609
89.60526
89.62095
89.61926
89.63007
89.62957
89.63747
89.6389
89.65014
89.65483
89.66042
89.66596
89.67118
89.67862
89.68391
89.69143
89.69925
89.70726
89.71107
89.72251
89.7235
89.72992
89.73098
89.74339
89.74878
89.75745
89.76051
89.7695
89.77369
89.77866
89.78291
89.79046
89.79812
89.80483
89.80943
89.81623
89.82125
89.82551
89.83529
89.84099
89.84584
89.84978
89.86024
89.86356
89.86944
89.87391
89.88451
89.88699
89.89185
89.89725
89.90342
89.90899
89.91064
89.92232
89.92097
89.93147
89.93365
89.9407
89.94427
89.95722
89.95496
89.96626
89.96562
89.97655
89.97591
89.98684
89.98518
89.9961
89.99437
