0.02345422
0.007697955
0.032008
0.02409742
0.05498667
0.03154962
0.0687986
0.04207017
0.08225892
0.05401584
0.09392934
0.06561946
0.1040063
0.07855064
0.1153227
0.09089547
0.1289225
0.09754995
0.1407695
0.1102623
0.1473382
0.1236036
0.1537674
0.1339617
0.1646066
0.1434051
0.1712067
0.1557966
0.1822605
0.1649257
0.1948584
0.1788087
0.2067016
0.1917209
0.2163061
0.2005288
0.2249228
0.2142266
0.2335158
0.227751
0.2463301
0.2343279
0.2549109
0.2407591
0.264169
0.2526755
0.2735589
0.2645611
0.2893374
0.2759335
0.313893
0.2885998
0.3285947
0.3004184
0.3402256
0.3102496
0.3469195
0.3220511
0.372923
0.3335507
0.3873102
0.3460777
0.3958013
0.3587396
0.4048511
0.367804
0.4175887
0.3798102
0.4263152
0.3884912
0.4394875
0.3993264
0.446267
0.4120031
0.4589876
0.4250779
0.4675914
0.4371569
0.4766017
0.4460898
0.491245
0.4582145
0.5040967
0.468783
0.5168276
0.4802098
0.5254944
0.4920887
0.5375255
0.5031553
0.5465936
0.5117551
0.5551791
0.5225465
0.5638242
0.531221
0.5704327
0.544677
0.5810389
0.5565373
0.5941239
0.5707453
0.6049091
0.5845384
0.6197087
0.5967279
0.633521
0.6111735
0.6455914
0.6241421
0.6549037
0.6386103
0.6670637
0.6532869
0.6761115
0.6673951
0.685503
0.6814177
0.6967566
0.6919445
0.7033712
0.7054421
0.7131482
0.7167813
0.7221272
0.7298851
0.7325021
0.738589
0.7456912
0.7503034
0.754639
0.7630571
0.7671947
0.7741862
0.7757508
0.7837504
0.7857046
0.7927316
0.796794
0.8042169
0.8066624
0.8167811
0.8152628
0.830483
0.8259829
0.84167
0.8351036
0.8502594
0.8482615
0.8588825
0.8604302
0.86748
0.869128
0.8799423
0.8791173
0.8931271
0.8887046
0.902125
0.8997273
0.917581
0.9122497
0.9301866
0.9246472
0.9402826
0.9368558
0.9547216
0.947849
0.9680526
0.9614403
0.9814148
0.9734504
0.9938144
0.9855189
1.002414
0.9958498
1.014966
1.007249
1.027176
1.018318
1.041111
1.02878
1.051936
1.049591
1.065167
1.063625
1.073783
1.076442
1.086104
1.08551
1.098512
1.098822
1.113324
1.114322
1.12643
1.126707
1.139565
1.135324
1.155115
1.146848
1.166852
1.181956
1.176612
1.193422
1.18667
1.205956
1.196193
1.21502
1.202785
1.224977
1.211378
1.231588
1.220674
1.240248
1.229313
1.247011
1.240144
1.255608
1.248698
1.262552
1.255277
1.272214
1.263849
1.278975
1.270766
1.290762
1.277377
1.302814
1.290276
1.312986
1.301028
1.321573
1.313142
1.328161
1.326465
1.338682
1.333248
1.347677
1.341873
1.356233
1.350874
1.362831
1.357445
1.373231
1.364072
1.384832
1.375407
1.39141
1.381982
1.400232
1.38854
1.408821
1.394988
1.417448
1.403607
1.428711
1.41234
1.437737
1.421313
1.447185
1.429939
1.453762
1.436512
1.460176
1.443072
1.468962
1.449664
1.477582
1.458566
1.488403
1.465339
1.496983
1.473919
1.503757
1.480657
1.515379
1.487067
1.522112
1.495719
1.528694
1.504234
1.537339
1.513129
1.548006
1.522035
1.556624
1.531339
1.563401
1.53792
1.569811
1.54652
1.579105
1.553072
1.590092
1.559649
1.596704
1.56627
1.605442
1.576204
1.618047
1.582792
1.624641
1.591605
1.633235
1.604844
1.64187
1.61346
1.65047
1.622039
1.659163
1.63067
1.665765
1.63927
1.672332
1.647843
1.678712
1.654426
1.685113
1.665769
1.694033
1.672715
1.701006
1.682969
1.710674
1.689535
1.717403
1.699358
1.723801
1.705933
1.73042
1.714516
1.740351
1.721106
1.74978
1.732601
1.756732
1.741178
1.769365
1.747924
1.776427
1.756467
1.785014
1.763067
1.791579
1.769638
1.800512
1.776033
1.812293
1.782437
1.819045
1.791116
1.827645
1.797729
1.834268
1.806268
1.842893
1.81482
1.851777
1.824266
1.860356
1.830865
1.86711
1.837463
1.873698
1.84709
1.885064
1.855642
1.891643
1.8624
1.901376
1.8688
1.911422
1.8752
1.918164
1.883799
1.926734
1.89091
1.933509
1.899533
1.942134
1.908114
1.948892
1.918528
1.955802
1.927363
1.962206
1.937642
1.971077
1.944198
1.982708
1.95079
1.991339
1.962494
1.998107
1.97246
2.004534
1.98097
2.013659
1.987731
2.022284
1.996305
2.034109
2.004916
2.043821
2.013907
2.057017
2.022582
2.063658
2.035494
2.074368
2.046177
2.084693
2.052814
2.093287
2.063589
2.104192
2.073852
2.114365
2.083026
2.125077
2.09318
2.133773
2.101842
2.143371
2.108426
2.149956
2.118613
2.161757
2.125196
2.168543
2.13504
2.177288
2.146569
2.18387
2.158195
2.195305
2.169422
2.201926
2.175995
2.210544
2.184569
2.217102
2.191305
2.223504
2.197759
2.232104
2.209127
2.238675
2.215717
2.247223
2.2243
2.255837
2.233379
2.262412
2.244179
2.269013
2.252766
2.275403
2.261393
2.281963
2.270088
2.288354
2.281374
2.29493
2.291106
2.303569
2.297894
2.314602
2.30648
2.32326
2.316412
2.331899
2.327231
2.338477
2.338058
2.349551
2.346645
2.359339
2.355226
2.366303
2.362178
2.377969
2.370715
2.384732
2.377642
2.395102
2.387242
2.403769
2.395817
2.412354
2.402573
2.420968
2.412287
2.42961
2.421656
2.44106
2.432583
2.449745
2.441174
2.458557
2.449828
2.467392
2.458524
2.475992
2.467167
2.484611
2.475857
2.493227
2.484813
2.503766
2.493506
2.513899
2.502612
2.520833
2.516297
2.533099
2.52322
2.539685
2.532161
2.54825
2.540755
2.554994
2.547511
2.563763
2.558572
2.572327
2.567184
2.580898
2.575765
2.587458
2.584362
2.594031
2.59092
2.602683
2.597345
2.611595
2.60372
2.620136
2.610145
2.626697
2.61932
2.635344
2.62792
2.642071
2.637038
2.648661
2.645605
2.659925
2.654213
2.666723
2.662829
2.67826
2.674319
2.689781
2.682891
2.698364
2.689647
2.707282
2.699584
2.713868
2.706341
2.72283
2.715784
2.731497
2.725297
2.740204
2.734284
2.746763
2.740919
2.755648
2.749744
2.76841
2.756304
2.777537
2.762718
2.784279
2.769119
2.794247
2.777749
2.802822
2.787622
2.809762
2.799084
2.81833
2.807678
2.827046
2.816223
2.835782
2.822777
2.844402
2.829215
2.85096
2.838017
2.857544
2.846583
2.866726
2.853154
2.873466
2.861754
2.882154
2.870347
2.892262
2.878976
2.904149
2.885536
2.912757
2.891936
2.9232
2.898551
2.929959
2.907167
2.938583
2.915715
2.945329
2.924306
2.955558
2.930907
2.964197
2.939433
2.973185
2.946175
2.979743
2.955972
2.986292
2.962559
2.992852
2.969137
2.999286
2.979046
3.005692
2.985972
3.014292
2.99498
3.022866
3.001742
3.029625
3.012736
3.038247
3.021333
3.044987
3.027912
3.053624
3.034312
3.060197
3.040876
3.068811
3.047428
3.075549
3.05398
3.08413
3.060612
3.09069
3.072099
3.097132
3.078646
3.109592
3.085046
3.118156
3.093632
3.124743
3.102208
3.133339
3.108775
3.139889
3.117612
3.146468
3.130696
3.155066
3.139214
3.161649
3.147776
3.172469
3.156488
3.179021
3.165148
3.185421
3.171711
3.191821
3.180275
3.199221
3.186844
3.209379
3.195596
3.218318
3.204494
3.224887
3.213098
3.233487
3.224537
3.242176
3.233109
3.252753
3.239667
3.259315
3.246232
3.265736
3.252621
3.272285
3.259022
3.278854
3.267842
3.285254
3.274423
3.293792
3.283004
3.300404
3.289556
3.312153
3.296375
3.318729
3.310241
3.327253
3.318756
3.33402
3.327359
3.340586
3.335907
3.34714
3.34484
3.353529
3.355944
3.35994
3.366208
3.369305
3.372775
3.377917
3.381341
3.388729
3.387908
3.39737
3.3965
3.403943
3.405143
3.412514
3.411691
3.421443
3.418264
3.432661
3.429142
3.439407
3.435707
3.447917
3.444558
3.454484
3.451146
3.463069
3.462538
3.471638
3.471683
3.484735
3.481879
3.491283
3.490687
3.497912
3.500795
3.506416
3.509305
3.516215
3.518996
3.523149
3.527538
3.534717
3.539356
3.543948
3.547967
3.5525
3.558158
3.564044
3.570089
3.572598
3.578616
3.58348
3.588945
3.590243
3.601059
3.599813
3.611745
3.606397
3.6228
3.61574
3.634
3.627748
3.642467
3.642881
3.649035
3.651452
3.660568
3.660254
3.669101
3.668814
3.677637
3.680814
3.690022
3.689376
3.698603
3.697982
3.708226
3.70998
3.719836
3.719463
3.728463
3.728013
3.740391
3.741461
3.749302
3.753662
3.762395
3.760212
3.773955
3.769047
3.7837
3.781259
3.795096
3.791478
3.802034
3.801722
3.814994
3.810277
3.823967
3.818811
3.836016
3.82821
3.844529
3.84041
3.853739
3.852051
3.867333
3.858633
3.877738
3.869518
3.886265
3.884367
3.895211
3.895792
3.905875
3.904375
3.914408
3.917144
3.927189
3.925677
3.941297
3.93501
3.951095
3.945997
3.96303
3.95606
3.969604
3.964699
3.976601
3.975976
3.991677
3.984475
4.000185
3.993048
4.006765
4.004941
4.016829
4.014233
4.027431
4.025325
4.037354
4.034074
4.04828
4.044843
4.056763
4.057057
4.065351
4.067407
4.075538
4.077105
4.084069
4.087315
4.092584
4.099177
4.101796
4.12027
4.110495
4.131653
4.123495
4.143322
4.134628
4.154723
4.144797
4.161271
4.154804
4.167738
4.161461
4.176738
4.175067
4.188471
4.186527
4.197027
4.198866
4.205623
4.209426
4.217178
4.221683
4.226989
4.235942
4.239593
4.24908
4.251872
4.260013
4.265859
4.274394
4.280537
4.288815
4.292137
4.302616
4.300783
4.31116
4.311195
4.325551
4.324445
4.339413
4.33787
4.354338
4.346586
4.368781
4.36024
4.379345
4.374094
4.391195
4.382233
4.404147
4.396385
4.419022
4.410239
4.435442
4.423724
4.447248
4.440061
4.461792
4.453702
4.479608
4.466897
4.494022
4.4808
4.507909
4.494224
4.519782
4.508711
4.537488
4.52239
4.548787
4.536592
4.561133
4.551923
4.573991
4.561533
4.588686
4.576466
4.59842
4.591864
4.612454
4.603732
4.626787
4.617436
4.641271
4.628994
4.65342
4.643188
4.66862
4.658114
4.682934
4.670259
4.695753
4.683128
4.710188
4.696663
4.725864
4.710054
4.739885
4.73296
4.759518
4.746681
4.771484
4.760328
4.784076
4.774718
4.798921
4.789844
4.812083
4.80588
4.827183
4.819418
4.845851
4.834749
4.866401
4.848922
4.878917
4.861699
4.896802
4.877821
4.907197
4.890859
4.92157
4.907382
4.940393
4.91957
4.952738
4.935382
4.965442
4.948439
4.979015
4.960645
4.994792
4.974982
5.010945
4.988707
5.026407
5.003458
5.046044
5.022185
5.060546
5.033891
5.084279
5.056942
5.098134
5.074057
5.113801
5.091008
5.129134
5.108916
5.144278
5.123822
5.158563
5.141019
5.179577
5.158085
5.194997
5.173762
5.214601
5.192656
5.235736
5.210718
5.251429
5.23124
5.2629
5.248379
5.280777
5.264689
5.300307
5.283447
5.316299
5.302186
5.33573
5.318634
5.349608
5.33911
5.364466
5.35796
5.383474
5.383649
5.400474
5.409478
5.417921
5.432784
5.445048
5.463583
5.466166
5.485232
5.490738
5.512713
5.50945
5.528091
5.529071
5.545094
5.55456
5.565551
5.574228
5.58629
5.59824
5.620285
5.6247
5.645775
5.664937
5.670626
5.696636
5.704885
5.731176
5.735362
5.763584
5.760241
5.829953
5.799842
5.862661
5.832512
5.890258
5.869977
5.921355
5.909626
5.95053
5.937103
5.985577
5.964567
6.013703
5.982669
6.037486
6.009308
6.061566
6.035173
6.083043
6.072956
6.126684
6.099666
6.148784
6.120009
6.16606
6.146836
6.187861
6.182943
6.228927
6.21068
6.250194
6.24776
6.26806
6.282259
6.285191
6.319283
6.304059
6.359302
6.324567
6.385276
6.349572
6.4231
6.369095
6.442101
6.387078
6.477482
6.411186
6.518229
6.442904
6.544123
6.47638
6.577469
6.522783
6.614556
6.546643
6.656022
6.589921
6.695496
6.63431
6.74108
6.665078
6.778363
6.715151
6.824884
6.765284
6.863679
6.81547
6.905877
6.865583
6.944154
6.915845
6.993598
6.965447
7.043625
7.015617
7.093753
7.065878
7.143815
7.115575
7.194045
7.16582
7.243664
7.215973
7.294084
7.26615
7.34432
7.316411
7.393946
7.366696
7.444218
7.416706
7.494461
7.516304
7.544883
7.566632
7.59459
7.616737
7.644971
7.666369
7.694881
7.716763
7.745328
7.767015
7.795771
7.81672
7.845917
7.866627
7.89612
7.916322
7.946312
7.966403
7.996368
8.016223
8.046103
8.066259
8.095847
8.116223
8.146264
8.165883
8.196005
8.215817
8.245735
8.265811
8.295865
8.315625
8.396161
8.365551
8.445934
8.415158
8.495777
8.465086
8.545507
8.514777
8.595127
8.564884
8.644765
8.615329
8.694579
8.665285
8.744511
8.715734
8.794795
8.76619
8.84509
8.866212
8.894993
8.915946
8.944964
8.965926
8.995386
9.016117
9.04525
9.065793
9.094917
9.115879
9.14491
9.21541
9.194715
9.265509
9.245024
9.315246
9.294687
9.36498
9.34452
9.414649
9.394236
9.464519
9.494312
9.51483
9.544209
9.565231
9.593908
9.615111
9.644182
9.665027
9.744823
9.715936
9.795511
9.765268
9.845446
9.815913
9.895245
9.865121
9.944706
9.914852
9.995173
9.965132
10.04535
10.01517
10.09501
10.06513
10.14491
10.115
10.19495
10.16498
10.24517
10.21522
10.29486
10.26564
10.34516
10.31526
10.39541
10.3657
10.44503
10.41566
10.49514
10.4661
10.54501
10.51639
10.59476
10.5661
10.6445
10.61581
10.69496
10.66619
10.74525
10.71658
10.79496
10.76625
10.84469
10.81662
10.89442
10.91628
10.94482
10.96602
10.99499
11.01642
11.04469
11.06649
11.09507
11.11694
11.14513
11.16704
11.19529
11.21684
11.24566
11.26698
11.29615
11.31723
11.34661
11.36754
11.39709
11.41727
11.44701
11.46708
11.49735
11.51737
11.54699
11.56711
11.59735
11.61749
11.64707
11.6679
11.69728
11.71794
11.7477
11.76834
11.79745
11.81814
11.84768
11.86788
11.89779
11.91775
11.94799
11.96802
11.99779
12.01774
12.04323
12.05221
12.09219
12.10239
12.14206
12.15226
12.19176
12.20262
12.24147
12.25305
12.2918
12.30349
12.34227
12.35358
12.39271
12.40322
12.44239
12.45302
12.49213
12.50302
12.54213
12.55345
12.59219
12.59992
12.64206
12.64989
12.69253
12.69988
12.74293
12.75035
12.79324
12.80008
12.84352
12.90065
12.89359
12.95115
12.94339
13.00139
12.99379
13.05182
13.04372
13.10221
13.09359
13.15173
13.14412
13.20153
13.19351
13.25137
13.24331
13.30112
13.29337
13.35094
13.34304
13.40065
13.39302
13.451
13.44297
13.50137
13.49298
13.5518
13.54322
13.60204
13.59302
13.6524
13.64265
13.70225
13.69238
13.7524
13.74264
13.8028
13.79289
13.85251
13.8431
13.90299
13.89353
13.95277
13.94347
14.05232
13.9931
14.10203
14.04329
14.15216
14.09347
14.2019
14.14369
14.25238
14.1936
14.30252
14.24379
14.35275
14.29402
14.40302
14.34383
14.45336
14.39355
14.50369
14.4433
14.55385
14.49316
14.60392
14.54294
14.65399
14.59328
14.70378
14.64341
14.75381
14.69328
14.80387
14.74367
14.85356
14.79379
14.90361
14.84376
14.95361
14.89422
15.00394
14.94422
15.05437
14.99435
15.10422
15.04433
15.15435
15.09456
15.20473
15.19489
15.25445
15.24528
15.30411
15.29496
15.35402
15.34473
15.40413
15.39445
15.45429
15.43338
15.5044
15.48345
15.55478
15.58286
15.60446
15.63255
15.6546
15.68218
15.70487
15.73185
15.75529
15.83148
15.8057
15.88157
15.85608
15.93158
15.90641
15.98185
15.95607
16.03219
16.00587
16.08259
16.05555
16.13233
16.1055
16.23181
16.15514
16.28227
16.20481
16.33194
16.2552
16.38186
16.30492
16.43211
16.35512
16.48244
16.40513
16.53199
16.45529
16.58179
16.50464
16.63167
16.55469
16.68191
16.60515
16.73159
16.65505
16.78193
16.70493
16.83217
16.80505
16.88253
16.85551
16.93277
16.90593
16.98283
16.95601
17.03288
17.00594
17.08323
17.0562
17.13329
17.15582
17.18292
17.20595
17.23312
17.25619
17.28306
17.30631
17.33275
17.35238
17.38275
17.40237
17.43264
17.45253
17.4829
17.5025
17.53258
17.55217
17.58276
17.60234
17.63302
17.65266
17.68336
17.70231
17.73304
17.75265
17.78342
17.80273
17.8333
17.85287
17.8833
17.90264
17.93304
17.95265
17.98307
18.00265
18.03283
18.05272
18.08274
18.10263
18.13271
18.15284
18.18303
18.20305
18.2334
18.25352
18.28343
18.3037
18.3331
18.35392
18.38301
18.4037
18.43324
18.45362
18.48294
18.50343
18.53329
18.55359
18.58368
18.60372
18.63343
18.6539
18.68308
18.70425
18.7335
18.75414
18.78381
18.80434
18.8341
18.85468
18.88401
18.90482
18.93443
18.95532
18.98443
19.00529
19.03423
19.05045
19.08413
19.10063
19.13409
19.15082
19.18386
19.20044
19.23386
19.25084
19.28402
19.30134
19.33448
19.35175
19.38479
19.4014
19.43457
19.45153
19.48458
19.50161
19.53439
19.60209
19.58427
19.65256
19.63398
19.70263
19.68418
19.75255
19.73447
19.8025
19.78421
19.8527
19.83494
19.90282
19.88461
19.95264
19.93428
20.00236
19.98417
20.05261
20.03431
20.10275
20.0841
20.15283
20.1843
20.20321
20.23426
20.25363
20.284
20.30393
20.33404
20.35402
20.38386
20.40379
20.43419
20.45367
20.48392
20.50341
20.53234
20.55334
20.58245
20.60373
20.6326
20.65375
20.68293
20.70392
20.73324
20.75407
20.78285
20.80372
20.83292
20.85399
20.88313
20.90425
20.93333
20.95438
20.98342
21.00471
21.03363
21.05454
21.08353
21.10468
21.13395
21.1544
21.18399
21.20468
21.23424
21.25439
21.28397
21.30474
21.33423
21.35437
21.38398
21.40421
21.43416
21.45391
21.48398
21.50414
21.53445
21.5542
21.58408
21.60427
21.63372
21.65454
21.68382
21.70481
21.73409
21.75487
21.78429
21.80517
21.8345
21.85537
21.88482
21.90553
21.93484
21.95579
21.98487
22.00616
22.03504
22.05593
22.08541
22.10613
22.13576
22.15633
22.18597
22.20604
22.2363
22.25645
22.28597
22.30685
22.33615
22.35683
22.38641
22.40723
22.43663
22.45696
22.48649
22.50693
22.53613
22.55724
22.58643
22.60725
22.63674
22.6573
22.68716
22.75715
22.73747
22.80732
22.7874
22.84051
22.83739
22.89055
22.88768
22.93182
22.93635
22.98158
22.98599
23.03161
23.03628
23.0815
23.08647
23.13141
23.1368
23.18131
23.18695
23.23162
23.23688
23.28174
23.28706
23.33165
23.33842
23.38122
23.38744
23.43104
23.42941
23.46983
23.47939
23.51975
23.52902
23.56977
23.57866
23.61937
23.6288
23.66948
23.67895
23.71928
23.72935
23.76941
23.77913
23.8194
23.829
23.8692
23.87872
23.9189
23.92899
23.96888
23.97861
24.01916
24.02841
24.0695
24.07874
24.11982
24.12891
24.16962
24.17894
24.21935
24.22906
24.26975
24.27938
24.31979
24.32985
24.36966
24.37946
24.41948
24.42966
24.46933
24.47944
24.51933
24.5792
24.56975
24.6296
24.62001
24.67938
24.67039
24.72905
24.72041
24.77926
24.77028
24.82964
24.82042
24.87927
24.87049
24.92947
24.92055
24.97911
24.97027
25.02886
25.0206
25.07895
25.07084
25.12882
25.12099
25.17924
25.17127
25.22939
25.22146
25.27905
25.27119
25.32952
25.32088
25.37991
25.37135
25.42961
25.42113
25.48006
25.4714
25.52983
25.52108
25.5801
25.57112
25.62979
25.62111
25.68017
25.67156
25.73063
25.72201
25.78025
25.7721
25.82998
25.82172
25.8803
25.87134
25.9307
25.92171
25.98117
25.97174
26.03091
26.02177
26.08108
26.07203
26.1309
26.12224
26.18109
26.1725
26.23131
26.22271
26.28164
26.27237
26.33187
26.32258
26.38162
26.37244
26.43124
26.42284
26.4809
26.47266
26.5311
26.5229
26.58123
26.57279
26.631
26.62246
26.68103
26.67238
26.73135
26.72275
26.7815
26.77299
26.83187
26.82339
26.88201
26.87348
26.9317
26.92332
26.98121
26.97375
27.03102
27.02418
27.0808
27.07462
27.13109
27.12462
27.18116
27.17482
27.23089
27.22498
27.28128
27.27502
27.33166
27.3253
27.38195
27.37541
27.43166
27.42511
27.48133
27.47535
27.53101
27.52502
27.58145
27.57501
27.63188
27.62495
27.68173
27.67535
27.73206
27.72495
27.78184
27.77466
27.83166
27.82486
27.88194
27.87523
27.93208
27.92553
27.98247
27.97597
28.03255
28.026
28.08255
28.07633
28.133
28.12622
28.18277
28.17653
28.23321
28.2262
28.2834
28.27665
28.33346
28.32686
28.3836
28.37727
28.4337
28.42732
28.4841
28.47748
28.53443
28.52789
28.57912
28.57792
28.62962
28.62012
28.67953
28.67048
28.72963
28.71963
28.77978
28.76973
28.83013
28.81995
28.88046
28.87006
28.93047
28.91994
28.98017
28.96986
29.03036
29.02011
29.0801
29.07048
29.12989
29.12045
29.17965
29.17035
29.22945
29.22052
29.27986
29.2708
29.33024
29.32092
29.38002
29.37066
29.43032
29.42046
29.48077
29.47072
29.5307
29.52093
29.58058
29.57138
29.6309
29.62119
29.68061
29.67138
29.73102
29.72177
29.78121
29.77217
29.83131
29.82221
29.88128
29.8691
29.93109
29.91897
29.98111
29.96906
30.03125
30.01877
30.07931
30.06889
30.12101
30.11912
30.17143
30.16292
30.21138
30.21334
30.25862
30.2633
30.30864
30.31366
30.3587
30.36411
30.40899
30.41373
30.45893
30.46324
30.50914
30.51368
30.55843
30.56386
30.60862
30.61393
30.65897
30.66413
30.70924
30.76432
30.75896
30.81446
30.80916
30.86421
30.85889
30.91445
30.90876
30.96419
30.95887
31.01418
31.00923
31.0645
31.05916
31.11415
31.10912
31.16457
31.15933
31.21492
31.20908
31.26456
31.25949
31.3143
31.30967
31.36463
31.35993
31.41498
31.41026
31.46531
31.45989
31.5155
31.50975
31.5653
31.55962
31.61511
31.6094
31.66474
31.65948
31.71438
31.70924
31.76454
31.75953
31.81484
31.80972
31.86448
31.85958
31.91414
31.90495
31.95773
31.95491
32.00753
31.99453
32.05688
32.0444
32.10546
32.09421
32.15566
32.14386
32.20576
32.19357
32.25607
32.24345
32.30613
32.29331
32.35649
32.34361
32.40615
32.39327
32.45616
32.44326
32.50629
32.49374
32.55653
32.54406
32.60688
32.59384
32.65654
32.64373
32.7068
32.69417
32.75715
32.74426
32.80743
32.79398
32.85708
32.84406
32.90702
32.89445
32.95701
32.94414
33.00734
32.99398
33.05735
33.09465
33.10728
33.14465
33.15699
33.19453
33.207
33.24489
33.25733
33.29473
33.30745
33.34484
33.35775
33.39497
33.40805
33.44471
33.45847
33.4903
33.50852
33.54079
33.55894
33.59105
33.60905
33.64092
33.65898
33.69059
33.70961
33.74097
33.75947
33.79121
33.80984
33.84092
33.85928
33.89068
33.90898
33.94056
33.95947
33.99065
34.00924
34.04042
34.05886
34.09057
34.10892
34.14047
34.15876
34.19021
34.20856
34.23985
34.25885
34.28988
34.30851
34.3402
34.35759
34.39037
34.40738
34.44048
34.45704
34.49063
34.55656
34.54076
34.60626
34.59097
34.65611
34.64137
34.70573
34.69177
34.75602
34.74181
34.80605
34.79155
34.85583
34.84204
34.90557
34.8925
34.95561
34.94287
35.00558
34.9925
35.05544
35.04289
35.10578
35.09305
35.15565
35.14274
35.20579
35.19243
35.25588
35.2428
35.30631
35.29256
35.35595
35.34266
35.40557
35.39288
35.4559
35.4426
35.5057
35.49289
35.5559
35.54293
35.60571
35.5932
35.65589
35.64369
35.70556
35.69405
35.75535
35.74386
35.80571
35.79362
35.85571
35.84331
35.90613
35.89295
35.95602
35.94325
36.00589
35.99291
36.05561
36.04279
36.10549
36.09305
36.1554
36.14328
36.20517
36.19361
36.25526
36.24372
36.30568
36.29392
36.35537
36.34426
36.40554
36.39441
36.45528
36.44485
36.50561
36.49519
36.55527
36.54484
36.60576
36.59446
36.65616
36.6448
36.70587
36.69494
36.75566
36.74485
36.80529
36.79485
36.85563
36.84512
36.90529
36.89473
36.95489
36.94457
37.00549
36.99476
37.05562
37.04458
37.10522
37.09451
37.15533
37.14404
37.2052
37.19404
37.25554
37.24366
37.30578
37.29365
37.3562
37.34338
37.40658
37.39325
37.45644
37.44326
37.50694
37.49338
37.55734
37.54339
37.60779
37.59369
37.65828
37.64378
37.70805
37.69399
37.75774
37.74412
37.80738
37.7941
37.85766
37.84383
37.90784
37.89395
37.95804
37.94438
38.00797
37.99402
38.05779
38.04428
38.10799
38.09435
38.15782
38.14484
38.20751
38.19517
38.25784
38.24538
38.3078
38.29524
38.35753
38.34497
38.40778
38.39542
38.45743
38.44569
38.50709
38.49589
38.55745
38.54567
38.60769
38.59558
38.65813
38.6457
38.70839
38.69541
38.7583
38.74566
38.80839
38.79575
38.85866
38.84549
38.90859
38.89597
38.95842
38.94568
39.00871
38.99586
39.05876
39.046
39.10865
39.09637
39.15884
39.14649
39.20927
39.19697
39.25948
39.23815
39.30072
39.28839
39.3507
39.33822
39.38382
39.38816
39.43398
39.43828
39.48357
39.48808
39.53323
39.53805
39.58365
39.58794
39.63394
39.61582
39.67507
39.65594
39.72531
39.69145
39.75195
39.73171
39.7926
39.76926
39.82834
39.80247
39.87622
39.83182
39.8982
39.87105
39.94178
39.91482
39.98466
39.96471
40.03035
40.0126
40.08007
40.06258
40.12974
40.11279
40.17813
40.16252
40.22775
40.21255
40.27813
40.26279
40.3279
40.31286
40.3781
40.36315
40.42808
40.41328
40.47849
40.46355
40.52896
40.51371
40.57913
40.56355
40.62883
40.61366
40.67956
40.66414
40.72992
40.71391
40.77969
40.76406
40.82943
40.81373
40.87988
40.86373
40.92974
40.9136
40.9796
40.96359
41.02967
41.0136
41.07942
41.06406
41.12949
41.1137
41.17911
41.1641
41.22931
41.21377
41.27938
41.26403
41.32172
41.31398
41.37213
41.36403
41.42191
41.41402
41.47198
41.46424
41.52225
41.51445
41.5724
41.56459
41.62213
41.61446
41.67204
41.66412
41.72199
41.7139
41.77247
41.76425
41.82265
41.81452
41.87268
41.86491
41.92311
41.91511
41.97353
41.96545
42.0233
42.0155
42.07365
42.06583
42.12339
42.11616
42.17324
42.16657
42.22337
42.21648
42.27323
42.26676
42.32296
42.3169
42.37287
42.3671
42.42252
42.41722
42.4729
42.46716
42.52283
42.5675
42.57305
42.61757
42.6235
42.66788
42.6736
42.71794
42.72353
42.76822
42.77325
42.81856
42.8236
42.86843
42.87365
42.91841
42.92339
42.96844
42.97323
43.01826
43.02356
43.06827
43.07372
43.11834
43.12385
43.16815
43.17365
43.21847
43.22385
43.26827
43.27354
43.31813
43.32397
43.3679
43.37362
43.41728
43.42401
43.46692
43.47405
43.51721
43.52381
43.56762
43.57375
43.61769
43.62362
43.66775
43.6741
43.71814
43.72444
43.76833
43.77444
43.81818
43.82469
43.86822
43.87508
43.91793
43.92482
43.9678
43.97444
44.01789
44.02518
44.06835
44.07529
44.11829
44.17569
44.16801
44.2261
44.2176
44.27623
44.26774
44.32602
44.31787
44.376
44.3682
44.42612
44.41798
44.47601
44.46781
44.52641
44.51747
44.57609
44.56746
44.62595
44.61747
44.67629
44.66731
44.72669
44.71774
44.77639
44.76773
44.82626
44.81741
44.87674
44.86763
44.92686
44.91725
44.97703
44.96725
45.02709
45.01339
45.07709
45.06384
45.12741
45.11434
45.17765
45.16472
45.22809
45.21517
45.2778
45.26483
45.32762
45.3151
45.37727
45.36512
45.4276
45.41489
45.47799
45.46451
45.52813
45.51422
45.57811
45.56424
45.62798
45.61428
45.67805
45.66475
45.72772
45.71515
45.77799
45.76562
45.82825
45.81577
45.87861
45.86599
45.92852
45.91618
45.97877
45.96651
46.02867
46.01669
46.0787
46.06646
46.1291
46.16665
46.17878
46.2165
46.22887
46.26645
46.27911
46.31683
46.3292
46.3665
46.37959
46.4169
46.4299
46.46704
46.47952
46.51715
46.52957
46.56697
46.57975
46.61737
46.62945
46.66781
46.67979
46.71777
46.72956
46.76776
46.77977
46.81796
46.83016
46.86807
46.88045
46.91793
46.93078
46.96814
46.981
47.01804
47.03084
47.06834
47.08116
47.11882
47.13095
47.16856
47.18111
47.21902
47.23125
47.26933
47.28134
47.31961
47.33125
47.36963
47.38144
47.41961
47.43179
47.46943
47.48162
47.51934
47.53175
47.56909
47.58132
47.61947
47.63129
47.66973
47.68108
47.71976
47.73068
47.7696
47.78043
47.81942
47.83077
47.86908
47.8811
47.91933
47.93121
47.96907
47.98122
48.01941
48.03111
48.06913
48.08078
48.11908
48.13082
48.16885
48.18081
48.21866
48.23106
48.2683
48.28099
48.31862
48.33136
48.36894
48.38096
48.41931
48.43129
48.46911
48.48166
48.5196
48.53153
48.56951
48.58163
48.61932
48.63135
48.6698
48.68116
48.71973
48.73149
48.76958
48.78138
48.81934
48.83174
48.86921
48.88174
48.91932
48.9316
48.96912
48.98135
49.0196
49.0312
49.06938
49.08092
49.11967
49.13132
49.17013
49.18122
49.22025
49.2312
49.2706
49.2816
49.32033
49.33202
49.37078
49.38237
49.42073
49.43242
49.47102
49.48228
49.52146
49.53275
49.57191
49.58249
49.62173
49.63288
49.67184
49.68286
49.72219
49.73253
49.77197
49.78228
49.8219
49.83192
49.87177
49.88165
49.92163
49.93138
49.97205
49.98133
50.02174
50.03134
50.07174
50.08121
50.12219
50.13091
50.17192
50.18079
50.22237
50.23086
50.27262
50.28058
50.32284
50.33106
50.37268
50.38153
50.42231
50.43124
50.47205
50.48086
50.52374
50.53098
50.57261
50.58126
50.62225
50.63131
50.67178
50.6816
50.72173
50.73159
50.77156
50.78144
50.82191
50.83158
50.87155
50.88165
50.92131
50.93177
50.97097
50.98172
51.02067
51.03163
51.07066
51.08158
51.12094
51.13196
51.17114
51.18185
51.22139
51.23156
51.27184
51.28125
51.3219
51.33115
51.37181
51.38155
51.42156
51.43185
51.4719
51.48215
51.52183
51.53249
51.5715
51.58262
51.62162
51.63305
51.67187
51.68311
51.72227
51.73284
51.77243
51.78315
51.82289
51.83358
51.87322
51.88396
51.92327
51.93363
51.97368
51.9833
52.02362
52.03347
52.07352
52.08396
52.12392
52.13436
52.17412
52.18454
52.22385
52.23494
52.27392
52.28497
52.32415
52.33543
52.37405
52.38526
52.42373
52.43553
52.47362
52.48555
52.52359
52.53576
52.57334
52.58623
52.62308
52.63657
52.67273
52.68708
52.72298
52.73695
52.7733
52.78712
52.82294
52.8369
52.87257
52.88734
52.92232
52.93719
52.97274
52.98693
53.02244
53.03688
53.07231
53.0866
53.12211
53.13635
53.17186
53.18621
53.22186
53.23628
53.27225
53.28612
53.32263
53.33609
53.37263
53.38647
53.4229
53.43648
53.47279
53.48675
53.5228
53.53649
53.57284
53.58668
53.62259
53.63639
53.67305
53.68601
53.72322
53.73639
53.77325
53.78681
53.82329
53.8373
53.8736
53.8876
53.92377
53.93755
53.97364
53.98701
54.02372
54.03699
54.07344
54.08707
54.12335
54.13725
54.17351
54.18699
54.2235
54.2369
54.27364
54.28671
54.32381
54.33646
54.37364
54.3869
54.42327
54.43732
54.47295
54.48766
54.52277
54.53812
54.57258
54.58774
54.62241
54.63792
54.67277
54.68805
54.72297
54.7383
54.77322
54.78812
54.82311
54.83852
54.87344
54.88826
54.92344
54.93824
54.97388
54.98812
55.02421
55.0379
55.07394
55.08815
55.12361
55.13864
55.17361
55.18877
55.22388
55.23893
55.27419
55.2887
55.32429
55.33862
55.37446
55.38832
55.42448
55.43872
55.47475
55.48904
55.52462
55.5389
55.57448
55.58894
55.6248
55.63914
55.67466
55.68937
55.72502
55.73951
55.77503
55.78981
55.82513
55.83943
55.87488
55.88924
55.92533
55.93895
55.97582
55.98864
56.02628
56.03829
56.07592
56.08791
56.12555
56.13824
56.17593
56.18848
56.22588
56.23883
56.27592
56.28888
56.3264
56.33894
56.37645
56.38874
56.42637
56.43869
56.47638
56.48902
56.52605
56.53913
56.5764
56.58963
56.62614
56.64006
56.67582
56.69037
56.72548
56.74008
56.77544
56.78975
56.82544
56.83988
56.87557
56.88961
56.92564
56.93927
56.97599
56.98912
57.0277
57.03934
57.06917
57.07799
57.1196
57.13032
57.1693
57.17853
57.21934
57.22901
57.2692
57.27916
57.36951
57.32927
57.41924
57.37975
57.46959
57.43001
57.5193
57.47994
57.5697
57.52975
57.62019
57.57974
57.67064
57.63007
57.72092
57.67986
57.77097
57.72951
57.821
57.77917
57.87138
57.82952
57.9211
57.87993
57.97143
57.92954
58.02146
57.97956
58.07172
58.02925
58.12211
58.07951
58.17191
58.12986
58.22182
58.17971
58.27151
58.22934
58.32143
58.27959
58.37105
58.32921
58.42078
58.37931
58.47118
58.4294
58.52158
58.47904
58.57198
58.52913
58.62202
58.57951
58.67229
58.62959
58.72216
58.6798
58.77224
58.73004
58.82195
58.7803
58.87228
58.83038
58.92231
58.88069
58.97215
58.93053
59.02223
58.9803
59.07189
59.03012
59.12215
59.08046
59.17203
59.13018
59.22244
59.17983
59.27243
59.23022
59.32217
59.28057
59.37196
59.33043
59.42222
59.38076
59.47219
59.43052
59.52189
59.48059
59.5718
59.53088
59.62143
59.58132
59.67109
59.63178
59.7209
59.68172
59.77096
59.73197
59.82136
59.78202
59.8718
59.83228
59.9216
59.88258
59.97174
59.93303
60.0218
59.98265
60.07142
60.03303
60.12155
60.08285
60.17167
60.13295
60.22202
60.18289
60.27246
60.23268
60.3222
60.28247
60.37267
60.33274
60.42313
60.3824
60.47292
60.43394
60.52293
60.4822
60.57291
60.53215
60.62331
60.58164
60.673
60.632
60.72268
60.68235
60.77261
60.73246
60.82281
60.78217
60.87325
60.83186
60.92325
60.88149
60.97298
60.93179
61.02317
60.98203
61.0728
61.03175
61.12298
61.08153
61.17327
61.1314
61.2236
61.18107
61.27393
61.23109
61.32438
61.28136
61.37471
61.33153
61.42435
61.38151
61.4748
61.43196
61.52493
61.48154
61.57537
61.53173
61.62551
61.58148
61.67587
61.63173
61.72553
61.68222
61.77531
61.73197
61.8257
61.78175
61.87619
61.83199
61.92635
61.88175
61.97617
61.93219
62.02586
61.98193
62.07552
62.03172
62.12591
62.08185
62.17562
62.13215
62.22525
62.18204
62.27525
62.23221
62.32509
62.28197
62.37477
62.33217
62.42465
62.38191
62.47431
62.43227
62.52461
62.48234
62.57476
62.53263
62.62451
62.583
62.67484
62.63318
62.72525
62.68367
62.77503
62.73331
62.8247
62.78318
62.87483
62.8335
62.92447
62.88398
62.97454
62.93403
63.0247
62.9842
63.07438
63.03419
63.1248
63.08447
63.1746
63.13415
63.2243
63.18399
63.27454
63.23439
63.3243
63.28483
63.37443
63.33523
63.42488
63.38504
63.47504
63.43543
63.52476
63.48543
63.57443
63.53545
63.6247
63.58509
63.67434
63.63476
63.72502
63.68455
63.77502
63.73481
63.82549
63.78494
63.87496
63.83512
63.9254
63.88462
63.97572
63.93425
64.02608
63.98391
64.07596
64.03416
64.12626
64.13387
64.17659
64.1841
64.22704
64.23387
64.27718
64.28354
64.32693
64.33389
64.37727
64.38427
64.42698
64.43447
64.47722
64.48414
64.52686
64.53442
64.57648
64.58421
64.62618
64.63397
64.67648
64.68377
64.72664
64.7339
64.77625
64.78364
64.81191
64.8159
64.84801
64.85721
64.8932
64.90656
64.94181
64.95634
64.99139
65.00636
65.0414
65.0562
65.09147
65.10582
65.14125
65.15563
65.19158
65.20528
65.24183
65.2552
65.29176
65.30512
65.34153
65.35487
65.39171
65.40522
65.4418
65.45548
65.49193
65.50529
65.54184
65.55508
65.59145
65.60515
65.64169
65.65481
65.69156
65.70512
65.7412
65.74445
65.77845
65.77785
65.82823
65.82685
65.8691
65.86929
65.91956
65.91925
65.96939
65.96975
66.01949
66.02007
66.06929
66.07054
66.11945
66.121
66.16938
66.17067
66.21909
66.221
66.26949
66.27147
66.31929
66.32178
66.36971
66.37183
66.42003
66.42194
66.46984
66.47233
66.51968
66.52277
66.57004
66.5724
66.62017
66.62256
66.67044
66.67233
66.77043
66.72229
66.82058
66.77252
66.87089
66.82281
66.92091
66.8729
66.97076
66.92329
67.02107
66.97356
67.07076
67.02338
67.12081
67.07369
67.17082
67.12371
67.22109
67.17405
67.271
67.22416
67.3233
67.27378
67.37167
67.32389
67.42143
67.37357
67.47119
67.42419
67.52061
67.47463
67.57059
67.52428
67.62103
67.57399
67.67075
67.62439
67.72044
67.67451
67.77006
67.72419
67.81982
67.77441
67.87016
67.82469
67.92036
67.87476
67.97065
67.92499
68.02074
67.97523
68.0704
68.02489
68.12018
68.07452
68.16994
68.12416
68.22039
68.22354
68.27013
68.27375
68.31989
68.32364
68.37015
68.37409
68.42052
68.42414
68.47094
68.47456
68.52069
68.52447
68.57114
68.57442
68.62085
68.62447
68.67107
68.67456
68.72075
68.72491
68.77113
68.77519
68.82128
68.82484
68.87133
68.87473
68.92158
68.92497
68.97161
68.97527
69.02145
69.02569
69.07165
69.07549
69.12167
69.17602
69.17213
69.2258
69.22259
69.27556
69.27284
69.32569
69.32312
69.37582
69.37347
69.42615
69.42352
69.47581
69.47403
69.52601
69.52392
69.57632
69.5743
69.62675
69.62431
69.6764
69.6648
69.71552
69.71471
69.813
69.76505
69.86285
69.81518
69.91325
69.8654
69.96354
69.91503
70.01395
69.96468
70.06367
70.0143
70.11328
70.06392
70.16332
70.11372
70.2131
70.1635
70.26292
70.21315
70.31261
70.26359
70.36227
70.31328
70.41196
70.36305
70.46233
70.41346
70.51207
70.46352
70.562
70.51377
70.61217
70.56384
70.66214
70.61392
70.71046
70.66415
70.7606
70.71375
70.8105
70.7639
70.8604
70.81396
70.90999
70.86421
70.95983
70.91471
71.01027
71.01463
71.06078
71.06491
71.11144
71.11478
71.16058
71.16522
71.21039
71.2149
71.26019
71.26516
71.31065
71.31536
71.36104
71.36531
71.4109
71.41515
71.46113
71.46533
71.51124
71.51493
71.56106
71.56533
71.61086
71.61535
71.66063
71.6654
71.71032
71.71557
71.76079
71.76547
71.81052
71.81583
71.86021
71.86546
71.91051
71.91541
72.01062
71.96501
72.06087
72.0154
72.11088
72.06525
72.1608
72.11542
72.21037
72.16512
72.26022
72.21479
72.3105
72.26452
72.36023
72.31456
72.41
72.36421
72.45975
72.41456
72.5101
72.46461
72.55975
72.51466
72.60995
72.56468
72.6601
72.61481
72.71049
72.66446
72.7603
72.71484
72.81049
72.76458
72.86044
72.81494
72.91022
72.86534
72.96066
72.91508
73.01028
72.96553
73.06064
73.0154
73.11066
73.06528
73.16039
73.11546
73.21076
73.16578
73.26043
73.21554
73.3104
73.2652
73.36027
73.31559
73.40999
73.36597
73.45961
73.41566
73.50981
73.46613
73.56008
73.51599
73.61025
73.56593
73.66013
73.61579
73.71046
73.6655
73.76069
73.71523
73.81075
73.76496
73.86062
73.81538
73.91052
73.86547
73.96042
73.91516
74.0106
73.96498
74.06088
74.01523
74.11074
74.06569
74.16122
74.11612
74.21101
74.16659
74.26074
74.21699
74.31111
74.31716
74.36148
74.36732
74.41178
74.41699
74.46218
74.46698
74.51247
74.51752
74.56243
74.56719
74.6124
74.61685
74.66238
74.66666
74.71274
74.71658
74.76241
74.81618
74.8121
74.86595
74.86186
74.91571
74.91151
74.96533
74.96171
75.01556
75.01151
75.06524
75.06133
75.11568
75.11151
75.1653
75.16138
75.21516
75.21106
75.26546
75.26093
75.3152
75.31078
75.36514
75.36062
75.41488
75.41039
75.4647
75.46016
75.51455
75.51011
75.56426
75.56004
75.61401
75.61005
75.66383
75.66008
75.71356
75.71019
75.76394
75.76066
75.81382
75.81075
75.86369
75.86046
75.91413
75.91087
75.96442
75.96052
76.01402
76.01017
76.06408
76.0601
76.11372
76.11004
76.16346
76.15983
76.21315
76.20952
76.26316
76.25922
76.31345
76.30903
76.36336
76.35871
76.41312
76.40845
76.46281
76.45824
76.51241
76.50851
76.56225
76.55897
76.61213
76.60903
76.66176
76.65917
76.71168
76.70943
76.76166
76.75948
76.81161
76.80914
76.86155
76.85949
76.91138
76.90923
76.96114
76.95927
77.01095
77.00914
77.06126
77.05934
77.1111
77.10961
77.16109
77.15948
77.2112
77.20924
77.26095
77.25914
77.31132
77.30893
77.36165
77.35889
77.41213
77.40929
77.46214
77.45975
77.51247
77.5099
77.56265
77.56207
77.61279
77.61082
77.66225
77.66074
77.7124
77.70989
77.76252
77.75999
77.81229
77.85974
77.86219
77.90985
77.91203
77.95964
77.96178
78.00985
78.01179
78.06037
78.0615
78.11019
78.11118
78.16
78.16149
78.21047
78.21146
78.26091
78.26109
78.31052
78.31131
78.36089
78.36176
78.41059
78.40321
78.45132
78.45315
78.50143
78.50351
78.55152
78.55338
78.60159
78.60383
78.65174
78.65395
78.70141
78.70405
78.75105
78.75405
78.80091
78.80375
78.85113
78.85401
78.90132
78.90422
78.95163
78.95441
79.00131
79.00491
79.05165
79.05483
79.10157
79.10494
79.15123
79.15501
79.20097
79.20515
79.25076
79.2548
79.30079
79.30454
79.35052
79.35496
79.40053
79.40484
79.45086
79.45483
79.5009
79.50508
79.55059
79.555
79.60104
79.60523
79.65065
79.65508
79.70044
79.7053
79.75011
79.7556
79.7999
79.80603
79.85018
79.85643
79.89984
79.90688
79.94962
79.95686
79.99957
80.00683
80.04942
80.05696
80.09977
80.10703
80.14967
80.15699
80.19984
80.20681
80.24975
80.25667
80.29951
80.30705
80.34929
80.35729
80.39896
80.40692
80.44888
80.45679
80.49891
80.50811
80.54898
80.55706
80.59901
80.65728
80.64886
80.70738
80.69842
80.75768
80.74839
80.80732
80.79834
80.85719
80.84878
80.90726
80.89899
80.95693
80.94942
81.00677
80.99921
81.0572
81.04916
81.10731
81.09921
81.15738
81.14927
81.20718
81.19889
81.25688
81.24879
81.30657
81.29886
81.35672
81.34885
81.40669
81.39882
81.45638
81.4488
81.50603
81.49874
81.55627
81.54854
81.59727
81.57892
81.64732
81.62934
81.6973
81.67928
81.74738
81.72961
81.79754
81.77935
81.84766
81.82928
81.89764
81.87923
81.9474
81.92932
81.99754
81.97961
82.04739
82.02972
82.09738
82.07935
82.14723
82.12965
82.19706
82.18005
82.24732
82.2298
82.29739
82.27991
82.34716
82.32979
82.39736
82.37981
82.44728
82.42997
82.49697
82.47991
82.54663
82.52965
82.59635
82.57963
82.64618
82.62928
82.69604
82.67911
82.74609
82.72874
82.79584
82.7784
82.84561
82.82877
82.89542
82.87844
82.94555
82.92879
82.99536
82.97898
83.04514
83.02911
83.09488
83.07925
83.14467
83.1296
83.19444
83.17937
83.24448
83.22929
83.29485
83.27917
83.34515
83.32906
83.39554
83.37943
83.44588
83.42917
83.4962
83.47906
83.54671
83.53095
83.59674
83.58003
83.64637
83.62983
83.69637
83.68018
83.74615
83.73003
83.79635
83.77977
83.84621
83.82946
83.89622
83.87915
83.94627
83.92879
83.99612
83.9791
84.04579
84.02877
84.0963
84.07902
84.14627
84.12892
84.19615
84.17857
84.24648
84.22897
84.2969
84.27923
84.34649
84.32889
84.39675
84.37917
84.4464
84.42911
84.4967
84.47908
84.5471
84.52892
84.59734
84.62908
84.64695
84.6793
84.69734
84.72896
84.74694
84.77936
84.79736
84.82909
84.89753
84.8795
84.94752
84.92944
84.99742
84.97909
85.04774
85.02929
85.09822
85.07949
85.14861
85.12955
85.19834
85.17943
85.24799
85.22922
85.298
85.2794
85.34825
85.32946
85.39793
85.37926
85.44754
85.42966
85.4978
85.47928
85.54801
85.52901
85.59834
85.62968
85.64857
85.68007
85.69884
85.7304
85.7492
85.78063
85.79947
85.831
85.89905
85.88127
85.94773
85.93147
85.99776
85.98127
86.03762
86.03116
86.08759
86.07048
86.1254
86.11176
86.16759
86.15487
86.21504
86.19682
86.26496
86.24252
86.30212
86.28488
86.33942
86.32202
86.37153
86.35577
86.40152
86.37808
86.41965
86.39789
86.43865
86.42562
86.4602
86.44289
86.48968
86.46715
86.51385
86.4879
86.53199
86.51111
86.54859
86.53358
86.56185
86.55687
86.57739
86.57014
86.59186
86.58605
86.60766
86.59868
86.62214
86.61024
86.63634
86.62448
86.65012
86.63857
86.66417
86.65251
86.67742
86.66618
86.68983
86.68067
86.70806
86.69321
86.72231
86.70714
86.73708
86.72031
86.75243
86.73341
86.76556
86.74677
86.77744
86.75601
86.78666
86.76305
86.79559
86.77737
86.81051
86.78911
86.82335
86.80347
86.83584
86.82086
86.85159
86.83047
86.86559
86.84788
86.88219
86.8643
86.89381
86.87741
86.90154
86.88764
86.91262
86.90034
86.92724
86.91547
86.93892
86.92605
86.95209
86.94049
86.96336
86.9538
86.97552
86.9703
86.98702
86.98341
87.00861
86.99834
87.02415
87.0107
87.03762
87.02745
87.04897
87.03929
87.06477
87.0529
87.07803
87.06014
87.09098
87.06937
87.10464
87.08217
87.11845
87.09477
87.12617
87.10807
87.14054
87.1153
87.15314
87.13091
87.16381
87.14625
87.17871
87.16034
87.19058
87.17498
87.20338
87.19036
87.21463
87.2052
87.2299
87.21745
87.2439
87.23098
87.25541
87.24474
87.28149
87.26294
87.2953
87.27599
87.30822
87.28954
87.32231
87.30259
87.33525
87.31887
87.3503
87.33267
87.3648
87.34753
87.37807
87.35934
87.39055
87.3746
87.40577
87.3886
87.42358
87.40218
87.43808
87.41824
87.45371
87.43523
87.46921
87.4499
87.48335
87.46544
87.50113
87.4814
87.51398
87.49666
87.53268
87.51796
87.54873
87.53406
87.56318
87.55067
87.58098
87.56673
87.59194
87.58536
87.6076
87.59991
87.61931
87.613
87.63367
87.6272
87.64604
87.63889
87.65695
87.64816
87.67191
87.65812
87.6841
87.66989
87.69455
87.68257
87.70888
87.696
87.7216
87.70824
87.73643
87.71999
87.74793
87.73093
87.76334
87.74492
87.77554
87.7542
87.78704
87.76806
87.79881
87.78015
87.8114
87.80002
87.8242
87.8103
87.83349
87.81952
87.84503
87.82632
87.85741
87.83588
87.86919
87.84311
87.88342
87.85675
87.90036
87.87112
87.91894
87.88879
87.93077
87.90295
87.94189
87.91026
87.95113
87.9261
87.96143
87.93623
87.97309
87.94546
87.98335
87.95499
87.9926
87.96226
88.00187
87.97146
88.01109
87.97868
88.02032
87.98788
88.02957
87.99528
88.03876
88.00455
88.04613
88.01626
88.05334
88.02549
88.06255
88.03472
88.07008
88.04496
88.08546
88.05232
88.0947
88.05952
88.10492
88.06876
88.11228
88.07797
88.11948
88.08718
88.1287
88.09444
88.13609
88.10365
88.1453
88.11388
88.1545
88.1211
88.1617
88.13036
88.17197
88.14212
88.18221
88.15652
88.18968
88.16578
88.20649
88.17609
88.21389
88.19148
88.23016
88.20435
88.23796
88.21512
88.25243
88.24147
88.26508
88.25455
88.27435
88.26183
88.28783
88.2763
88.29512
88.28296
88.30439
88.2941
88.31853
88.30328
88.32881
88.31065
88.33908
88.31985
88.34648
88.32912
88.35816
88.3417
88.37077
88.34904
88.37796
88.35822
88.38823
88.36912
88.40276
88.38544
88.41528
88.39582
88.42935
88.41365
88.45212
88.42938
88.46318
88.43864
88.47489
88.45485
88.48547
88.46225
88.49722
88.47739
88.51929
88.49781
88.52743
88.51035
88.54334
88.52374
88.55515
88.54918
88.57468
88.56048
88.58736
88.57732
88.60235
88.59689
88.61674
88.60861
88.62932
88.62389
88.64696
88.6357
88.6604
88.65125
88.67425
88.66429
88.68951
88.68378
88.70126
88.69587
88.71299
88.70509
88.72036
88.71245
88.73067
88.71975
88.74236
88.73601
88.75165
88.74789
88.76815
88.76434
88.78749
88.77805
88.79729
88.79033
88.81747
88.80582
88.83459
88.83649
88.86446
88.8612
88.90015
88.89615
88.94276
88.9174
88.95026
88.94391
88.97395
88.96348
88.98402
88.98311
89.01349
89.01214
89.02792
89.03003
89.05278
89.05286
89.07258
89.06974
89.08651
89.08624
89.09824
89.09542
89.11078
89.10807
89.12102
89.11864
89.12835
89.12893
89.13758
89.13914
89.14928
89.14633
89.16187
89.15656
89.17104
89.16677
89.17817
89.17414
89.18534
89.18437
89.19555
89.19607
89.20578
89.2063
89.22012
89.21806
89.23274
89.2273
89.24541
89.23995
89.25992
89.25347
89.27328
89.26602
89.28865
89.28048
89.30138
89.29563
89.31293
89.30984
89.33031
89.32381
89.33753
89.33117
89.34476
89.34044
89.352
89.35072
89.35921
89.36104
89.36951
89.37029
89.38118
89.38054
89.39152
89.38776
89.39877
89.39708
89.40801
89.4112
89.41724
89.4211
89.42445
89.43377
89.43171
89.4437
89.44093
89.45637
89.44814
89.46883
89.45738
89.47621
89.46765
89.48541
89.47685
89.49263
89.48425
89.5019
89.49561
89.51214
89.50653
89.51953
89.51685
89.52881
89.53011
89.53806
89.53697
89.54836
89.54794
89.55759
89.55518
89.56686
89.5645
89.57834
89.57721
89.58575
89.58958
89.59502
89.59993
89.60428
89.61261
89.61356
89.62524
89.62666
89.63553
89.6375
89.64468
89.65013
89.65836
89.6628
89.66566
89.67313
89.67892
89.6864
89.69067
89.6982
89.70292
89.70851
89.71034
89.72033
89.72374
89.7348
89.73717
89.74647
89.74881
89.75918
89.76147
89.77302
89.7718
89.7823
89.78716
89.79778
89.79454
89.80705
89.80858
89.82349
89.81693
89.83433
89.83285
89.84986
89.842
89.863
89.85378
89.87708
89.88692
89.89141
89.90285
89.89947
89.91232
89.91122
89.92157
89.92153
89.935
89.93185
89.94225
89.94362
89.95151
89.95631
89.9618
89.96376
89.97207
89.97298
89.98178
89.98038
89.99204
89.99209
90.00104
89.99954
