0.007465146
0.0156579
0.01933121
0.0218579
0.03213084
0.02792438
0.04503695
0.03412446
0.05440929
0.04031777
0.06863415
0.04652434
0.08019198
0.05477344
0.08679012
0.06117566
0.09918132
0.06737113
0.1115956
0.07356685
0.1204768
0.07976065
0.1360764
0.0859521
0.144941
0.09218513
0.1550302
0.09839191
0.1687068
0.1066585
0.1803796
0.1149136
0.1928293
0.1212781
0.2054601
0.1275095
0.2192328
0.1337051
0.2322948
0.1398987
0.2441967
0.1460985
0.2558072
0.1522962
0.2686732
0.1585234
0.2792064
0.1645625
0.2896728
0.1707563
0.3012601
0.1769478
0.3121015
0.1831415
0.32447
0.1893704
0.3371926
0.232582
0.347911
0.2386067
0.3565732
0.2447878
0.3685646
0.2508253
0.3808413
0.2570543
0.3906348
0.2632478
0.3995392
0.2694542
0.408272
0.283885
0.4232992
0.2899413
0.4364567
0.2959657
0.4482628
0.3021531
0.4575267
0.3081847
0.4641168
0.3164487
0.4738352
0.3226798
0.4871868
0.3288732
0.4957908
0.335071
0.5084572
0.3412522
0.5214279
0.3474521
0.5344692
0.353673
0.5446481
0.3619853
0.5573164
0.3702264
0.5674018
0.3765867
0.5769349
0.3827824
0.5864868
0.3889781
0.599376
0.3952095
0.6079631
0.4014051
0.617592
0.4076071
0.6299876
0.4138024
0.6413331
0.4199859
0.6564475
0.4262314
0.6663806
0.4324293
0.6750262
0.4386187
0.689224
0.4448083
0.6994547
0.4509851
0.7114546
0.4572351
0.7204563
0.4634286
0.7327957
0.4696261
0.7418226
0.4758197
0.7530555
0.4820176
0.7653864
0.4882153
0.7747759
0.4944505
0.7908254
0.5006504
0.803632
0.5068485
0.8137855
0.5130461
0.8277078
0.5192462
0.8364642
0.5254811
0.8512492
0.5316747
0.8643968
0.5378683
0.877059
0.5440496
0.8901713
0.5502493
0.901965
0.5564867
0.9151956
0.5626953
0.9283246
0.5709743
0.9409782
0.5814236
0.9495782
0.5876214
0.9626297
0.5938483
0.9717941
0.6000487
0.9868484
0.6083399
0.9982456
0.616581
1.007441
0.6228274
1.022697
0.6310954
1.037655
0.6372891
1.052117
0.6433368
1.064128
0.6493641
1.077094
0.6555578
1.085727
0.6616259
1.098097
0.6676466
1.111793
0.6738464
1.120458
0.6800461
1.131683
0.6862442
1.140288
0.6923023
1.152425
0.6983312
1.165579
0.7043582
1.175585
0.7105539
1.18511
0.7165811
1.194049
0.722812
1.204057
0.7288432
1.21398
0.734868
1.22059
0.7410678
1.229913
0.7472656
1.23649
0.7532966
1.242905
0.7595133
1.25305
0.7657129
1.261679
0.771913
1.270287
0.7781067
1.278856
0.7843001
1.28742
0.7905124
1.29628
0.7967122
1.308724
0.8029121
1.317959
0.8091416
1.330017
0.8211577
1.33659
0.8273788
1.345225
0.833578
1.355508
0.8397781
1.364056
0.845978
1.372655
0.8520172
1.379412
0.8580797
1.387968
0.8642733
1.396643
0.8704669
1.405176
0.8766624
1.413809
0.8828623
1.422521
0.8890435
1.433566
0.8952912
1.44014
0.9014871
1.448706
0.9076974
1.455253
0.9159639
1.46172
0.9242615
1.470786
0.9306278
1.477378
0.936828
1.485986
0.9428608
1.49262
0.9488942
1.504008
0.9549085
1.510586
0.9609753
1.519452
0.9670207
1.528083
0.9732166
1.534816
0.9794145
1.541427
0.9856101
1.552318
0.9916785
1.561203
0.9978746
1.570436
1.003904
1.580947
1.010105
1.589692
1.016307
1.598235
1.022503
1.604827
1.028563
1.616229
1.034596
1.62301
1.040805
1.631647
1.049042
1.641687
1.055408
1.652235
1.061642
1.662249
1.069904
1.670805
1.076281
1.679421
1.084508
1.691894
1.090758
1.700625
1.096957
1.711704
1.103161
1.720306
1.109357
1.732582
1.115553
1.739151
1.121748
1.745736
1.127973
1.754882
1.134173
1.763497
1.140219
1.772049
1.146417
1.780629
1.152612
1.789277
1.158839
1.798674
1.165039
1.805247
1.171239
1.815555
1.179487
1.824164
1.18773
1.832888
1.194124
1.839474
1.21269
1.850292
1.21889
1.861313
1.227171
1.870045
1.239554
1.876618
1.245739
1.883202
1.264347
1.892293
1.270534
1.899045
1.289122
1.910074
1.320104
1.916645
1.369526
1.927445
1.400336
1.935944
1.443501
1.942504
1.461936
1.948913
1.4743
1.957579
1.498938
1.968287
1.529747
1.976818
1.554326
1.983379
1.560551
1.991953
1.572931
1.998712
1.585298
2.009903
1.59154
2.018845
1.611964
2.029944
1.62422
2.038463
1.630408
2.047044
1.675133
2.053617
1.701814
2.062304
1.707831
2.071306
1.714024
2.082031
1.720213
2.090576
1.726451
2.099241
1.734696
2.109266
1.753269
2.117975
1.771869
2.130942
1.784248
2.137508
1.809026
2.146087
1.846021
2.154739
1.852208
2.166241
1.858428
2.17543
1.876997
2.187088
1.901609
2.193886
1.914009
2.204494
1.926419
2.213017
1.932611
2.221629
1.963414
2.232058
2.000559
2.244593
2.006759
2.254333
2.012948
2.260941
2.01914
2.268995
2.025358
2.27774
2.03155
2.286295
2.037737
2.296903
2.043925
2.305804
2.050112
2.312366
2.062522
2.318773
2.080911
2.327398
2.124133
2.338429
2.130333
2.350838
2.169064
2.357439
2.189555
2.366172
2.203983
2.377932
2.228268
2.386961
2.252505
2.399073
2.277121
2.4086
2.325676
2.41557
2.337713
2.429735
2.349913
2.440153
2.398618
2.45033
2.437346
2.459032
2.467988
2.467569
2.474008
2.474303
2.49467
2.482856
2.50688
2.489636
2.512901
2.498214
2.549586
2.511016
2.592112
2.517568
2.634775
2.524005
2.661604
2.530568
2.71614
2.537168
2.764537
2.545793
2.782934
2.554346
2.801011
2.560959
2.807053
2.571567
2.825505
2.580302
2.870228
2.592235
2.912725
2.598799
2.963674
2.605368
2.969859
2.613945
3.024435
2.622501
3.06074
2.631034
3.090871
2.637624
3.121462
2.648655
3.176069
2.659158
3.220959
2.669992
3.277921
2.678564
3.302362
2.685131
3.338861
2.691567
3.362969
2.700099
3.368989
2.708728
3.399622
2.717276
3.405643
2.723878
3.424065
2.732663
3.43025
2.741338
3.460377
2.750364
3.472585
2.756964
3.47877
2.763543
3.484791
2.769939
3.502895
2.776533
3.515103
2.787818
3.52129
2.794791
3.533367
2.805897
3.5454
2.812465
3.551431
2.818871
3.596526
2.827515
3.602713
2.839096
3.621265
2.848406
3.635725
2.857029
3.64191
2.867387
3.648095
2.875948
3.672863
2.884497
3.685253
2.894413
3.691463
2.902995
3.697663
2.911597
3.710036
2.923488
3.716225
2.93005
3.728637
2.936625
3.734825
2.94521
3.771838
2.954025
3.790436
2.964737
3.796627
2.976228
3.802824
2.982962
3.829654
2.991592
3.84822
2.998161
3.854395
3.006761
3.860632
3.015294
3.879194
3.022063
3.885381
3.031
3.897789
3.03956
3.910158
3.048826
3.916358
3.055393
3.936832
3.063978
3.942851
3.072511
3.949038
3.079082
3.955059
3.087661
3.961111
3.094261
3.967125
3.10285
3.973317
3.109558
3.993645
3.116146
3.999833
3.127491
4.011858
3.136045
4.018058
3.145
4.024276
3.156403
4.030293
3.162957
4.036314
3.17154
4.054371
3.181416
4.078652
3.191121
4.084852
3.200959
4.093122
3.209662
4.099322
3.216393
4.111363
3.223004
4.131714
3.231591
4.139967
3.238156
4.15839
3.246691
4.164417
3.255259
4.17045
3.263824
4.178708
3.272424
4.199218
3.280988
4.205408
3.289602
4.211588
3.296156
4.223655
3.302556
4.229694
3.311089
4.235715
3.319643
4.256187
3.331057
4.262387
3.339664
4.268588
3.348269
4.276852
3.360667
4.285095
3.369244
4.29132
3.378258
4.297343
3.389154
4.303558
3.395718
4.314984
3.402287
4.321173
3.410866
4.327253
3.421487
4.339475
3.433086
4.347719
3.441592
4.355985
3.450286
4.362183
3.463004
4.368218
3.471525
4.376451
3.481869
4.382651
3.492939
4.38887
3.504153
4.400424
3.510724
4.409003
3.519247
4.41725
3.527853
4.423517
3.536717
4.435419
3.543113
4.444052
3.551602
4.452299
3.561717
4.458719
3.570462
4.468039
3.583304
4.47631
3.592539
4.488226
3.602572
4.499559
3.611076
4.511384
3.62072
4.51965
3.63095
4.528173
3.641056
4.538449
3.647454
4.54465
3.655977
4.550681
3.667458
4.556762
3.676012
4.565018
3.688482
4.577008
3.695114
4.588715
3.706261
4.59794
3.713007
4.606182
3.724149
4.614448
3.734615
4.623752
3.744736
4.63014
3.754054
4.642233
3.760662
4.653553
3.76917
4.662211
3.778193
4.670803
3.789453
4.679046
3.799655
4.685265
3.809532
4.692075
3.819456
4.702177
3.826081
4.712913
3.834913
4.725335
3.843391
4.733606
3.851879
4.739958
3.861347
4.751314
3.872747
4.763884
3.881213
4.775688
3.890186
4.787979
3.90219
4.797579
3.914638
4.805846
3.927079
4.817008
3.937466
4.825312
3.946341
4.837287
3.957478
4.849063
3.966012
4.861597
3.977611
4.8744
3.984211
4.883044
3.99744
4.889479
4.007877
4.898088
4.020375
4.90677
4.030789
4.919776
4.043326
4.927941
4.054965
4.936208
4.064853
4.944492
4.075246
4.956042
4.086808
4.964329
4.093465
4.976416
4.105991
4.98264
4.11821
4.992175
4.131385
5.000476
4.139899
5.012104
4.151455
5.020374
4.160496
5.028687
4.173704
5.040465
4.182202
5.046809
4.194977
5.055079
4.203583
5.061334
4.214529
5.069604
4.225863
5.075892
4.237378
5.082822
4.249128
5.096012
4.262594
5.104297
4.271667
5.117143
4.2836
5.127032
4.296927
5.137747
4.311805
5.149484
4.329844
5.157817
4.349257
5.166948
4.36238
5.175239
4.375495
5.184103
4.38765
5.193106
4.401899
5.203666
4.417822
5.213076
4.430995
5.22553
4.442258
5.233771
4.454671
5.240003
4.479902
5.249552
4.492866
5.261237
4.507324
5.272925
4.523003
5.284656
4.536303
5.292946
4.551727
5.29915
4.565108
5.305224
4.574239
5.31708
4.589232
5.326969
4.603103
5.337902
4.618444
5.348168
4.628365
5.356768
4.641867
5.365095
4.658193
5.377855
4.676316
5.386132
4.692456
5.394467
4.704792
5.406103
4.722832
5.414407
4.737523
5.424769
4.751233
5.43516
4.767324
5.444767
4.783453
5.454479
4.796649
5.466747
4.817192
5.475434
4.831256
5.484863
4.847797
5.4975
4.864192
5.510633
4.88103
5.524362
4.892719
5.538002
4.909787
5.549266
4.926856
5.560966
4.940755
5.567299
4.96865
5.576098
4.9831
5.582338
5.00756
5.588484
5.025245
5.599188
5.047386
5.61005
5.06689
5.621785
5.080567
5.628201
5.096726
5.636495
5.113376
5.64767
5.12989
5.660474
5.147759
5.67027
5.166631
5.680165
5.187164
5.692806
5.210112
5.705875
5.227959
5.714468
5.259386
5.720879
5.278554
5.732601
5.296612
5.745938
5.327382
5.758522
5.357227
5.769406
5.380251
5.782794
5.401313
5.79294
5.423521
5.804696
5.44476
5.819203
5.472093
5.83314
5.495111
5.845792
5.527315
5.856873
5.552872
5.86996
5.578355
5.884798
5.597184
5.895979
5.629047
5.910593
5.658941
5.921801
5.681382
5.949225
5.714954
5.960358
5.745749
5.974072
5.773115
5.989158
5.796239
6.008584
5.817556
6.024623
5.839751
6.07252
5.859434
6.108922
5.886775
6.134519
5.912281
6.173199
5.933678
6.186059
5.957803
6.201242
5.977444
6.210459
5.994414
6.223779
6.01413
6.239666
6.032065
6.253087
6.047836
6.282801
6.063171
6.294505
6.081835
6.3174
6.09723
6.368128
6.114032
6.380886
6.134475
6.411019
6.152344
6.422868
6.177133
6.437706
6.20174
6.455445
6.227415
6.473198
6.251944
6.486865
6.278409
6.498283
6.301549
6.512856
6.324742
6.54117
6.3463
6.5769
6.372078
6.591181
6.409903
6.606312
6.440885
6.624083
6.479686
6.671908
6.52872
6.694814
6.572453
6.721866
6.617599
6.829211
6.6681
6.842569
6.718033
6.857246
6.767632
6.877656
6.817941
6.934704
6.868225
6.971833
6.918492
7.11059
6.968816
7.160918
7.019203
7.184905
7.069399
7.215659
7.119536
7.247262
7.169872
7.302502
7.220138
7.32385
7.27053
7.355295
7.320731
7.421929
7.370975
7.458934
7.420794
7.49085
7.470865
7.540651
7.520987
7.586375
7.570652
7.632026
7.669946
7.682198
7.719601
7.732095
7.769915
7.781987
7.819813
7.832128
7.869435
7.882155
7.919195
7.931983
8.019981
7.982114
8.069646
8.032158
8.12004
8.081772
8.170303
8.132019
8.220131
8.177176
8.27058
8.226841
8.320314
8.327089
8.370509
8.377105
8.420194
8.42758
8.469986
8.477908
8.51977
8.527779
8.569429
8.578081
8.619068
8.628076
8.668769
8.728207
8.718586
8.778133
8.768264
8.828271
8.818266
8.878405
8.86805
8.928692
8.91833
8.979034
8.968795
9.029504
9.018689
9.079742
9.068697
9.13016
9.118589
9.17988
9.168615
9.22953
9.218318
9.279201
9.267962
9.32954
9.318208
9.429832
9.368575
9.479604
9.41852
9.529799
9.46828
9.579803
9.518614
9.630021
9.568354
9.680212
9.618103
9.730563
9.668036
9.780231
9.718026
9.830533
9.767782
9.880884
9.81858
9.930595
9.868312
9.980959
9.918417
10.03133
9.968374
10.0812
10.0183
10.13154
10.06816
10.18192
10.1183
10.23194
10.1683
10.28221
10.21875
10.33185
10.26836
10.4314
10.3186
10.48138
10.36856
10.53102
10.41835
10.58131
10.46808
10.63174
10.51835
10.68208
10.5684
10.73247
10.6185
10.78251
10.66894
10.83291
10.71916
10.88327
10.76896
10.93312
10.819
10.98341
10.86909
11.03318
10.91893
11.08361
10.96862
11.13407
11.01849
11.18403
11.06863
11.23414
11.119
11.2836
11.16916
11.33347
11.21887
11.38366
11.31873
11.43371
11.36865
11.48363
11.41846
11.53405
11.46862
11.58444
11.51865
11.63419
11.5686
11.68445
11.61862
11.73476
11.66832
11.78486
11.76779
11.83505
11.81815
11.8851
11.86793
11.93472
11.91819
11.98516
11.96859
12.03554
12.01827
12.0857
12.06826
12.13602
12.11798
12.18595
12.15919
12.2325
12.20946
12.28262
12.25953
12.33291
12.30986
12.38328
12.35949
12.43368
12.40987
12.48337
12.45991
12.53384
12.51034
12.58377
12.56007
12.63367
12.61034
12.68348
12.66036
12.73351
12.7103
12.7839
12.76051
12.83417
12.8105
12.88455
12.86086
12.93478
12.9107
12.98508
12.96104
13.03531
13.01131
13.08535
13.06123
13.13556
13.11099
13.18556
13.16139
13.23536
13.21159
13.2852
13.26216
13.38589
13.31199
13.43614
13.36191
13.48576
13.41228
13.53556
13.46251
13.58563
13.51284
13.6357
13.56284
13.68569
13.61322
13.73608
13.66291
13.78616
13.71295
13.83666
13.76265
13.88698
13.81297
13.9372
13.86271
13.98746
13.91277
14.03743
13.96275
14.08746
14.01241
14.13774
14.0621
14.18808
14.11183
14.23788
14.16147
14.28751
14.21147
14.33762
14.26166
14.38767
14.31174
14.43805
14.36167
14.48772
14.41175
14.53758
14.46207
14.58731
14.51207
14.63888
14.56226
14.68765
14.61201
14.73752
14.66236
14.83719
14.71243
14.8872
14.76253
14.93728
14.81256
14.98757
14.86267
15.03785
14.91314
15.08759
14.9629
15.13759
15.01321
15.18786
15.0634
15.23821
15.11353
15.28784
15.16343
15.33745
15.21369
15.43733
15.26375
15.48777
15.314
15.53813
15.36393
15.5883
15.41376
15.63849
15.46422
15.68865
15.51442
15.73892
15.56482
15.78912
15.61502
15.83957
15.66546
15.88978
15.71582
15.93976
15.76615
15.98969
15.81631
16.03989
15.86659
16.08989
15.91672
16.14009
16.01714
16.18992
16.06761
16.23956
16.11808
16.28986
16.16846
16.33958
16.21894
16.39002
16.26925
16.43972
16.31944
16.49005
16.36977
16.54003
16.41984
16.58974
16.46971
16.63937
16.51986
16.68955
16.57013
16.7397
16.62012
16.78981
16.67073
16.83995
16.72039
16.88998
16.7708
16.93996
16.82111
16.98996
16.87146
17.03963
16.92173
17.08987
16.97198
17.14015
17.02243
17.19024
17.07226
17.2406
17.12239
17.29022
17.17263
17.33982
17.22296
17.3902
17.27263
17.4404
17.32239
17.49068
17.37252
17.54103
17.42224
17.59109
17.47262
17.63762
17.52287
17.68593
17.57301
17.73595
17.67278
17.78594
17.72265
17.83603
17.77281
17.88649
17.8228
17.9366
17.87284
17.98622
17.9231
18.03626
17.97311
18.08655
18.02322
18.13619
18.07323
18.1868
18.12335
18.23658
18.17316
18.2868
18.22298
18.33689
18.27337
18.38622
18.32351
18.43592
18.37328
18.48626
18.42339
18.53635
18.47308
18.58614
18.52357
18.63601
18.57351
18.68604
18.6237
18.73625
18.6736
18.78637
18.72332
18.88705
18.77366
18.93718
18.82342
18.98685
18.87394
19.03652
18.92408
19.08694
18.97403
19.13719
19.02434
19.18732
19.07463
19.23734
19.12481
19.28747
19.17508
19.33747
19.22533
19.38778
19.27556
19.43801
19.32554
19.48819
19.37515
19.53859
19.42548
19.58885
19.47591
19.6392
19.52569
19.68942
19.57578
19.78912
19.62599
19.83957
19.67604
19.88991
19.72627
19.93998
19.7766
19.99033
19.82668
20.04045
19.87685
20.09069
19.92675
20.14045
19.97701
20.19079
20.02735
20.24051
20.07795
20.29077
20.12795
20.34108
20.17772
20.39132
20.22805
20.44106
20.27761
20.49077
20.32757
20.54051
20.37753
20.64038
20.42794
20.69039
20.47763
20.74051
20.52799
20.79075
20.57787
20.84047
20.62798
20.89068
20.67833
20.94088
20.72837
20.99068
20.77825
21.04043
20.82825
21.09056
20.87833
21.14043
20.92865
21.19051
20.97903
21.24067
21.02891
21.29109
21.07899
21.34077
21.12884
21.39049
21.1792
21.44083
21.22964
21.4913
21.28003
21.54121
21.32989
21.59147
21.37991
21.64162
21.43014
21.69166
21.53021
21.7419
21.57982
21.79226
21.63007
21.84237
21.68009
21.8923
21.78057
21.94182
21.8309
21.99145
21.88085
22.04182
21.93123
22.09199
21.98165
22.14239
22.03195
22.19201
22.08214
22.24239
22.1319
22.29283
22.18227
22.34306
22.23215
22.39289
22.28217
22.44261
22.33246
22.49281
22.38283
22.54314
22.43297
22.59287
22.48342
22.64298
22.53368
22.69313
22.58376
22.74331
22.63364
22.79337
22.68395
22.84327
22.7336
22.8932
22.78354
22.9431
22.83334
22.99288
22.88303
23.04251
22.9326
23.09237
22.9824
23.14261
23.03262
23.18557
23.08239
23.23531
23.13259
23.28513
23.18222
23.33528
23.23189
23.38517
23.28214
23.43559
23.33195
23.48592
23.38222
23.53559
23.43194
23.58538
23.47594
23.63522
23.52608
23.68536
23.57647
23.73546
23.62638
23.78539
23.67742
23.8352
23.72654
23.88504
23.77655
23.93517
23.82668
23.98517
23.87668
24.03546
23.92708
24.08559
23.97726
24.13602
24.02692
24.18588
24.07718
24.23605
24.12713
24.28596
24.17678
24.3363
24.22686
24.38669
24.27721
24.43662
24.327
24.4863
24.37701
24.53605
24.42724
24.58637
24.47739
24.63622
24.52724
24.68502
24.57746
24.7347
24.62724
24.78512
24.67727
24.83509
24.72727
24.88497
24.77744
24.93517
24.82793
24.98535
24.87757
25.03571
24.92726
25.08581
24.97751
25.13591
25.028
25.18631
25.07838
25.23638
25.12833
25.28667
25.17851
25.33667
25.22843
25.38726
25.27888
25.43684
25.32885
25.5376
25.37863
25.58715
25.42906
25.63686
25.47931
25.68656
25.52899
25.73681
25.57892
25.7867
25.62875
25.83703
25.67894
25.887
25.72899
25.9367
25.77889
25.98675
25.82878
26.0371
25.87858
26.08699
25.9285
26.13706
25.97865
26.18739
26.02855
26.23728
26.07895
26.28706
26.12904
26.33728
26.17948
26.38689
26.22941
26.43688
26.27944
26.4872
26.32923
26.53692
26.37948
26.58667
26.42963
26.63634
26.47995
26.68608
26.52984
26.73653
26.58028
26.78625
26.63004
26.83651
26.68001
26.88665
26.7303
26.93642
26.78027
26.98664
26.83028
27.03644
26.88002
27.08657
26.93013
27.1369
26.98046
27.18683
27.03075
27.23664
27.0804
27.28678
27.13112
27.33711
27.18143
27.38718
27.23142
27.43753
27.28161
27.48797
27.33109
27.53806
27.381
27.58819
27.43108
27.63866
27.4814
27.68904
27.53109
27.73939
27.581
27.78938
27.63079
27.8395
27.68115
27.88942
27.73131
27.9393
27.78159
27.98892
27.83149
28.03879
27.88113
28.08886
27.93088
28.13892
27.98113
28.1894
28.03147
28.23903
28.08151
28.33918
28.13132
28.38898
28.18148
28.43886
28.23173
28.48877
28.28171
28.53882
28.33193
28.58935
28.38206
28.63895
28.43251
28.68862
28.48226
28.73875
28.52732
28.79169
28.57373
28.8216
28.61066
28.8677
28.66066
28.90855
28.7109
28.95854
28.75793
28.99698
28.80783
29.04704
28.858
29.09691
28.90813
29.14738
28.95862
29.19728
29.00872
29.24694
29.0589
29.29695
29.10859
29.34735
29.15906
29.39754
29.20923
29.44798
29.2593
29.49763
29.30896
29.54764
29.35929
29.59749
29.40965
29.64722
29.45976
29.69688
29.51005
29.7465
29.56011
29.79695
29.61004
29.84657
29.66011
29.8968
29.71039
29.94689
29.76037
29.99661
29.86101
30.04695
29.91135
30.09742
29.9527
30.14739
30.00248
30.19775
30.05061
30.24761
30.10074
30.29754
30.14029
30.34774
30.2201
30.39766
30.27054
30.44215
30.31068
30.48786
30.35422
30.53815
30.40462
30.58831
30.45422
30.63833
30.50424
30.68802
30.55457
30.73812
30.60437
30.78831
30.65482
30.83792
30.70507
30.88835
30.75668
30.93868
30.8057
30.98886
30.85615
31.03912
30.90636
31.08906
30.95562
31.13906
31.00549
31.18941
31.05573
31.23961
31.10603
31.28995
31.1564
31.33958
31.20615
31.39001
31.25603
31.44044
31.30599
31.49079
31.3564
31.54117
31.40603
31.59167
31.45636
31.64214
31.50659
31.69191
31.55687
31.74157
31.6066
31.79117
31.65631
31.84082
31.70642
31.89126
31.75667
31.941
31.8068
31.99132
31.85668
32.04157
31.90693
32.09132
31.95666
32.14145
32.007
32.19169
32.04951
32.2298
32.09933
32.27955
32.14726
32.32948
32.1977
32.37964
32.24574
32.42973
32.29539
32.47991
32.345
32.58029
32.39484
32.63012
32.44532
32.68051
32.49544
32.73095
32.5451
32.78068
32.5955
32.83032
32.64566
32.88057
32.69586
32.93022
32.7462
32.98018
32.79649
33.03038
32.84646
33.08038
32.89631
33.13005
32.94654
33.18022
32.9967
33.23036
33.04705
33.28054
33.09715
33.33065
33.14746
33.38069
33.19727
33.43031
33.2475
33.48067
33.29786
33.53107
33.34751
33.58074
33.39752
33.63048
33.44759
33.68083
33.49778
33.73074
33.54763
33.78041
33.59779
33.83007
33.64792
33.8804
33.69783
33.9305
33.74772
33.98077
33.79805
34.03106
33.84795
34.08113
33.89824
34.13153
33.94851
34.18186
33.99895
34.23208
34.04915
34.28246
34.09988
34.33218
34.15025
34.38254
34.20038
34.43281
34.25022
34.48261
34.30035
34.53268
34.3503
34.58252
34.4001
34.63244
34.45057
34.68254
34.50048
34.73281
34.55042
34.78312
34.6002
34.83346
34.65064
34.8836
34.70042
34.93348
34.75064
34.98388
34.8003
35.03421
34.85015
35.08467
34.89988
35.13491
34.94983
35.18455
34.99974
35.23455
35.04952
35.2847
35.09974
35.33479
35.14987
35.38514
35.19949
35.4356
35.24936
35.48592
35.34874
35.53566
35.39849
35.58611
35.44849
35.63586
35.49855
35.68571
35.54863
35.73613
35.59853
35.78617
35.64862
35.83638
35.69894
35.88604
35.74856
35.93586
35.79875
35.98507
35.84885
36.03502
35.89918
36.0848
35.94926
36.13444
35.99935
36.18406
36.04939
36.23442
36.0998
36.28413
36.15015
36.3341
36.19994
36.38416
36.25027
36.43417
36.28454
36.48378
36.33472
36.53392
36.38485
36.58376
36.43452
36.63377
36.48454
36.68372
36.53474
36.73349
36.58474
36.78392
36.63507
36.83438
36.68501
36.88423
36.73505
36.93396
36.78509
36.98371
36.83509
37.03338
36.88518
37.08375
36.93487
37.13415
36.9852
37.1843
37.03524
37.23475
37.08572
37.28457
37.1355
37.33484
37.18579
37.38517
37.23543
37.43516
37.28522
37.48494
37.33526
37.53536
37.38519
37.58501
37.43555
37.63463
37.48551
37.68493
37.53589
37.73482
37.58612
37.78509
37.63609
37.83553
37.68635
37.88536
37.73659
37.93502
37.78662
37.98479
37.83678
38.03523
37.88721
38.085
37.93761
38.13536
37.98783
38.18541
38.03796
38.23541
38.08789
38.28539
38.13771
38.33575
38.18755
38.3858
38.23717
38.43575
38.28701
38.48581
38.33737
38.53595
38.38722
38.58632
38.43738
38.63601
38.48713
38.68586
38.53683
38.73574
38.58727
38.78558
38.63761
38.83541
38.68776
38.88507
38.73796
38.93545
38.78768
38.98579
38.83773
39.03605
38.88774
39.08614
38.93806
39.13641
38.98767
39.18813
39.03768
39.23672
39.08763
39.28652
39.13789
39.33658
39.18807
39.38694
39.23782
39.43657
39.28788
39.48687
39.33754
39.53684
39.38633
39.58479
39.42723
39.63526
39.47729
39.68564
39.51325
39.73586
39.56345
39.7859
39.61354
39.8325
39.66361
39.88263
39.73944
39.91805
39.76909
39.96818
39.80251
40.00102
39.89455
40.05065
39.91891
40.08816
39.9532
40.12989
39.99091
40.17371
40.02874
40.22353
40.07849
40.26191
40.12835
40.31185
40.17813
40.36173
40.22818
40.41202
40.27814
40.46192
40.32839
40.51219
40.37853
40.56232
40.42866
40.61244
40.47899
40.66277
40.52908
40.71325
40.57914
40.7635
40.62897
40.81398
40.67864
40.86368
40.72854
40.9135
40.77864
40.96328
40.82883
41.01365
40.87886
41.06404
40.92932
41.11449
40.97905
41.16416
41.02931
41.21382
41.08062
41.26415
41.12903
41.31414
41.17944
41.36405
41.2288
41.4145
41.27847
41.46435
41.32858
41.51483
41.37872
41.5648
41.42843
41.61509
41.4784
41.66542
41.52864
41.71513
41.57837
41.76507
41.62878
41.81474
41.67922
41.86441
41.72949
41.91408
41.77962
41.96446
41.82983
42.01468
41.87992
42.06487
41.92969
42.11523
41.97978
42.16545
42.02976
42.21561
42.08008
42.26556
42.13002
42.31589
42.18047
42.36607
42.23079
42.41627
42.2809
42.46595
42.33054
42.51571
42.38096
42.56605
42.43089
42.61654
42.4808
42.66674
42.53114
42.71694
42.58116
42.76694
42.63081
42.81819
42.6812
42.86742
42.7311
42.91759
42.78136
42.96755
42.83096
43.01732
42.88101
43.06708
42.93122
43.1174
42.98161
43.16722
43.03194
43.21706
43.08161
43.26678
43.13194
43.31654
43.18156
43.36658
43.2314
43.41707
43.2813
43.46708
43.33162
43.51738
43.38126
43.56764
43.43093
43.61739
43.48114
43.66706
43.53079
43.71703
43.58089
43.76717
43.63119
43.81712
43.68126
43.86736
43.73162
43.9177
43.78183
43.968
43.83215
44.01764
43.88235
44.06726
43.93206
44.11739
43.98228
44.16759
44.03265
44.21726
44.08293
44.26696
44.13291
44.3168
44.18313
44.36724
44.2334
44.41704
44.28358
44.46745
44.33372
44.51716
44.38387
44.56725
44.43421
44.61696
44.48386
44.66746
44.5344
44.71724
44.58434
44.7669
44.63485
44.81659
44.68466
44.86664
44.73474
44.91635
44.78474
44.96667
44.835
45.01685
44.88498
45.06699
44.93471
45.11705
44.98456
45.16701
45.0347
45.21692
45.08507
45.26683
45.13512
45.31692
45.18498
45.36668
45.23532
45.41641
45.28565
45.4669
45.3355
45.5173
45.38599
45.56731
45.43592
45.61697
45.48599
45.6666
45.53566
45.71704
45.58562
45.76558
45.63525
45.81575
45.68543
45.86613
45.73513
45.91631
45.78537
45.96653
45.83557
46.01679
45.88575
46.06682
45.93554
46.1171
45.98597
46.16693
46.03585
46.21734
46.08579
46.26917
46.13591
46.31778
46.18568
46.36823
46.23572
46.46827
46.28584
46.51869
46.33615
46.56853
46.38577
46.61854
46.43605
46.66827
46.48571
46.71862
46.53608
46.76905
46.5858
46.81886
46.63577
46.86884
46.68617
46.91875
46.73597
46.96888
46.78607
47.0186
46.8362
47.06852
46.88611
47.11891
46.9361
47.16931
46.98627
47.2197
47.03654
47.26964
47.08653
47.31967
47.13667
47.37006
47.18636
47.42039
47.23602
47.4706
47.28647
47.52032
47.33673
47.57021
47.38688
47.62033
47.43726
47.67017
47.48755
47.72011
47.5376
47.77044
47.58742
47.82079
47.63779
47.87119
47.68779
47.9212
47.7378
47.97133
47.78809
48.02151
47.83829
48.07118
47.89159
48.12126
47.93832
48.1711
47.98849
48.22082
48.03872
48.27092
48.08815
48.32131
48.13824
48.3713
48.18812
48.42156
48.23809
48.47206
48.28784
48.52186
48.3382
48.57204
48.38819
48.62166
48.43785
48.67205
48.48814
48.72171
48.53798
48.77136
48.58773
48.82098
48.68753
48.87089
48.73773
48.92102
48.78793
48.97109
48.83781
49.02131
48.88747
49.07149
48.93707
49.12165
48.98714
49.1713
49.03747
49.22152
49.08758
49.27189
49.13794
49.32204
49.1882
49.37171
49.23838
49.42168
49.28873
49.47343
49.3391
49.52184
49.38963
49.57217
49.43924
49.62184
49.48959
49.67149
49.53953
49.72164
49.58976
49.772
49.63986
49.8223
49.68979
49.87224
49.73952
49.92207
49.78972
49.97188
49.83943
50.02181
49.8891
50.07173
49.93912
50.12196
49.98915
50.17183
50.03896
50.22229
50.08863
50.27197
50.13876
50.32194
50.18851
50.37197
50.23864
50.42192
50.28868
50.47168
50.33844
50.5219
50.38869
50.57198
50.43855
50.62162
50.48869
50.6713
50.53831
50.72158
50.58824
50.77133
50.63862
50.82175
50.68837
50.87148
50.73809
50.92112
50.78851
50.97153
50.83816
51.0214
50.88849
51.07121
50.93871
51.17059
50.98861
51.22094
51.03888
51.27065
51.08961
51.3208
51.13937
51.37085
51.18917
51.42072
51.23883
51.47108
51.28863
51.52132
51.33881
51.57165
51.3891
51.62138
51.43948
51.67167
51.48923
51.7215
51.5391
51.77113
51.58957
51.82094
51.63927
51.87133
51.68939
51.92104
51.73902
51.97066
51.78868
52.02039
51.83907
52.07033
51.93923
52.12054
51.98932
52.17084
52.03938
52.22086
52.08915
52.2705
52.13892
52.32066
52.18931
52.37052
52.23892
52.42096
52.28871
52.47112
52.33842
52.52139
52.38805
52.57171
52.43819
52.62165
52.48854
52.67132
52.53819
52.72319
52.58854
52.77159
52.63893
52.8221
52.68931
52.87201
52.73925
52.92164
52.78954
52.97198
52.83953
53.02243
52.88923
53.07239
52.9395
53.12225
52.98916
53.17186
53.03878
53.22163
53.08839
53.27141
53.13867
53.32124
53.18907
53.3717
53.23937
53.42144
53.28942
53.47143
53.33986
53.5213
53.38967
53.57129
53.43958
53.62138
53.48987
53.67174
53.53952
53.72157
53.63892
53.77124
53.68943
53.82097
53.73909
53.87113
53.78885
53.92156
53.83932
53.97141
53.88922
54.02176
53.93957
54.07157
53.98939
54.12147
54.03917
54.17134
54.08956
54.22133
54.13925
54.27167
54.1889
54.32207
54.23856
54.37196
54.28996
54.42209
54.3383
54.47216
54.38837
54.52216
54.4381
54.57227
54.48795
54.6225
54.53838
54.67288
54.5881
54.72287
54.63823
54.77253
54.68795
54.82228
54.73816
54.87272
54.78863
54.92239
54.83907
54.97212
54.88944
55.02256
54.93984
55.07302
54.99013
55.12274
55.04002
55.17253
55.09035
55.22215
55.14043
55.27248
55.19051
55.32278
55.24042
55.37322
55.29068
55.42328
55.34082
55.47333
55.3905
55.52371
55.44053
55.57364
55.49027
55.62365
55.54055
55.67347
55.59046
55.72324
55.64061
55.77345
55.69023
55.82388
55.74061
55.87396
55.79068
55.92385
55.84095
56.02361
55.89125
56.07364
55.94159
56.12372
55.99139
56.17346
56.04107
56.22379
56.09099
56.27347
56.14093
56.32318
56.19113
56.37284
56.24102
56.42253
56.29099
56.47259
56.34072
56.5226
56.39075
56.57299
56.44042
56.6228
56.49084
56.67313
56.54078
56.72295
56.59055
56.77322
56.64095
56.82293
56.69059
56.87331
56.7402
56.92308
56.79066
56.97288
56.84104
57.02332
56.89072
57.07302
56.94057
57.12319
56.99026
57.17288
57.04024
57.22292
57.09031
57.2725
57.13992
57.32217
57.17826
57.37181
57.22813
57.42075
57.278
57.4709
57.32786
57.52076
57.37823
57.57042
57.42791
57.62077
57.52775
57.67085
57.57792
57.72057
57.62813
57.77065
57.67816
57.82103
57.7286
57.87141
57.77873
57.92175
57.82861
57.97183
57.87845
58.02224
57.92825
58.0727
57.97793
58.12309
58.02825
58.17335
58.07282
58.22347
58.12299
58.2732
58.17264
58.3233
58.22308
58.37342
58.27339
58.42383
58.32325
58.47421
58.37329
58.5245
58.42342
58.5748
58.47378
58.62463
58.52378
58.67483
58.57407
58.72462
58.62383
58.77433
58.67428
58.82476
58.72469
58.87496
58.77471
58.9252
58.82495
58.97549
58.87518
59.02558
58.92505
59.07542
58.97543
59.12586
59.02544
59.17635
59.07534
59.22645
59.12516
59.27608
59.17537
59.32571
59.22576
59.37606
59.27597
59.42706
59.32626
59.47574
59.376
59.52638
59.42632
59.57573
59.47666
59.62548
59.52697
59.67583
59.5769
59.72601
59.62653
59.77625
59.6764
59.82647
59.72674
59.87627
59.77688
59.92624
59.82661
59.97607
59.87634
60.0265
59.92616
60.07658
59.97633
60.1266
60.02676
60.1764
60.07705
60.22647
60.12736
60.27623
60.22721
60.32658
60.27694
60.37693
60.32702
60.42658
60.37731
60.4762
60.42754
60.52637
60.47775
60.5764
60.52821
60.62679
60.57825
60.67691
60.62794
60.72705
60.67768
60.77699
60.72814
60.82715
60.77834
60.87698
60.82808
60.92672
60.87845
60.97643
60.92879
61.02662
60.97874
61.07672
61.02941
61.12677
61.07936
61.17722
61.12971
61.22702
61.18003
61.27745
61.2302
61.32779
61.28054
61.37818
61.33025
61.42849
61.38016
61.47851
61.43049
61.52838
61.48071
61.57831
61.53089
61.62871
61.58084
61.67841
61.63087
61.72845
61.68058
61.77824
61.73057
61.82858
61.781
61.87835
61.83102
61.92863
61.88065
61.97908
61.93099
62.02875
61.98072
62.07837
62.03104
62.12813
62.08117
62.17838
62.13157
62.22835
62.18166
62.27883
62.23138
62.32914
62.28142
62.379
62.33127
62.42899
62.38142
62.47866
62.4319
62.52855
62.48216
62.57892
62.53261
62.62922
62.58297
62.67985
62.63264
62.73034
62.68311
62.78016
62.73302
62.83026
62.78284
62.8802
62.8325
62.92995
62.88298
62.97958
62.93311
63.02979
62.98343
63.07965
63.03323
63.13005
63.08351
63.18047
63.13328
63.23067
63.18355
63.28059
63.23328
63.33035
63.28291
63.38001
63.33326
63.43039
63.3835
63.48022
63.43377
63.53054
63.48404
63.58021
63.53437
63.63055
63.58457
63.68054
63.63456
63.73094
63.68441
63.78088
63.73486
63.831
63.78461
63.8812
63.8347
63.93094
63.88448
63.98058
63.93416
64.03078
63.98396
64.0804
64.03416
64.13013
64.08402
64.18054
64.134
64.23032
64.18436
64.27998
64.23479
64.38039
64.28507
64.43012
64.33822
64.47977
64.38666
64.53012
64.43675
64.58031
64.48682
64.63023
64.53639
64.68023
64.58619
64.73065
64.63659
64.78103
64.68687
64.83099
64.73672
64.8809
64.78711
64.93076
64.83692
64.98073
64.88741
65.03072
64.92928
65.08051
64.97807
65.11639
65.02808
65.16663
65.07785
65.24847
65.12805
65.28999
65.1777
65.34005
65.22783
65.3901
65.2776
65.43983
65.3275
65.49023
65.37723
65.53991
65.42752
65.58962
65.47744
65.63929
65.52757
65.68911
65.57746
65.73897
65.62723
65.78895
65.67726
65.83861
65.72746
65.88882
65.77765
65.93909
65.82729
65.98933
65.86891
66.0395
65.90784
66.08913
65.95792
66.13971
66.00797
66.1869
66.05804
66.23707
66.10782
66.28697
66.15798
66.3365
66.20824
66.38601
66.25803
66.43577
66.30826
66.48615
66.35815
66.53613
66.40811
66.58655
66.45808
66.63629
66.50797
66.6864
66.55801
66.73615
66.60792
66.78593
66.65784
66.8363
66.70811
66.88647
66.75822
66.93662
66.8083
66.98652
66.85857
67.0369
66.95869
67.08714
67.00891
67.13741
67.0587
67.18728
67.09949
67.23705
67.14956
67.2872
67.19952
67.33738
67.2496
67.38776
67.29924
67.43774
67.33875
67.48802
67.38873
67.53812
67.43839
67.58791
67.53863
67.63825
67.58854
67.68842
67.63874
67.73814
67.68919
67.7884
67.7396
67.83867
67.7899
67.88879
67.83961
67.93897
67.88929
67.98924
67.93969
68.03963
67.98986
68.08943
68.04025
68.13933
68.09054
68.18901
68.1405
68.23885
68.19027
68.28909
68.24075
68.3387
68.29056
68.3885
68.34085
68.43837
68.39104
68.48831
68.44142
68.5388
68.49162
68.63884
68.54166
68.68858
68.59132
68.73885
68.64107
68.78918
68.69099
68.83911
68.74127
68.88903
68.79144
68.93929
68.84147
68.98939
68.89146
69.03905
68.94057
69.08909
68.99093
69.13943
69.04117
69.18948
69.09138
69.23924
69.14113
69.28972
69.1914
69.33938
69.24184
69.38926
69.29214
69.43889
69.34253
69.48876
69.39297
69.53925
69.44305
69.58904
69.49292
69.63883
69.54317
69.68916
69.59356
69.73891
69.64352
69.78931
69.69357
69.83897
69.74398
69.88936
69.7942
69.93937
69.84444
69.98956
69.88764
70.03914
69.92862
70.07511
69.97871
70.12496
70.02838
70.17516
70.07869
70.22553
70.12852
70.27543
70.17869
70.32555
70.22863
70.3755
70.27827
70.42529
70.3283
70.47507
70.37868
70.52541
70.42895
70.57523
70.47922
70.62514
70.52938
70.67493
70.57955
70.72475
70.62982
70.77441
70.67971
70.82454
70.72964
70.87023
70.7795
70.92019
70.82948
70.97005
70.87947
71.01723
70.92622
71.06716
70.97636
71.11719
71.0265
71.16741
71.0767
71.21778
71.12682
71.26825
71.17704
71.31795
71.22671
71.36793
71.2767
71.41772
71.32679
71.46748
71.37672
71.5172
71.42696
71.56759
71.47689
71.61798
71.52693
71.66794
71.57729
71.7179
71.62692
71.76504
71.67662
71.81484
71.72659
71.86517
71.77668
71.91482
71.8279
71.96491
71.87702
72.01527
71.92667
72.06548
71.97692
72.11524
72.02139
72.1657
72.07169
72.21571
72.12178
72.266
72.17213
72.31626
72.22215
72.36617
72.27048
72.4081
72.32088
72.45824
72.35068
72.49977
72.40054
72.54984
72.45021
72.59998
72.50029
72.65012
72.55054
72.69978
72.6004
72.7495
72.65085
72.79992
72.70094
72.84957
72.75062
72.89931
72.80034
72.94965
72.84998
72.99931
72.89972
73.04895
72.95013
73.09918
73.00037
73.14898
73.0508
73.19946
73.10126
73.24909
73.15118
73.29943
73.20139
73.34921
73.251
73.39919
73.30121
73.44903
73.351
73.49908
73.40071
73.54912
73.45071
73.59915
73.50119
73.64892
73.55146
73.69928
73.60162
73.74915
73.6519
73.79881
73.70225
73.84843
73.75263
73.89875
73.80237
73.94883
73.85271
73.99928
73.90303
74.04895
73.95346
74.09856
74.00362
74.14884
74.05372
74.1991
74.10391
74.24887
74.15368
74.29858
74.20332
74.34837
74.25311
74.39808
74.30311
74.44807
74.35292
74.49803
74.40273
74.54833
74.45269
74.59813
74.55262
74.64833
74.60225
74.69801
74.65243
74.74809
74.70258
74.79848
74.75285
74.8483
74.80296
74.89874
74.85329
74.94885
74.90349
74.9987
74.95334
75.04829
75.00329
75.09798
75.05322
75.14839
75.10304
75.19852
75.15269
75.24889
75.20271
75.29922
75.30475
75.34899
75.35374
75.39906
75.40376
75.44888
75.4537
75.49867
75.50414
75.54832
75.55439
75.59854
75.6043
75.64878
75.65428
75.69868
75.70441
75.74906
75.7545
75.79942
75.80482
75.84966
75.85502
75.89987
75.90546
75.95014
75.95588
75.99998
76.00582
76.04961
76.05586
76.09952
76.10574
76.14984
76.15572
76.20012
76.20558
76.24998
76.25612
76.29992
76.30614
76.34971
76.35649
76.39974
76.40679
76.44951
76.45647
76.4992
76.50662
76.54933
76.55685
76.59943
76.60661
76.6508
76.65629
76.69978
76.7066
76.74992
76.75661
76.79977
76.80635
76.84985
76.85606
76.89986
76.90623
76.95003
76.95648
76.99983
77.00624
77.05019
77.05628
77.10043
77.10599
77.15089
77.15649
77.20132
77.20628
77.25157
77.25667
77.30202
77.30645
77.35223
77.35643
77.40191
77.40694
77.45196
77.45705
77.50172
77.50743
77.55182
77.55711
77.60204
77.607
77.65208
77.65697
77.7019
77.70676
77.75168
77.7566
77.80202
77.80653
77.85191
77.85699
77.9019
77.90698
77.95164
77.95715
78.0021
78.00703
78.05181
78.05745
78.10207
78.10712
78.1523
78.157
78.20223
78.20692
78.25256
78.25683
78.30234
78.30835
78.35223
78.35724
78.40221
78.40759
78.45227
78.45729
78.50201
78.50472
78.5519
78.55361
78.60193
78.60364
78.65215
78.65358
78.70197
78.70392
78.75204
78.75431
78.8021
78.80418
78.85213
78.85382
78.90194
78.90405
78.95187
78.95435
79.00195
79.00238
79.05218
79.05238
79.10252
79.1021
79.15289
79.15228
79.20322
79.20207
79.25312
79.25181
79.30326
79.30146
79.35361
79.35154
79.40341
79.40143
79.45332
79.45187
79.50343
79.50179
79.55367
79.55167
79.60406
79.60184
79.65372
79.65224
79.70522
79.70269
79.75415
79.75285
79.80438
79.80309
79.85415
79.8532
79.90379
79.90369
79.95387
79.95343
80.00318
80.00322
80.05341
80.05282
80.10365
80.10259
80.15392
80.15234
80.20367
80.20226
80.25393
80.25221
80.30441
80.30219
80.35419
80.35201
80.40453
80.40212
80.45453
80.45181
80.50494
80.50151
80.55477
80.55159
80.60457
80.6012
80.65459
80.65086
80.70471
80.70105
80.7547
80.75149
80.8051
80.80195
80.85516
80.8518
80.90504
80.90211
80.95532
80.95184
81.005
81.0022
81.05484
81.05181
81.10519
81.10224
81.15504
81.20266
81.20471
81.25253
81.2547
81.30217
81.30431
81.35179
81.35409
81.4015
81.40405
81.45319
81.45409
81.50194
81.50408
81.55161
81.55411
81.60144
81.60437
81.65143
81.65412
81.70103
81.70402
81.75139
81.7539
81.80129
81.8039
81.85112
81.85411
81.90089
81.90408
81.95118
81.95403
82.00152
82.00395
82.05196
82.05434
82.10196
82.1042
82.15238
82.15462
82.202
82.20496
82.25236
82.25541
82.30218
82.30558
82.35262
82.35533
82.40291
82.40516
82.45309
82.45535
82.50343
82.50517
82.55322
82.5556
82.60306
82.60522
82.65274
82.65517
82.70296
82.7049
82.75323
82.75507
82.80354
82.8055
82.85383
82.85596
82.90376
82.90572
82.95377
82.9555
83.00416
83.00536
83.05427
83.05543
83.10389
83.10586
83.15423
83.15626
83.20428
83.20665
83.25438
83.25648
83.30407
83.30619
83.35447
83.35041
83.40469
83.40028
83.45486
83.45008
83.505
83.50048
83.5554
83.55025
83.60515
83.59994
83.65495
83.65034
83.70499
83.70005
83.75488
83.74988
83.80493
83.79955
83.8548
83.84988
83.90475
83.89966
83.95468
83.95014
84.00466
84.00045
84.05488
84.05087
84.10488
84.10131
84.15485
84.15128
84.20509
84.20145
84.25528
84.25107
84.30534
84.301
84.35569
84.35077
84.40594
84.40045
84.45622
84.45086
84.50609
84.50124
84.55618
84.55092
84.60651
84.6007
84.65639
84.6507
84.7068
84.70073
84.75687
84.75064
84.80688
84.80025
84.85686
84.85003
84.90702
84.90024
84.95669
84.95065
85.00697
85.00057
85.05801
85.05087
85.10688
85.10104
85.15726
85.15111
85.20708
85.20091
85.25671
85.25051
85.30621
85.30019
85.35616
85.35052
85.40166
85.40086
85.45146
85.45112
85.49591
85.50156
85.54565
85.55172
85.64557
85.60165
85.68903
85.65166
85.71797
85.70206
85.75973
85.75246
85.81739
85.80256
85.83678
85.85244
85.91012
85.89639
85.94919
85.94645
85.96256
85.98345
86.01649
86.01529
86.0301
86.03985
86.05559
86.0897
86.14239
86.12058
86.15763
86.1491
86.18645
86.18178
86.221
86.20853
86.23538
86.23705
86.33918
86.26575
86.36575
86.28663
86.38337
86.32295
86.39179
86.35029
86.40485
86.37267
86.41742
86.41563
86.43044
86.44131
86.46796
86.47662
86.48399
86.49911
86.50263
86.52586
86.52763
86.54022
86.55078
86.55436
86.55968
86.5705
86.57561
86.58602
86.58835
86.60213
86.60258
86.61407
86.63759
86.62863
86.65021
86.64393
86.66329
86.65937
86.6713
86.66902
86.68385
86.68307
86.69688
86.69784
86.71064
86.71174
86.72292
86.71948
86.73821
86.73553
86.75384
86.74561
86.76668
86.75932
86.77812
86.7737
86.79166
86.78664
86.80629
86.80151
86.82168
86.81667
86.83605
86.82962
86.85103
86.8407
86.86804
86.85457
86.87785
86.86897
86.88454
86.88257
86.89708
86.89706
86.91251
86.91084
86.92876
86.929
86.94138
86.94056
86.95641
86.9542
86.96938
86.9634
86.97618
86.97774
86.99124
86.99174
86.99789
87.00636
87.01145
87.0165
87.03561
87.03049
87.04445
87.04128
87.05685
87.05517
87.06938
87.0625
87.08405
87.075
87.09808
87.08617
87.11031
87.09969
87.1222
87.1111
87.13512
87.12283
87.14999
87.13673
87.16378
87.14845
87.17512
87.16206
87.19695
87.16936
87.20562
87.1831
87.21631
87.1957
87.22838
87.21036
87.23645
87.22322
87.25471
87.23867
87.26638
87.25201
87.27325
87.26648
87.28505
87.27863
87.29771
87.29465
87.31118
87.30576
87.32397
87.32172
87.33763
87.33572
87.34827
87.34889
87.44564
87.36345
87.45444
87.37579
87.46638
87.38923
87.47897
87.40049
87.49111
87.41076
87.50491
87.42283
87.51193
87.43656
87.5245
87.44868
87.53526
87.46146
87.54417
87.47333
87.55858
87.48943
87.56755
87.50134
87.57858
87.50874
87.58524
87.52176
87.59746
87.53302
87.60474
87.54228
87.61471
87.55536
87.62395
87.56559
87.63317
87.57836
87.64676
87.58862
87.65701
87.60062
87.66402
87.60986
87.67107
87.62248
87.68369
87.63172
87.69226
87.64185
87.70226
87.64922
87.71116
87.65949
87.72137
87.66682
87.72857
87.676
87.73742
87.68949
87.7469
87.70049
87.7597
87.70969
87.76704
87.71928
87.77422
87.73222
87.78344
87.74201
87.79496
87.75125
87.80217
87.76466
87.81423
87.77367
87.82603
87.80854
87.83522
87.81771
87.84547
87.82509
87.85777
87.83466
87.8727
87.84489
87.88937
87.85516
87.90183
87.87115
87.91154
87.88522
87.92537
87.89919
87.93623
87.91022
87.94541
87.922
87.95457
87.93368
87.96194
87.94289
87.96912
87.95638
87.98038
87.96809
87.98961
87.97528
88.00414
87.98453
88.01334
87.99788
88.02256
88.00701
88.0299
88.01727
88.0371
88.02988
88.0463
88.03909
88.0555
88.0496
88.0666
88.06257
88.07833
88.07714
88.09097
88.09261
88.10123
88.09985
88.11044
88.11155
88.12218
88.12182
88.13216
88.1347
88.13954
88.14639
88.15863
88.16319
88.1737
88.18071
88.1888
88.20687
88.20573
88.21991
88.23119
88.23531
88.24786
88.24778
88.26216
88.26028
88.27163
88.27277
88.28568
88.28133
88.29495
88.29061
88.30727
88.30334
88.31934
88.31737
88.32874
88.33147
88.35496
88.36436
88.36615
88.37543
88.37982
88.39462
88.39479
88.40871
88.41679
88.43597
88.44331
88.45374
88.46803
88.46539
88.48323
88.47575
88.50683
88.49165
88.51423
88.50334
88.52616
88.51684
88.55338
88.52721
88.56456
88.5377
88.58009
88.55887
88.59695
88.57336
88.61472
88.58994
88.63166
88.6086
88.64411
88.62318
88.65686
88.63747
88.66929
88.64812
88.68525
88.66074
88.69646
88.6759
88.70989
88.68972
88.72387
88.70423
88.73875
88.71666
88.74841
88.7268
88.76234
88.73789
88.77068
88.75554
88.78675
88.76959
88.80141
88.78904
88.82589
88.80603
88.84352
88.82904
88.86126
88.8444
88.87449
88.87263
88.89648
88.88618
88.91405
88.90826
88.92802
88.92519
88.93992
88.94622
88.9559
88.9588
88.96851
88.98247
88.99595
88.9941
89.01002
89.0072
89.02341
89.01894
89.03537
89.02793
89.04742
89.0416
89.05662
89.05527
89.06871
89.06898
89.07795
89.0762
89.09058
89.08727
89.10081
89.09763
89.11004
89.10786
89.12173
89.11707
89.1329
89.12634
89.14208
89.13978
89.15438
89.15413
89.16175
89.1652
89.17159
89.17237
89.18075
89.18408
89.18995
89.19746
89.19711
89.20662
89.20971
89.21579
89.21708
89.22498
89.22967
89.23215
89.23888
89.2394
89.25065
89.25378
89.26311
89.26808
89.27621
89.28127
89.28822
89.29506
89.2954
89.30939
89.30714
89.32473
89.31741
89.33398
89.32672
89.3443
89.33846
89.35386
89.34772
89.36481
89.35951
89.37508
89.3698
89.38215
89.38167
89.39542
89.39174
89.40279
89.40664
89.41019
89.41586
89.42046
89.42328
89.43228
89.43051
89.44152
89.43974
89.44891
89.44897
89.45817
89.46076
89.46841
89.47127
89.47578
89.483
89.48301
89.49228
89.4945
89.50261
89.50481
89.51181
89.51533
89.51925
89.52802
89.53098
89.53982
89.54024
89.54723
89.5528
89.56078
89.56207
89.57172
89.5722
89.58506
89.57964
89.59428
89.59306
89.60766
89.60571
89.61943
89.61499
89.63202
89.63011
89.64535
89.64381
89.65855
89.65296
89.66917
89.67156
89.68085
89.68743
89.69353
89.69481
89.70532
89.70744
89.72075
89.71481
89.72941
89.7282
89.74338
89.73565
89.7533
89.75209
89.76362
89.75954
89.77762
89.77497
89.78632
89.78484
89.7997
89.79554
89.81038
89.81003
89.81989
89.82272
89.83329
89.83482
89.84512
89.84811
89.85971
89.86243
89.87112
89.87079
89.88463
89.88538
89.89721
89.89536
89.90755
89.908
89.92196
89.91527
89.93215
89.92776
89.94141
89.93806
89.95169
89.94832
89.95912
89.9576
89.96835
89.96686
89.97758
89.9761
89.98682
89.99463
89.99609
