0.007474408
0.009277788
0.0222617
0.0221318
0.03243838
0.03145649
0.0409987
0.04421063
0.05479019
0.05405812
0.06907311
0.0663786
0.08012723
0.07849932
0.09072692
0.08891123
0.09933916
0.1013091
0.112872
0.1128608
0.1252716
0.1268645
0.1370361
0.1380602
0.1482711
0.1495934
0.1606562
0.1614658
0.1709893
0.1736613
0.179858
0.184661
0.193387
0.1972088
0.2080694
0.2086022
0.2146695
0.2215771
0.2271027
0.2317397
0.2382567
0.2411971
0.2509687
0.2497408
0.260404
0.2627321
0.2717203
0.2783631
0.2802701
0.2899224
0.2895762
0.2988064
0.3005883
0.3083978
0.312459
0.3214579
0.3275898
0.3300723
0.3395043
0.3439845
0.3510457
0.3572532
0.359639
0.3659404
0.3738555
0.3802377
0.385422
0.3920729
0.395934
0.4007397
0.4094006
0.4146061
0.4179564
0.431593
0.4303209
0.4427261
0.4425603
0.4542607
0.4560972
0.460892
0.472228
0.4730567
0.4839862
0.4857
0.4949317
0.4989564
0.5059502
0.5075932
0.5194418
0.5219235
0.5317558
0.5285196
0.543901
0.5371592
0.550516
0.5493216
0.5607324
0.5622357
0.5740653
0.5740957
0.5870651
0.5869289
0.5991002
0.5979118
0.6099874
0.6117238
0.623756
0.6244009
0.6343973
0.6369524
0.6473532
0.6506668
0.6562634
0.6606604
0.6670628
0.6749851
0.6739007
0.6862305
0.6872315
0.69872
0.699254
0.7105154
0.713383
0.7238296
0.7222909
0.7369815
0.7340409
0.7497901
0.745299
0.7647623
0.7612795
0.7801307
0.769861
0.7975883
0.780773
0.8105882
0.7947143
0.8227673
0.8047181
0.8350999
0.8168868
0.8481013
0.8296406
0.8547118
0.8423756
0.86437
0.8553629
0.8772883
0.8666607
0.8839073
0.8795605
0.8924966
0.8902184
0.9041066
0.9005262
0.9133959
0.9135824
0.9220942
0.9239632
0.9321957
0.9348215
0.9461953
0.9473168
0.9583637
0.960754
0.972124
0.9723915
0.9834361
0.9810558
0.9980544
0.9946782
1.008096
1.005676
1.02131
1.020115
1.030825
1.034523
1.042637
1.043848
1.053224
1.052589
1.066394
1.065012
1.079986
1.080055
1.093352
1.094088
1.105037
1.107496
1.1165
1.117617
1.125032
1.130748
1.131683
1.142975
1.144255
1.153568
1.156725
1.162568
1.163346
1.169174
1.172365
1.178809
1.187554
1.191988
1.199494
1.20194
1.208045
1.208719
1.214624
1.220788
1.221053
1.23317
1.231058
1.239756
1.240444
1.248316
1.247036
1.256891
1.256428
1.269101
1.265232
1.27812
1.278443
1.288852
1.28519
1.295452
1.293768
1.30205
1.303491
1.313417
1.312037
1.321969
1.318616
1.330718
1.327238
1.339568
1.335986
1.348251
1.344721
1.356984
1.353302
1.370384
1.361891
1.381954
1.368694
1.388517
1.379573
1.395117
1.388153
1.404152
1.396776
1.413941
1.403387
1.420535
1.411922
1.431497
1.418505
1.440049
1.427122
1.446617
1.43615
1.453182
1.442721
1.459605
1.451773
1.468848
1.46031
1.475431
1.471889
1.48184
1.480512
1.490352
1.489084
1.496958
1.495676
1.503349
1.506636
1.509743
1.515218
1.516305
1.526071
1.523049
1.532684
1.529649
1.541167
1.536072
1.54976
1.547449
1.558354
1.556094
1.567943
1.5627
1.574518
1.569096
1.58308
1.575491
1.589646
1.581887
1.596051
1.588447
1.604648
1.594847
1.611213
1.60347
1.617819
1.611981
1.629679
1.620532
1.638252
1.629113
1.644831
1.63943
1.654975
1.648344
1.663537
1.65738
1.67217
1.665979
1.678745
1.672565
1.687317
1.681445
1.694096
1.69197
1.706366
1.700578
1.712957
1.709105
1.724368
1.717705
1.73095
1.726288
1.739916
1.735612
1.748476
1.742177
1.75811
1.748761
1.764755
1.757687
1.773343
1.766244
1.781967
1.774798
1.791819
1.783422
1.798434
1.790159
1.807033
1.796778
1.818206
1.80874
1.824948
1.820311
1.833639
1.826898
1.840381
1.837171
1.850682
1.846444
1.857246
1.855331
1.863647
1.86391
1.872219
1.872562
1.87914
1.883624
1.887692
1.890176
1.894271
1.896801
1.902899
1.905398
1.909445
1.912134
1.915845
1.918538
1.922247
1.927104
1.930835
1.937817
1.940039
1.946349
1.94858
1.952907
1.955152
1.959337
1.961559
1.970828
1.970177
1.97944
1.976913
1.986028
1.985446
1.994744
1.994227
2.006138
2.003156
2.012725
2.009741
2.023306
2.021372
2.031898
2.029972
2.043957
2.038682
2.050729
2.045267
2.062955
2.053823
2.073943
2.062413
2.083471
2.071017
2.092392
2.079635
2.101335
2.08902
2.108075
2.101626
2.11661
2.108203
2.123354
2.116772
2.131937
2.127175
2.138531
2.133976
2.149393
2.14621
2.156105
2.152775
2.162745
2.159175
2.174371
2.167939
2.183946
2.180501
2.190527
2.189728
2.199163
2.201878
2.207856
2.213107
2.216492
2.219692
2.22877
2.228707
2.239347
2.235334
2.246089
2.244137
2.254636
2.250877
2.263273
2.259414
2.271855
2.266006
2.281268
2.272574
2.287836
2.282549
2.296435
2.289293
2.305031
2.297809
2.3143
2.30443
2.325022
2.315824
2.337167
2.324407
2.347484
2.334707
2.354057
2.347806
2.362619
2.356764
2.369166
2.365728
2.375594
2.37229
2.387166
2.378699
2.397966
2.389326
2.40807
2.395938
2.418688
2.40934
2.425234
2.416304
2.43169
2.429818
2.4403
2.436435
2.446859
2.447735
2.453263
2.454303
2.461948
2.465724
2.470529
2.474284
2.479154
2.482878
2.487741
2.491436
2.496364
2.498015
2.504945
2.506533
2.513499
2.513089
2.525099
2.519494
2.536276
2.528325
2.544894
2.539723
2.555823
2.55077
2.568997
2.559636
2.57963
2.566257
2.586216
2.574896
2.594764
2.583486
2.603476
2.594765
2.617811
2.603435
2.626402
2.611987
2.633006
2.620666
2.641562
2.629218
2.650141
2.637835
2.658744
2.646484
2.667361
2.653034
2.674095
2.659615
2.682628
2.668217
2.69119
2.674767
2.70013
2.681165
2.706723
2.687736
2.718144
2.696262
2.726746
2.704833
2.737014
2.713416
2.745603
2.722299
2.752539
2.731899
2.763695
2.740432
2.773693
2.747397
2.785788
2.760086
2.79254
2.768698
2.803073
2.775269
2.811627
2.783831
2.821487
2.794697
2.828056
2.801316
2.836649
2.807718
2.843215
2.816266
2.849624
2.823049
2.858159
2.835732
2.864759
2.842296
2.871159
2.85101
2.877593
2.857606
2.886128
2.866247
2.894823
2.872829
2.903758
2.882416
2.910342
2.890941
2.918948
2.897533
2.93007
2.909097
2.940514
2.918073
2.94909
2.924813
2.959326
2.933357
2.965949
2.939942
2.977657
2.950348
2.986586
2.961488
2.995212
2.971783
3.003956
2.978354
3.013222
2.986923
3.026603
2.995534
3.033557
3.004207
3.043551
3.010761
3.05489
3.01734
3.063973
3.028779
3.073059
3.035382
3.081623
3.044007
3.090281
3.0526
3.100616
3.05916
3.107181
3.068472
3.115853
3.075047
3.124755
3.085006
3.13373
3.093876
3.142315
3.102453
3.148888
3.109207
3.15979
3.119892
3.168411
3.128467
3.179114
3.135065
3.185687
3.143624
3.1948
3.150183
3.208515
3.156741
3.215086
3.163135
3.223644
3.171759
3.23225
3.178313
3.238819
3.184716
3.247377
3.193538
3.253929
3.200292
3.260339
3.206685
3.269327
3.21309
3.278908
3.221943
3.287466
3.228491
3.296011
3.235091
3.302742
3.241525
3.309132
3.253204
3.315532
3.261799
3.324047
3.26839
3.33295
3.274949
3.339525
3.28149
3.348073
3.28792
3.360152
3.29793
3.368752
3.306823
3.377257
3.316377
3.383813
3.322935
3.390395
3.329328
3.399976
3.335751
3.408569
3.342156
3.415142
3.350741
3.425946
3.360442
3.436006
3.367215
3.445904
3.376057
3.456016
3.386331
3.462614
3.392877
3.469003
3.399308
3.475416
3.405687
3.486148
3.412087
3.492736
3.423954
3.502707
3.432549
3.511348
3.441753
3.524281
3.454038
3.532815
3.462582
3.541314
3.471148
3.549814
3.479686
3.556745
3.490511
3.565266
3.497077
3.575536
3.505621
3.58473
3.514254
3.594313
3.522872
3.600913
3.531591
3.609461
3.541709
3.618846
3.551082
3.632303
3.564
3.638879
3.570615
3.64823
3.581592
3.659832
3.590456
3.66868
3.599351
3.677569
3.606084
3.6861
3.612484
3.694775
3.618932
3.708279
3.631332
3.717166
3.642551
3.723745
3.651065
3.73546
3.659592
3.747967
3.668279
3.757278
3.676771
3.768876
3.68755
3.781332
3.696083
3.795875
3.704991
3.804381
3.713482
3.814391
3.726328
3.82431
3.735749
3.832903
3.745986
3.844609
3.757663
3.853361
3.768373
3.866259
3.774947
3.874775
3.785814
3.886323
3.798682
3.896542
3.811101
3.905041
3.823549
3.913605
3.8363
3.926474
3.847329
3.933074
3.858881
3.941603
3.869264
3.952206
3.87808
3.958777
3.884681
3.965236
3.897241
3.97739
3.905786
3.985914
3.916196
3.996322
3.927279
4.005358
3.933919
4.01493
3.944212
4.024318
3.952789
4.036054
3.962322
4.042638
3.974772
4.053273
3.983278
4.059873
3.996246
4.073406
4.002878
4.083797
4.015927
4.094385
4.026011
4.107228
4.03501
4.117451
4.046847
4.129604
4.055343
4.136246
4.066409
4.150589
4.077705
4.161652
4.089303
4.170137
4.095876
4.178803
4.105321
4.19123
4.117256
4.202599
4.12384
4.213251
4.13021
4.221852
4.137008
4.228654
4.14341
4.239735
4.152191
4.252402
4.160644
4.259098
4.167449
4.272195
4.176911
4.286847
4.188124
4.300032
4.196606
4.309269
4.203202
4.317886
4.209608
4.332335
4.219275
4.345896
4.231274
4.358778
4.23791
4.372262
4.248124
4.387988
4.258969
4.401915
4.271173
4.411652
4.283192
4.426571
4.295704
4.438791
4.307852
4.453666
4.320458
4.468266
4.332968
4.480765
4.343724
4.494248
4.358181
4.507498
4.371531
4.518064
4.384398
4.533358
4.396646
4.546989
4.408589
4.562765
4.422226
4.574717
4.432339
4.586851
4.447271
4.599925
4.45965
4.615452
4.47536
4.632253
4.488931
4.647418
4.505556
4.661042
4.519965
4.674692
4.526603
4.687863
4.539569
4.697783
4.553373
4.70445
4.570596
4.719053
4.583623
4.731651
4.59771
4.744794
4.612857
4.766167
4.625622
4.775846
4.638655
4.785911
4.652984
4.79872
4.665233
4.81757
4.683037
4.831184
4.696384
4.843711
4.709848
4.858429
4.726859
4.871418
4.741643
4.887583
4.7482
4.902351
4.760987
4.917755
4.776973
4.937115
4.793988
4.951591
4.805046
4.971918
4.819365
4.987212
4.834162
5.003828
4.850929
5.017761
4.870359
5.03099
4.88239
5.044621
4.895915
5.057077
4.917898
5.07136
4.928639
5.08922
4.944295
5.106382
4.959905
5.120975
4.97178
5.133981
4.989227
5.15012
5.006915
5.163643
5.018087
5.176345
5.033373
5.186244
5.048418
5.203845
5.05958
5.221415
5.074995
5.233094
5.089927
5.24931
5.10486
5.268705
5.120624
5.280082
5.133837
5.296169
5.149117
5.308519
5.161901
5.324212
5.175321
5.340418
5.191381
5.352372
5.204977
5.368882
5.220301
5.383371
5.236049
5.417041
5.253954
5.460809
5.270571
5.476515
5.283341
5.492242
5.301318
5.507706
5.32082
5.528738
5.343159
5.543839
5.364648
5.567107
5.388716
5.586752
5.408587
5.607041
5.42578
5.63102
5.445694
5.675644
5.471157
5.694481
5.498453
5.7479
5.522367
5.762333
5.541142
5.785354
5.558031
5.833146
5.582757
5.91869
5.603844
5.939277
5.632756
5.956506
5.660745
5.992498
5.682843
6.008488
5.711352
6.025089
5.742975
6.054193
5.773953
6.077438
5.797102
6.110671
5.826302
6.134764
5.854301
6.171086
5.893602
6.202878
6.001908
6.24082
6.063752
6.279836
6.125287
6.326759
6.156242
6.362167
6.187416
6.408499
6.229815
6.440543
6.298839
6.490566
6.3443
6.540471
6.434208
6.590404
6.471478
6.640332
6.564951
6.690629
6.608467
6.741131
6.687034
6.790578
6.737118
6.839998
6.787098
6.889669
6.834431
6.939958
6.884358
6.990357
6.934482
7.040004
7.034799
7.089646
7.08516
7.139956
7.135588
7.190186
7.185202
7.239861
7.234825
7.290247
7.284522
7.340551
7.334931
7.390646
7.434417
7.44065
7.534043
7.490778
7.583984
7.540414
7.633751
7.590814
7.683417
7.640746
7.733082
7.69073
7.782875
7.740438
7.883056
7.790238
7.932795
7.840255
7.983279
7.89
8.033538
7.990006
8.083251
8.03964
8.133008
8.089671
8.232602
8.139338
8.28234
8.189389
8.332167
8.239663
8.381845
8.289698
8.432366
8.33984
8.482048
8.390191
8.531906
8.440309
8.581507
8.490174
8.631487
8.540594
8.681329
8.590698
8.730969
8.640625
8.78112
8.690996
8.831598
8.740862
8.881429
8.790861
8.931836
8.840592
8.982128
8.890516
9.032015
8.940434
9.081703
8.990322
9.131393
9.040289
9.18183
9.090094
9.231624
9.139825
9.281612
9.189917
9.331689
9.239556
9.381694
9.290053
9.431322
9.389738
9.480981
9.43945
9.530699
9.4891
9.580835
9.539539
9.630536
9.638887
9.680845
9.688736
9.730515
9.739064
9.781076
9.839067
9.831015
9.889242
9.880893
9.938843
9.930882
9.988825
9.98057
10.03894
10.03058
10.0892
10.0805
10.1391
10.13061
10.18888
10.18107
10.23879
10.23075
10.28895
10.28048
10.33935
10.33033
10.3892
10.38014
10.43916
10.43009
10.48939
10.48057
10.53952
10.53102
10.5896
10.58115
10.63963
10.63137
10.68968
10.68097
10.79012
10.73095
10.83973
10.78089
10.88953
10.83061
10.93926
10.88081
10.9896
10.93113
11.03939
10.98099
11.08919
11.03086
11.13906
11.08136
11.18902
11.13169
11.23873
11.18134
11.28875
11.23105
11.33908
11.28086
11.43888
11.3308
11.48891
11.38092
11.53888
11.43127
11.58933
11.48169
11.63965
11.53132
11.69
11.58101
11.73996
11.63108
11.79015
11.68111
11.83998
11.73093
11.88974
11.78118
11.93954
11.83154
11.98921
11.88171
12.03945
11.93208
12.0892
11.98178
12.13894
12.03221
12.17398
12.08006
12.22383
12.13046
12.27399
12.18067
12.3237
12.23073
12.37356
12.28104
12.42379
12.33134
12.47347
12.38127
12.52386
12.43124
12.57353
12.48105
12.62319
12.53132
12.67332
12.58166
12.72346
12.63146
12.77393
12.6812
12.82399
12.73133
12.87366
12.7817
12.92402
12.83212
12.97431
12.8817
13.02449
12.9321
13.07463
12.98203
13.12492
13.03173
13.17541
13.08231
13.22589
13.18248
13.27599
13.23244
13.32572
13.28203
13.3755
13.33251
13.42522
13.38218
13.47564
13.43205
13.52528
13.48184
13.57502
13.53229
13.6248
13.58198
13.67505
13.63225
13.72482
13.68184
13.77509
13.73172
13.82515
13.78189
13.87508
13.83178
13.92542
13.88198
13.97515
13.93165
14.02487
13.98148
14.07454
14.03134
14.12487
14.08129
14.17503
14.13181
14.22549
14.18203
14.27587
14.23184
14.3262
14.28196
14.37649
14.33233
14.42643
14.38229
14.47649
14.43257
14.52683
14.48264
14.57699
14.53303
14.62743
14.5827
14.67755
14.63301
14.72727
14.68281
14.77727
14.73308
14.82738
14.78319
14.877
14.83352
14.92712
14.88339
14.97725
14.93334
15.0274
14.98381
15.07733
15.03355
15.12759
15.08374
15.17767
15.13353
15.22816
15.18347
15.27851
15.23383
15.32882
15.28422
15.37914
15.3342
15.42959
15.38386
15.47175
15.43401
15.52164
15.48409
15.57135
15.5344
15.62159
15.58479
15.67124
15.63515
15.72147
15.68502
15.77127
15.73479
15.82148
15.78512
15.87173
15.83535
15.9214
15.8855
15.97173
15.9356
16.02138
15.98556
16.07112
16.03599
16.12146
16.08615
16.17132
16.13601
16.2716
16.18627
16.32151
16.23625
16.37163
16.2864
16.42163
16.33653
16.52213
16.38651
16.57269
16.43694
16.62279
16.48752
16.67338
16.53763
16.72297
16.58758
16.77262
16.63751
16.8223
16.68799
16.8727
16.73839
16.97331
16.78826
17.02343
16.83866
17.07315
16.88893
17.12305
16.9393
17.17338
16.98972
17.22329
17.03963
17.27348
17.08997
17.32342
17.19046
17.37329
17.24075
17.42291
17.29046
17.47268
17.33878
17.5227
17.38842
17.57261
17.4387
17.62294
17.48911
17.67291
17.58945
17.72317
17.63956
17.77317
17.68958
17.82315
17.73985
17.87304
17.84031
17.92323
17.89054
17.97347
17.99034
18.02396
18.02923
18.07409
18.07963
18.12414
18.1295
18.1741
18.17954
18.22407
18.27968
18.27437
18.32996
18.32462
18.37976
18.37487
18.42983
18.4248
18.48014
18.4746
18.58001
18.52454
18.62967
18.57469
18.67944
18.62468
18.7291
18.67447
18.77949
18.72487
18.82929
18.77496
18.87903
18.82541
18.92919
18.87573
18.9794
18.92565
19.02955
18.97602
19.0796
19.02593
19.12996
19.07609
19.18016
19.12636
19.23047
19.176
19.28088
19.22608
19.33121
19.27642
19.38085
19.32613
19.43102
19.42654
19.48148
19.47668
19.53119
19.52679
19.58115
19.57705
19.63151
19.62728
19.68182
19.67733
19.73168
19.72728
19.78138
19.7775
19.83178
19.87793
19.88167
19.92787
19.93211
19.97813
19.98354
20.02785
20.03201
20.07819
20.08219
20.17781
20.13217
20.22738
20.18164
20.27765
20.23148
20.32739
20.28172
20.37706
20.33221
20.42719
20.38244
20.4775
20.43246
20.52747
20.48212
20.57723
20.53247
20.62718
20.58276
20.67712
20.63309
20.72743
20.68346
20.77729
20.73344
20.82756
20.78366
20.87797
20.8337
20.92796
20.88383
20.97824
20.93396
21.02861
20.98365
21.07879
21.03332
21.12844
21.08331
21.17806
21.13315
21.22772
21.18338
21.2775
21.23384
21.32799
21.28364
21.37843
21.33365
21.42804
21.38332
21.47822
21.43345
21.52824
21.48378
21.57872
21.53341
21.62858
21.58372
21.67854
21.63352
21.72852
21.68372
21.77887
21.73344
21.82925
21.78315
21.87903
21.83358
21.92911
21.88375
21.9787
21.93374
22.02837
21.98408
22.07842
22.08458
22.12895
22.13483
22.17931
22.18476
22.22914
22.23454
22.27879
22.2846
22.32904
22.33497
22.37908
22.38543
22.42952
22.43554
22.4799
22.48595
22.53032
22.53634
22.5807
22.58668
22.631
22.63677
22.68146
22.68697
22.73201
22.73743
22.782
22.78703
22.82708
22.83749
22.87715
22.86722
22.91575
22.91755
22.96581
22.95575
23.01608
23.00548
23.06646
23.05536
23.1168
23.10495
23.16706
23.15533
23.21747
23.25556
23.26766
23.30601
23.31772
23.35647
23.36794
23.39959
23.4176
23.44969
23.44568
23.49368
23.49572
23.54362
23.54591
23.59369
23.59771
23.64386
23.64668
23.69371
23.69622
23.74282
23.74608
23.79315
23.79607
23.84349
23.84573
23.89313
23.89554
23.9429
23.94512
23.99272
23.99553
24.02987
24.04567
24.07998
24.09574
24.12888
24.14538
24.1788
24.19539
24.22888
24.245
24.27871
24.29478
24.32904
24.34526
24.37854
24.39569
24.4286
24.44597
24.47844
24.49638
24.52847
24.5463
24.57827
24.59644
24.6283
24.64644
24.67851
24.6967
24.72851
24.79644
24.77838
24.84633
24.82804
24.89648
24.87791
24.94666
24.92806
24.99635
24.9785
25.04633
25.02832
25.09664
25.07849
25.14682
25.12884
25.19713
25.17896
25.24745
25.22871
25.29724
25.2788
25.34772
25.32919
25.39743
25.37958
25.44712
25.42933
25.49683
25.47897
25.54679
25.52919
25.59679
25.57944
25.64665
25.62972
25.69704
25.67978
25.74708
25.72992
25.79735
25.78035
25.84768
25.83055
25.89781
25.88037
25.94768
25.93055
25.99742
25.98076
26.04738
26.03075
26.09724
26.08058
26.14757
26.13063
26.19794
26.18041
26.2481
26.23054
26.29821
26.28071
26.34856
26.33097
26.39841
26.3813
26.44868
26.4311
26.49843
26.48104
26.54888
26.5314
26.59881
26.58117
26.64876
26.6315
26.69876
26.68189
26.74872
26.73197
26.79906
26.78209
26.84937
26.8323
26.89979
26.88223
26.94986
26.93241
27.00034
26.98379
27.0508
27.03238
27.10072
27.08215
27.15061
27.1322
27.20103
27.18161
27.2508
27.232
27.301
27.28165
27.35128
27.33168
27.40106
27.38206
27.45135
27.43239
27.50128
27.48275
27.55148
27.53309
27.60161
27.63369
27.65145
27.68402
27.70147
27.73433
27.75119
27.78421
27.80105
27.83473
27.85128
27.88433
27.90152
27.93448
27.95117
27.98447
28.00121
28.08467
28.05137
28.13447
28.10147
28.18418
28.15164
28.2341
28.20201
28.28413
28.2519
28.33411
28.30186
28.38407
28.35208
28.43418
28.40246
28.48431
28.45233
28.53471
28.50237
28.57978
28.55252
28.61644
28.60236
28.66658
28.64745
28.71024
28.69725
28.76039
28.74766
28.80774
28.79776
28.85759
28.8479
28.90786
28.8983
28.95823
28.9486
29.00832
28.99866
29.05843
29.04873
29.10816
29.09899
29.15813
29.14943
29.20826
29.19978
29.2583
29.24948
29.30845
29.29968
29.35869
29.34936
29.40909
29.39929
29.45913
29.44971
29.50909
29.49997
29.55946
29.55011
29.60956
29.60038
29.65945
29.65018
29.70964
29.69989
29.75975
29.7495
29.80982
29.79932
29.85975
29.84977
29.91015
29.89994
29.95992
29.94975
30.01025
30.00007
30.06003
30.05047
30.10228
30.08801
30.15137
30.13823
30.19601
30.18783
30.24578
30.23762
30.29604
30.28794
30.33889
30.33781
30.389
30.38794
30.43891
30.4381
30.48904
30.48817
30.53884
30.53842
30.58904
30.58835
30.63917
30.64001
30.68915
30.68884
30.73944
30.73906
30.7888
30.78899
30.83904
30.83868
30.8889
30.88888
30.93863
30.93876
30.98836
30.98916
31.03867
31.0396
31.0884
31.08932
31.13806
31.13903
31.18833
31.18865
31.23859
31.23842
31.28902
31.28889
31.3392
31.33926
31.38934
31.38896
31.4395
31.43894
31.48966
31.48941
31.5398
31.53986
31.5902
31.59005
31.64069
31.63968
31.74106
31.68969
31.79128
31.73933
31.84092
31.78941
31.89055
31.83945
31.94067
31.88971
31.9904
31.93777
32.0368
31.97935
32.06715
32.02932
32.11687
32.07904
32.1669
32.1294
32.21694
32.17965
32.2672
32.23005
32.31747
32.28054
32.36743
32.33064
32.41718
32.381
32.46751
32.43144
32.5172
32.48159
32.56731
32.5319
32.61768
32.58206
32.66754
32.63206
32.71793
32.68254
32.7676
32.7322
32.81773
32.78219
32.86749
32.83206
32.91734
32.88224
32.96739
32.93225
33.01783
32.98245
33.06776
33.0329
33.11812
33.08259
33.16846
33.13252
33.21873
33.18262
33.2684
33.2327
33.3183
33.28239
33.36835
33.33251
33.4185
33.38291
33.46835
33.43269
33.51856
33.48296
33.56843
33.53309
33.61868
33.58311
33.66883
33.6335
33.71856
33.6837
33.76888
33.73384
33.8185
33.78424
33.86815
33.83442
33.91864
33.88441
33.97015
33.93462
34.01901
33.9852
34.06914
34.03538
34.11875
34.08537
34.16901
34.13523
34.21894
34.23516
34.26904
34.28536
34.3189
34.33578
34.36885
34.38597
34.41851
34.43583
34.46833
34.48607
34.5181
34.53588
34.56828
34.58631
34.61867
34.6367
34.6687
34.68695
34.71864
34.73728
34.76908
34.78761
34.81877
34.83776
34.86846
34.88801
34.91843
34.93839
34.96808
34.98856
35.0181
35.03825
35.06842
35.08815
35.11806
35.13835
35.16769
35.18842
35.21787
35.23887
35.26829
35.28875
35.31866
35.33899
35.36848
35.38943
35.41886
35.43906
35.46882
35.48913
35.5192
35.53889
35.56896
35.58933
35.61867
35.63969
35.66843
35.68995
35.71816
35.73966
35.76856
35.78993
35.81831
35.83982
35.86809
35.88952
35.91775
35.93951
35.96822
35.98988
36.01812
36.04014
36.06806
36.08992
36.11772
36.18987
36.1675
36.23985
36.21739
36.28972
36.26741
36.33981
36.31786
36.38961
36.36798
36.43927
36.41785
36.48947
36.46821
36.53978
36.51834
36.58947
36.56837
36.6399
36.61821
36.68987
36.66805
36.74004
36.71847
36.7904
36.7684
36.84071
36.81852
36.891
36.86821
36.94089
36.91851
36.99113
36.96816
37.04159
37.01786
37.0913
37.06796
37.1417
37.12044
37.19149
37.16865
37.24189
37.21918
37.29193
37.26879
37.34243
37.31837
37.39286
37.36838
37.44271
37.41882
37.49295
37.46918
37.54325
37.51943
37.59372
37.56979
37.64408
37.62
37.69411
37.67009
37.74448
37.76996
37.79419
37.81975
37.84418
37.86975
37.89387
37.91982
37.9439
37.96965
37.99376
38.01971
38.04354
38.06991
38.09397
38.11983
38.14375
38.17002
38.19408
38.22045
38.24393
38.27057
38.2937
38.3203
38.34366
38.37035
38.39341
38.42008
38.44311
38.47036
38.49318
38.52049
38.5428
38.62059
38.59293
38.67076
38.6433
38.72113
38.69354
38.77081
38.7438
38.82043
38.79417
38.87077
38.8442
38.92124
38.8941
38.97141
38.94396
39.02103
38.99362
39.07133
39.0435
39.12163
39.0932
39.17202
39.14335
39.22202
39.19379
39.27166
39.24386
39.31615
39.28656
39.36261
39.33466
39.41247
39.38429
39.4625
39.43435
39.51272
39.48472
39.56263
39.53512
39.59211
39.58515
39.64198
39.63534
39.68433
39.66005
39.72027
39.70544
39.74998
39.72509
39.78912
39.76252
39.82485
39.80167
39.84789
39.8228
39.88644
39.8728
39.92165
39.91913
39.96951
39.96257
40.01961
40.01217
40.06989
40.05853
40.12007
40.10857
40.17022
40.15841
40.22028
40.20813
40.27057
40.25821
40.32032
40.3079
40.37055
40.35819
40.42059
40.40845
40.47068
40.45825
40.52036
40.50813
40.5705
40.55779
40.6203
40.60752
40.6702
40.65777
40.72046
40.70809
40.77011
40.80873
40.82001
40.85865
40.86961
40.90902
40.91947
40.95887
40.96939
41.00943
41.01941
41.05886
41.06905
41.10871
41.1192
41.15905
41.16891
41.20897
41.21899
41.259
41.26939
41.30376
41.31945
41.35418
41.36935
41.40442
41.41906
41.45444
41.46873
41.50448
41.51857
41.55436
41.56883
41.60397
41.61898
41.65417
41.66925
41.70436
41.71948
41.75452
41.7697
41.8049
41.81969
41.85514
41.86964
41.90525
41.91936
41.95532
41.9697
42.00556
42.01958
42.05571
42.06982
42.10584
42.12008
42.15557
42.16977
42.20549
42.22008
42.25554
42.27027
42.30549
42.3199
42.35554
42.36998
42.40583
42.4198
42.45584
42.46983
42.50603
42.52008
42.55576
42.56983
42.60609
42.62004
42.65622
42.67009
42.70587
42.72035
42.75609
42.77084
42.80601
42.82114
42.85573
42.87075
42.90587
42.92073
42.95619
42.97115
43.00583
43.02154
43.05627
43.07119
43.10614
43.12094
43.15629
43.17103
43.20612
43.22149
43.25622
43.27153
43.30619
43.32135
43.35608
43.37146
43.40614
43.42126
43.45588
43.47168
43.50554
43.52199
43.55574
43.57208
43.60548
43.62199
43.65539
43.67167
43.70579
43.72192
43.75601
43.77229
43.80568
43.82215
43.85531
43.87242
43.90505
43.92253
43.95484
43.97273
44.00521
44.02313
44.10547
44.07301
44.15564
44.12341
44.20554
44.17342
44.25686
44.22329
44.30581
44.27286
44.35601
44.32315
44.40574
44.37337
44.50567
44.42334
44.55534
44.47357
44.60574
44.52378
44.6554
44.57393
44.70547
44.6241
44.75564
44.67421
44.80546
44.72396
44.85593
44.7737
44.90583
44.82386
44.95545
44.87379
45.00517
44.92357
45.05538
44.97357
45.10527
45.02347
45.15517
45.07317
45.20539
45.1229
45.25549
45.17259
45.30577
45.22271
45.35572
45.27262
45.4059
45.32253
45.45604
45.37227
45.50626
45.42256
45.55589
45.47233
45.60598
45.52275
45.65583
45.62306
45.70583
45.67316
45.7561
45.72306
45.8063
45.77269
45.85652
45.82284
45.90672
45.87262
45.95672
45.92291
46.00692
45.97339
46.05704
46.02306
46.10665
46.07331
46.15697
46.12322
46.20711
46.17365
46.25711
46.22369
46.30714
46.27412
46.35691
46.37358
46.40734
46.42348
46.45754
46.47357
46.50751
46.52323
46.55758
46.57355
46.60797
46.62388
46.65783
46.67355
46.70827
46.72328
46.75816
46.77361
46.80837
46.82338
46.85854
46.87376
46.90847
46.92381
46.95873
46.97396
47.00848
47.02381
47.05841
47.07383
47.10839
47.12389
47.15855
47.17356
47.20881
47.22322
47.2589
47.2737
47.30873
47.32363
47.35896
47.3734
47.40875
47.42335
47.45906
47.47373
47.50922
47.52421
47.61046
47.57457
47.65882
47.62443
47.70842
47.6744
47.75838
47.72423
47.80853
47.77406
47.85889
47.82435
47.90926
47.87446
47.95935
47.92475
48.00957
47.97522
48.05926
48.0256
48.10939
48.07589
48.15973
48.12618
48.20941
48.17608
48.25982
48.22602
48.30986
48.27648
48.36
48.32659
48.41027
48.37641
48.46065
48.42641
48.51081
48.47687
48.56065
48.52714
48.61051
48.57692
48.66045
48.62677
48.71018
48.6764
48.76006
48.72684
48.8098
48.77674
48.8597
48.82714
48.90947
48.87687
48.95921
48.92725
49.00967
48.97691
49.06004
49.02707
49.11009
49.07693
49.16029
49.12738
49.21003
49.17717
49.26023
49.22717
49.31066
49.27698
49.36106
49.3269
49.4107
49.3772
49.46099
49.42704
49.51066
49.47744
49.56028
49.52717
49.61026
49.57758
49.66056
49.62719
49.71039
49.67737
49.76075
49.72779
49.81038
49.77822
49.8601
49.87843
49.91018
49.92825
49.9599
49.97856
50.0097
50.02896
50.0594
50.07883
50.10921
50.12925
50.15882
50.17904
50.20914
50.22935
50.25891
50.27957
50.30917
50.32944
50.3589
50.37982
50.40881
50.42985
50.45885
50.48004
50.50917
50.53002
50.55938
50.57995
50.60937
50.63158
50.65898
50.68017
50.70942
50.73008
50.75951
50.78078
50.80968
50.83061
50.85955
50.88094
50.90935
50.93066
50.95914
50.98027
51.00929
51.03068
51.0591
51.0806
51.10916
51.13047
51.15919
51.18086
51.2089
51.23074
51.25876
51.28055
51.30854
51.33043
51.35903
51.38035
51.40927
51.4301
51.45895
51.48054
51.50898
51.53017
51.55865
51.58021
51.60833
51.63029
51.6582
51.67994
51.70819
51.73013
51.75792
51.77996
51.80842
51.83036
51.85887
51.88
51.90934
51.93029
51.95934
51.98074
52.00952
52.03069
52.0592
52.08112
52.10912
52.13132
52.15922
52.18145
52.20941
52.23168
52.25984
52.282
52.30987
52.33202
52.36019
52.38199
52.41034
52.43218
52.46038
52.48244
52.51041
52.53281
52.56036
52.58331
52.61016
52.63297
52.65985
52.68327
52.71019
52.73318
52.76025
52.78346
52.81045
52.83327
52.86081
52.88304
52.91049
52.93286
52.96073
52.9832
53.0111
53.03353
53.06102
53.0836
53.11073
53.13333
53.16079
53.18357
53.21116
53.23372
53.26113
53.28406
53.31103
53.33379
53.36065
53.38364
53.41063
53.43397
53.46065
53.48446
53.51063
53.53466
53.5603
53.58493
53.61016
53.63479
53.65999
53.68483
53.71025
53.73525
53.76072
53.78569
53.81035
53.83603
53.86005
53.88605
53.91043
53.93585
53.96029
53.98602
54.01025
54.03597
54.06012
54.08596
54.10964
54.13636
54.15969
54.18632
54.20963
54.2363
54.25958
54.28672
54.30997
54.38651
54.36037
54.43637
54.41028
54.48601
54.46003
54.53635
54.51041
54.58663
54.56034
54.63634
54.61067
54.68683
54.66043
54.73721
54.71038
54.78741
54.76057
54.83784
54.81071
54.88751
54.86097
54.93788
54.91077
54.98755
54.96051
55.03724
55.01089
55.08763
55.06116
55.1381
55.11155
55.18846
55.16133
55.23829
55.21121
55.2834
55.26119
55.33355
55.31115
55.37617
55.36126
55.42619
55.40928
55.47649
55.45942
55.52662
55.50966
55.57646
55.55928
55.62619
55.60912
55.6763
55.65918
55.72648
55.70928
55.77663
55.75959
55.8265
55.80946
55.87653
55.85912
55.92674
55.90935
55.97692
55.95959
56.02706
56.00975
56.07675
56.05999
56.12638
56.10982
56.17636
56.16011
56.22662
56.21025
56.27626
56.26046
56.32651
56.31055
56.37627
56.36073
56.42607
56.41093
56.47591
56.4608
56.5262
56.51071
56.57657
56.56038
56.62647
56.61008
56.67618
56.6599
56.7258
56.70958
56.77606
56.75957
56.82648
56.80993
56.87677
56.85959
56.92664
56.90985
56.97671
56.96026
57.02687
57.0103
57.07684
57.06039
57.12652
57.11065
57.17719
57.16103
57.21312
57.21146
57.26331
57.26168
57.31306
57.31184
57.36293
57.36385
57.413
57.41244
57.46287
57.46216
57.51299
57.5116
57.56333
57.56206
57.61297
57.61203
57.66332
57.66178
57.7137
57.71203
57.7635
57.76252
57.81383
57.81261
57.86432
57.86278
57.91433
57.91305
57.96463
57.96303
58.01476
58.01265
58.06486
58.0623
58.11525
58.11235
58.16536
58.16205
58.21529
58.21191
58.26539
58.26202
58.31557
58.31215
58.36555
58.36214
58.41563
58.41225
58.4659
58.46218
58.51618
58.51178
58.56652
58.56151
58.61675
58.61164
58.66689
58.66209
58.71675
58.71218
58.76685
58.76244
58.81691
58.81275
58.86697
58.86244
58.91714
58.91229
58.96696
58.96201
59.01664
59.01171
59.06703
59.06143
59.11741
59.11127
59.16768
59.16101
59.21817
59.21141
59.2681
59.26142
59.31789
59.3114
59.36769
59.36185
59.41782
59.41145
59.46761
59.46186
59.51763
59.51143
59.56781
59.56115
59.618
59.61134
59.66829
59.66154
59.71849
59.71154
59.76876
59.76184
59.81868
59.81153
59.86853
59.86116
59.91835
59.91115
59.96801
59.96109
60.01834
60.01135
60.06814
60.06145
60.11789
60.11115
60.16773
60.16082
60.21747
60.2112
60.26709
60.26148
60.3168
60.31177
60.36668
60.36195
60.41692
60.41205
60.46702
60.46167
60.51719
60.51172
60.56727
60.56175
60.61708
60.6122
60.66681
60.66259
60.71711
60.71247
60.76677
60.76264
60.81639
60.81268
60.86652
60.86261
60.91653
60.91239
60.96687
60.96224
61.0168
61.01194
61.06667
61.062
61.11653
61.11237
61.16686
61.16217
61.2172
61.21189
61.26682
61.26153
61.31693
61.31129
61.36724
61.36124
61.41766
61.41153
61.4679
61.46189
61.5182
61.51191
61.56849
61.56207
61.61817
61.61195
61.66798
61.6624
61.71784
61.7127
61.76796
61.76292
61.81758
61.81313
61.86739
61.86324
61.91745
61.91342
61.96777
61.96319
62.01802
62.01281
62.06842
62.06264
62.11879
62.11292
62.16916
62.16272
62.21936
62.21284
62.26964
62.26252
62.31929
62.31216
62.36925
62.3619
62.41909
62.4123
62.46878
62.4626
62.51851
62.51281
62.56824
62.56311
62.61856
62.61327
62.66891
62.663
62.71858
62.71262
62.76891
62.76267
62.81855
62.81244
62.86854
62.86278
62.91867
62.91322
62.96863
62.96343
63.01896
63.01361
63.06928
63.0633
63.11964
63.1129
63.16948
63.16317
63.21981
63.21349
63.26954
63.2637
63.31994
63.3133
63.36967
63.3637
63.41932
63.41394
63.46904
63.46416
63.51948
63.51416
63.56923
63.56409
63.61963
63.61446
63.66994
63.66423
63.72003
63.71469
63.77048
63.76441
63.821
63.81443
63.87152
63.86425
63.92112
63.91462
63.97132
63.96496
64.02094
64.01536
64.07058
64.06486
64.12089
64.11472
64.17113
64.1642
64.22079
64.21387
64.27109
64.26374
64.32138
64.3142
64.37115
64.36425
64.42101
64.41473
64.47134
64.46488
64.57147
64.51521
64.62152
64.56492
64.67193
64.61491
64.72207
64.66526
64.77172
64.71534
64.82192
64.76553
64.87171
64.80824
64.91161
64.84671
64.94741
64.88627
64.98664
64.936
65.03221
64.98244
65.0806
65.03258
65.1306
65.0825
65.1806
65.13216
65.23064
65.18211
65.28046
65.23183
65.33037
65.28143
65.38086
65.33173
65.4312
65.38206
65.48084
65.43214
65.53106
65.4818
65.58073
65.53206
65.6284
65.58192
65.67804
65.63216
65.72833
65.68198
65.77823
65.73222
65.81938
65.78185
65.86756
65.82697
65.9063
65.87138
65.95618
65.92137
66.00645
65.97099
66.05611
66.02139
66.10583
66.07117
66.15613
66.12128
66.20596
66.17091
66.25626
66.22124
66.30628
66.2713
66.35622
66.32149
66.40631
66.37168
66.45642
66.42168
66.50677
66.47211
66.55655
66.52193
66.60616
66.57235
66.65662
66.62234
66.70657
66.67241
66.75664
66.72257
66.80677
66.77271
66.85648
66.82283
66.90685
66.87313
66.95703
66.92277
67.00703
66.97027
67.05717
67.02051
67.10722
67.07048
67.15765
67.12087
67.19929
67.1712
67.24894
67.22108
67.29911
67.2709
67.34933
67.32075
67.39928
67.3709
67.44454
67.4207
67.49435
67.47093
67.544
67.52119
67.59423
67.57149
67.64456
67.62173
67.69486
67.67339
67.74448
67.72176
67.7948
67.77219
67.84453
67.82253
67.89475
67.87221
67.94447
67.92207
67.99429
67.9725
68.04428
68.02222
68.09389
68.072
68.14362
68.12193
68.19382
68.17192
68.24393
68.22225
68.29434
68.27206
68.34402
68.32186
68.39375
68.37159
68.44341
68.42168
68.49387
68.47152
68.54371
68.52164
68.59405
68.57171
68.64371
68.62147
68.69393
68.67108
68.74412
68.72144
68.79415
68.77164
68.84451
68.82133
68.89484
68.86806
68.94506
68.91844
68.99524
68.96886
69.045
69.01878
69.09512
69.06845
69.14527
69.11887
69.1954
69.16933
69.24574
69.21951
69.29572
69.26978
69.34579
69.3195
69.39546
69.36926
69.44566
69.41927
69.49547
69.4692
69.5455
69.51884
69.59518
69.56878
69.64539
69.61869
69.69503
69.66909
69.74471
69.71957
69.79489
69.76964
69.83645
69.81995
69.88223
69.86996
69.93259
69.91958
69.98228
69.96922
70.03213
70.01923
70.13251
70.06916
70.18277
70.11885
70.23244
70.16869
70.28205
70.21918
70.33179
70.26962
70.38219
70.31925
70.43252
70.36901
70.48277
70.41864
70.53243
70.46837
70.58205
70.51839
70.63241
70.56815
70.68269
70.61785
70.73269
70.66795
70.78283
70.71823
70.8327
70.76807
70.88248
70.8178
70.93381
70.86754
70.98257
70.91738
71.03249
70.96769
71.0829
71.06782
71.13228
71.11817
71.18204
71.1679
71.2317
71.2179
71.2817
71.26769
71.33135
71.31755
71.38143
71.36707
71.43176
71.41736
71.48142
71.46761
71.53146
71.51721
71.58147
71.55949
71.62813
71.60966
71.67848
71.65943
71.72829
71.70908
71.77814
71.75938
71.82857
71.80976
71.87854
71.85965
71.92847
71.90986
71.97869
71.96
72.02512
72.01035
72.07493
72.06062
72.12532
72.10526
72.17361
72.15514
72.22406
72.20562
72.27435
72.25246
72.31828
72.30245
72.36642
72.35216
72.41661
72.40205
72.46622
72.45216
72.51601
72.50185
72.56634
72.5522
72.61599
72.60235
72.66625
72.65208
72.71612
72.70247
72.76628
72.75235
72.81593
72.80277
72.86626
72.85279
72.9166
72.90247
72.96633
72.95219
73.01661
73.00204
73.06695
73.05193
73.11726
73.10232
73.16748
73.15218
73.21774
73.20267
73.2674
73.25253
73.31701
73.30256
73.36747
73.35233
73.41772
73.40266
73.46738
73.45238
73.51765
73.50212
73.56736
73.55203
73.61706
73.6017
73.66679
73.65189
73.71644
73.70222
73.76684
73.75189
73.81717
73.80199
73.86684
73.85211
73.91693
73.90178
73.9673
73.95145
74.01743
74.00179
74.06765
74.05164
74.11777
74.10202
74.16756
74.15164
74.21805
74.20198
74.26796
74.25172
74.31762
74.30193
74.36801
74.35223
74.41798
74.40209
74.46839
74.45198
74.51819
74.50205
74.56816
74.55225
74.61789
74.60218
74.66745
74.65229
74.71765
74.70365
74.76796
74.75209
74.81763
74.80254
74.868
74.85271
74.91769
74.90271
74.96741
74.95302
75.01704
75.00344
75.06721
75.0531
75.11749
75.10357
75.16737
75.15404
75.21715
75.20413
75.26682
75.25376
75.31647
75.30409
75.36624
75.35382
75.41593
75.40401
75.46641
75.45383
75.51623
75.50374
75.56626
75.55347
75.6163
75.60369
75.6666
75.65362
75.71681
75.704
75.76723
75.7542
75.81693
75.80392
75.86659
75.85403
75.91627
75.95383
75.96622
76.00347
76.01595
76.05335
76.06575
76.103
76.11622
76.15298
76.16596
76.20294
76.21572
76.25278
76.26548
76.30322
76.31573
76.35349
76.36549
76.40385
76.41508
76.45348
76.465
76.50329
76.51472
76.5537
76.56441
76.604
76.61486
76.6543
76.66494
76.70453
76.71529
76.75459
76.76531
76.80448
76.81492
76.85487
76.86474
76.90478
76.91518
76.95473
76.96488
77.00461
77.01478
77.05461
77.06454
77.10445
77.11454
77.1546
77.16439
77.20434
77.21407
77.2547
77.26375
77.30433
77.31413
77.35398
77.36427
77.40372
77.41451
77.45347
77.46432
77.50323
77.5163
77.5531
77.5649
77.60323
77.61451
77.65308
77.66411
77.70293
77.7144
77.75273
77.76453
77.80264
77.81444
77.85244
77.86423
77.90253
77.91431
77.9517
77.96412
78.00218
78.01415
78.05183
78.06387
78.10178
78.11425
78.15169
78.16392
78.20217
78.21424
78.25188
78.26397
78.30222
78.31385
78.35228
78.36365
78.40225
78.4138
78.43856
78.44555
78.48827
78.49573
78.53868
78.53628
78.58875
78.58657
78.63876
78.63643
78.68925
78.68629
78.73907
78.73631
78.78891
78.78636
78.83878
78.83625
78.88908
78.8859
78.93391
78.93583
78.9836
78.9858
79.03329
79.03576
79.08329
79.0861
79.13327
79.13596
79.18307
79.18631
79.23289
79.2365
79.2829
79.28688
79.33307
79.33654
79.38303
79.38683
79.43304
79.43675
79.48276
79.48679
79.53281
79.53663
79.58252
79.58701
79.63243
79.63677
79.68288
79.68709
79.73319
79.73689
79.78355
79.78716
79.83356
79.83727
79.88393
79.88693
79.93035
79.93736
79.9804
79.98753
80.03007
80.03715
80.08006
80.08714
80.13036
80.13696
80.18012
80.18663
80.23048
80.23632
80.28094
80.28675
80.33128
80.33709
80.38101
80.38702
80.43138
80.43734
80.48127
80.48699
80.53149
80.53893
80.58176
80.58776
80.63153
80.63766
80.68118
80.68723
80.7308
80.73766
80.78069
80.78787
80.83045
80.83759
80.88181
80.88746
80.93019
80.93794
80.98014
80.98793
81.03004
81.03784
81.07971
81.08786
81.12978
81.13786
81.17979
81.1883
81.22974
81.23814
81.2796
81.28858
81.32986
81.33884
81.38006
81.38853
81.42997
81.43899
81.47977
81.48877
81.53004
81.53892
81.5798
81.58919
81.62029
81.63307
81.66999
81.68334
81.71985
81.73379
81.7698
81.78363
81.81983
81.83363
81.86963
81.8838
81.91928
81.93377
81.9697
81.9837
82.01945
82.03352
82.0693
82.08317
82.11956
82.13319
82.16997
82.18303
82.21962
82.23338
82.27011
82.28307
82.31998
82.33333
82.36996
82.38371
82.41997
82.43404
82.47024
82.48376
82.51988
82.53358
82.57021
82.58336
82.61996
82.63338
82.66984
82.68334
82.71976
82.73325
82.76949
82.78318
82.81911
82.83324
82.8688
82.88316
82.91902
82.93303
82.96886
82.9833
83.01894
83.03325
83.06918
83.08301
83.11894
83.13289
83.16864
83.18331
83.21861
83.23344
83.26841
83.2839
83.3121
83.33397
83.36206
83.38367
83.41208
83.43356
83.46207
83.48343
83.51242
83.5336
83.56281
83.58376
83.61268
83.63367
83.66307
83.68386
83.71349
83.73406
83.76316
83.78397
83.81349
83.83327
83.86396
83.88297
83.91387
83.93314
83.96432
83.98355
84.01461
84.03333
84.06716
84.08375
84.11506
84.13388
84.16545
84.18432
84.21555
84.23396
84.26501
84.28386
84.31472
84.33416
84.36282
84.38402
84.41282
84.43427
84.46321
84.48469
84.51295
84.53481
84.56282
84.58519
84.61272
84.63548
84.66241
84.68527
84.71238
84.73492
84.76262
84.78513
84.81294
84.83508
84.86266
84.88552
84.91261
84.93533
84.96252
84.98505
85.01263
85.03529
85.06298
85.08527
85.11261
85.13494
85.1626
85.1854
85.21299
85.2356
85.26268
85.286
85.31248
85.33634
85.36217
85.38634
85.41258
85.43674
85.46284
85.48688
85.51328
85.53685
85.56354
85.58707
85.6138
85.63725
85.66399
85.68739
85.71396
85.73773
85.76411
85.7878
85.81403
85.83759
85.86436
85.88386
85.91419
85.93405
85.95658
85.97307
86.00645
86.01963
86.04493
86.0593
86.08538
86.10433
86.12916
86.14507
86.16196
86.18233
86.20605
86.22387
86.24408
86.26787
86.28206
86.30323
86.31144
86.34197
86.34339
86.37018
86.3711
86.39153
86.39537
86.41299
86.41281
86.43536
86.4397
86.45678
86.46572
86.47839
86.48386
86.50075
86.50895
86.52319
86.53061
86.53957
86.55311
86.55595
86.57032
86.56839
86.58585
86.58188
86.60228
86.59246
86.61685
86.62108
86.63245
86.63553
86.64838
86.64902
86.66321
86.6627
86.67862
86.67655
86.69128
86.68972
86.70368
86.70238
86.71874
86.71603
86.72958
86.73068
86.74219
86.74298
86.75565
86.75623
86.77045
86.76827
86.78358
86.78232
86.79605
86.79494
86.8132
86.8111
86.82845
86.82227
86.84
86.83641
86.85651
86.85207
86.87031
86.86621
86.88631
86.87527
86.89811
86.88859
86.90698
86.89988
86.9217
86.91381
86.93201
86.92725
86.9446
86.94011
86.9562
86.95479
86.97047
86.96843
86.97758
86.98152
86.98907
86.99615
87.0022
87.01105
87.0128
87.01958
87.02748
87.03388
87.04108
87.04105
87.05587
87.05605
87.07034
87.06937
87.08231
87.08681
87.09695
87.10034
87.10729
87.10768
87.12112
87.12104
87.13505
87.13088
87.14568
87.14407
87.15845
87.15459
87.16994
87.16784
87.18174
87.17989
87.19291
87.19225
87.20662
87.20483
87.21778
87.21942
87.23344
87.23278
87.24271
87.24496
87.25671
87.25958
87.27038
87.27052
87.28604
87.28037
87.298
87.29267
87.31124
87.30536
87.3252
87.31881
87.33984
87.33181
87.3524
87.34594
87.36895
87.36098
87.38238
87.3735
87.39575
87.38781
87.40973
87.40343
87.4249
87.41474
87.43874
87.43161
87.4516
87.43925
87.46711
87.45
87.48151
87.4697
87.49273
87.48513
87.50544
87.49982
87.5174
87.51016
87.5246
87.5234
87.53382
87.53291
87.54629
87.5434
87.55657
87.55411
87.56804
87.56657
87.57823
87.57822
87.58879
87.59109
87.59837
87.60363
87.60761
87.61781
87.61789
87.6301
87.62816
87.63773
87.64049
87.64957
87.65313
87.659
87.66239
87.67079
87.6716
87.68276
87.68081
87.69038
87.69002
87.70317
87.69963
87.71054
87.71288
87.71996
87.72206
87.7306
87.72945
87.74003
87.73867
87.75057
87.74894
87.76122
87.7585
87.7732
87.77293
87.78263
87.78316
87.79309
87.7924
87.80061
87.80633
87.81255
87.81544
87.82293
87.82463
87.8343
87.83385
87.84151
87.8449
87.85354
87.85209
87.86274
87.86375
87.87473
87.87646
87.88931
87.8932
87.90704
87.90577
87.92609
87.91876
87.93709
87.93087
87.94809
87.9393
87.95547
87.94663
87.96716
87.95683
87.97453
87.96606
87.98373
87.97669
87.99297
87.98403
88.00326
87.99319
88.01244
88.00056
88.01964
88.00774
88.02682
88.0149
88.03407
88.02409
88.04577
88.03146
88.05743
88.03866
88.07126
88.04783
88.0818
88.05521
88.089
88.06696
88.09821
88.07716
88.10739
88.08636
88.11457
88.09807
88.1216
88.10727
88.1312
88.11648
88.14042
88.12565
88.1496
88.13286
88.15677
88.14005
88.16603
88.15029
88.17326
88.15749
88.18056
88.16925
88.19486
88.18267
88.20725
88.19662
88.21899
88.21052
88.23055
88.22225
88.2435
88.23787
88.25088
88.25461
88.26481
88.26492
88.27203
88.27216
88.28126
88.28415
88.29153
88.29796
88.30119
88.30843
88.31475
88.32523
88.33339
88.33356
88.34692
88.3472
88.35422
88.35992
88.3681
88.37453
88.37541
88.38426
88.39234
88.40053
88.4069
88.43668
88.41625
88.45103
88.43749
88.45869
88.45136
88.47432
88.47163
88.51157
88.47909
88.52308
88.50036
88.56208
88.54887
88.57971
88.56922
88.59693
88.57848
88.61481
88.59623
88.63525
88.62675
88.64811
88.64195
88.65742
88.66209
88.67524
88.67475
88.68869
88.69074
88.70482
88.6988
88.71638
88.71282
88.73181
88.73042
88.74317
88.73965
88.75597
88.74707
88.76987
88.7596
88.77927
88.77641
88.79887
88.78365
88.82101
88.79653
88.8444
88.82655
88.86737
88.84109
88.89466
88.86502
88.91227
88.88367
88.92833
88.90245
88.93911
88.92889
88.96106
88.94747
88.97166
88.96262
88.99551
88.98125
89.00887
88.99468
89.02032
89.01048
89.03239
89.02011
89.04585
89.03526
89.05482
89.04394
89.06664
89.05865
89.07728
89.06799
89.09118
89.08302
89.09946
89.09148
89.10973
89.10421
89.12231
89.11447
89.13412
89.12475
89.14638
89.13808
89.15556
89.14547
89.16481
89.15679
89.17503
89.17022
89.18421
89.17938
89.19141
89.18846
89.20404
89.20238
89.21754
89.21155
89.22472
89.21873
89.23394
89.22793
89.25048
89.24127
89.25768
89.25153
89.26498
89.26185
89.27946
89.27637
89.29121
89.29048
89.30379
89.30528
89.31879
89.31584
89.33128
89.32613
89.34394
89.33791
89.35471
89.34965
89.3681
89.35995
89.37991
89.36925
89.39259
89.37952
89.4029
89.3868
89.41463
89.39951
89.422
89.41124
89.42926
89.42046
89.43848
89.42785
89.44572
89.43814
89.45296
89.44835
89.46329
89.45757
89.47054
89.46684
89.48123
89.4785
89.48846
89.48572
89.49773
89.49294
89.507
89.50323
89.52031
89.51046
89.52959
89.52337
89.5388
89.53061
89.5461
89.5423
89.55785
89.54967
89.57053
89.55692
89.58226
89.5687
89.59154
89.57901
89.60507
89.59158
89.61684
89.60191
89.62961
89.61115
89.63987
89.6215
89.64919
89.63589
89.6644
89.67136
89.68016
89.68057
89.68707
89.68781
89.7024
89.70047
89.71507
89.71221
89.72437
89.72247
89.7391
89.73323
89.75178
89.74974
89.76725
89.75906
89.77679
89.77245
89.78944
89.7824
89.79682
89.79307
89.80867
89.80737
89.82189
89.81754
89.8344
89.83031
89.84749
89.84579
89.86179
89.85844
89.86987
89.87127
89.885
89.88379
89.89783
89.89547
89.90796
89.90791
89.92356
89.91533
89.93615
89.92807
89.94339
89.9422
89.95513
89.95537
89.96446
89.96458
89.9778
89.9749
89.9895
89.98833
89.99866
89.99864
