0.02792438
0.007970547
0.03412446
0.02248081
0.04031777
0.03370341
0.04652434
0.04222596
0.05477344
0.05530265
0.06117566
0.06529208
0.06737113
0.07510229
0.07356685
0.08356872
0.07976065
0.09249984
0.0859521
0.1040348
0.09218513
0.1177014
0.09839191
0.1248617
0.1066585
0.136732
0.1149136
0.1456342
0.1212781
0.1575005
0.1275095
0.1663501
0.1337051
0.1748791
0.1398987
0.1837684
0.1460985
0.1922767
0.1522962
0.1989015
0.1585234
0.2092865
0.1645625
0.2202925
0.1707563
0.2335422
0.1769478
0.2420733
0.1831415
0.250613
0.1893704
0.2635001
0.1955683
0.2758559
0.2079493
0.2844288
0.2201613
0.2970865
0.2263883
0.3097463
0.232582
0.3164988
0.2386067
0.324965
0.2447878
0.3335211
0.2508253
0.342023
0.2570543
0.3506064
0.2632478
0.361077
0.2694542
0.3708601
0.2776954
0.3804118
0.283885
0.3920301
0.2899413
0.4010635
0.2959657
0.4141528
0.3021531
0.4226711
0.3081847
0.4312479
0.3164487
0.4402294
0.3226798
0.4521622
0.3288732
0.4645974
0.335071
0.4772137
0.3412522
0.4877129
0.3474521
0.4943465
0.353673
0.5032299
0.3619853
0.5117524
0.3702264
0.5220111
0.3765867
0.5326834
0.3827824
0.5445624
0.3889781
0.5549349
0.3952095
0.5638282
0.4014051
0.5723992
0.4076071
0.5837509
0.4138024
0.5944672
0.4199859
0.6069397
0.4262314
0.6188855
0.4324293
0.6313601
0.4386187
0.6398935
0.4448083
0.6496597
0.4509851
0.6623944
0.4572351
0.6689947
0.4634286
0.6778841
0.4696261
0.6900837
0.4758197
0.7013583
0.4820176
0.7134559
0.4882153
0.7223104
0.4944505
0.7349221
0.5006504
0.7466757
0.5068485
0.7534739
0.5130461
0.7665445
0.5192462
0.775111
0.5254811
0.7837481
0.5316747
0.7964206
0.5378683
0.8098102
0.5440496
0.82002
0.5502493
0.830945
0.5564867
0.8448153
0.5626953
0.8539504
0.5709743
0.8638026
0.5814236
0.8758542
0.5876214
0.8885561
0.5938483
0.8971272
0.6000487
0.9056844
0.6083399
0.9123074
0.616581
0.9246134
0.6228274
0.9312533
0.6310954
0.941813
0.6372891
0.9527377
0.6433368
0.9638128
0.6493641
0.9724128
0.6555578
0.9813832
0.6616259
0.9936556
0.6676466
1.00682
0.6738464
1.01987
0.6800461
1.028455
0.6862442
1.037013
0.6923023
1.048713
0.6983312
1.05965
0.7043582
1.07265
0.7105539
1.08517
0.7165811
1.096885
0.722812
1.109053
0.7288432
1.121461
0.734868
1.134211
0.7410678
1.146637
0.7472656
1.153391
0.7532966
1.159883
0.7595133
1.172927
0.7657129
1.183872
0.771913
1.195453
0.7781067
1.202017
0.7843001
1.208417
0.7905124
1.21695
0.7967122
1.227017
0.8029121
1.235937
0.8091416
1.244483
0.8211577
1.251068
0.8273788
1.261373
0.833578
1.270283
0.8397781
1.278857
0.845978
1.285588
0.8520172
1.292148
0.8580797
1.298748
0.8642733
1.305317
0.8704669
1.3119
0.8766624
1.320414
0.8828623
1.327014
0.8890435
1.333589
0.8952912
1.340145
0.9014871
1.346547
0.9076974
1.35897
0.9159639
1.368868
0.9242615
1.377436
0.9306278
1.384001
0.936828
1.392546
0.9428608
1.399346
0.9488942
1.409104
0.9549085
1.417641
0.9609753
1.427201
0.9670207
1.433931
0.9732166
1.440322
0.9794145
1.44672
0.9856101
1.45528
0.9916785
1.463811
0.9978746
1.470534
1.003904
1.476936
1.010105
1.485479
1.016307
1.492044
1.022503
1.498657
1.028563
1.507212
1.034596
1.515745
1.040805
1.524278
1.049042
1.53091
1.055408
1.539447
1.061642
1.546005
1.069904
1.552403
1.076281
1.560975
1.084508
1.567531
1.090758
1.574105
1.096957
1.58265
1.103161
1.589204
1.109357
1.595646
1.115553
1.604943
1.121748
1.613447
1.127973
1.62001
1.134173
1.628605
1.140219
1.637165
1.146417
1.643719
1.152612
1.650107
1.158839
1.656675
1.165039
1.665263
1.171239
1.673775
1.179487
1.680335
1.18773
1.686716
1.194124
1.693141
1.200305
1.699535
1.206499
1.706095
1.21269
1.712497
1.21889
1.721003
1.227171
1.72779
1.239554
1.73694
1.245739
1.743675
1.251931
1.754923
1.264347
1.763462
1.270534
1.770008
1.276726
1.776577
1.282934
1.783137
1.289122
1.789541
1.313921
1.799991
1.320104
1.808909
1.332535
1.815465
1.338725
1.822006
1.351097
1.828454
1.369526
1.834865
1.375703
1.84145
1.400336
1.851037
1.424952
1.857768
1.443501
1.864206
1.461936
1.872739
1.4743
1.879327
1.486521
1.890605
1.498938
1.899163
1.529747
1.905719
1.554326
1.912111
1.560551
1.918506
1.572931
1.925061
1.579117
1.931496
1.585298
1.940065
1.59154
1.952271
1.605954
1.960862
1.611964
1.96947
1.62422
1.976035
1.630408
1.984536
1.636424
1.99112
1.642432
1.999661
1.648472
2.006202
1.669117
2.012602
1.675133
2.021254
1.689431
2.029835
1.701814
2.038448
1.707831
2.050112
1.720213
2.05667
1.734696
2.065222
1.753269
2.071793
1.771869
2.080449
1.77806
2.092736
1.784248
2.099335
1.809026
2.105736
1.827628
2.117228
1.846021
2.125708
1.852208
2.132331
1.858428
2.142668
1.876997
2.149232
1.901609
2.155632
1.914009
2.164287
1.926419
2.172911
1.932611
2.181446
1.963414
2.190038
2.000559
2.196631
2.006759
2.203183
2.012948
2.2096
2.01914
2.220783
2.025358
2.232091
2.03155
2.238643
2.037737
2.245045
2.043925
2.254397
2.050112
2.262999
2.062522
2.271553
2.080911
2.280109
2.117911
2.288635
2.124133
2.295235
2.130333
2.303904
2.157018
2.310464
2.163022
2.318993
2.169064
2.325716
2.177307
2.332322
2.189555
2.340903
2.203983
2.353361
2.210006
2.360153
2.228268
2.371902
2.252505
2.378465
2.277121
2.387027
2.295208
2.396974
2.313421
2.403527
2.325676
2.409931
2.356134
2.419166
2.398618
2.42573
2.437346
2.434624
2.46195
2.443263
2.467988
2.451785
2.474008
2.45833
2.49467
2.46693
2.50688
2.475463
2.512901
2.483987
2.549586
2.490723
2.567837
2.499324
2.592112
2.505889
2.634775
2.514505
2.661604
2.521061
2.710119
2.527661
2.71614
2.536255
2.740412
2.547446
2.746446
2.554171
2.764537
2.560958
2.782934
2.571458
2.801011
2.578178
2.807053
2.584577
2.825505
2.593193
2.839937
2.599917
2.86421
2.606459
2.870228
2.612859
2.900519
2.621423
2.906538
2.628011
2.963674
2.634415
2.969859
2.640792
2.975876
2.649304
2.993967
2.657835
3.03647
2.666437
3.090871
2.675308
3.127518
2.684384
3.176069
2.690926
3.220959
2.697359
3.277921
2.703757
3.296337
2.712307
3.302362
2.720838
3.338861
2.729383
3.362969
2.735924
3.368989
2.742321
3.387378
2.748721
3.399622
2.757298
3.405643
2.765986
3.424065
2.772524
3.43025
2.778924
3.460377
2.785324
3.466398
2.793961
3.472585
2.802492
3.47877
2.811034
3.484791
2.819614
3.496868
2.826379
3.502895
2.832764
3.515103
2.83917
3.52129
2.848989
3.527333
2.855743
3.533367
2.864247
3.5454
2.872988
3.551431
2.885359
3.557485
2.891917
3.563666
2.898321
3.571901
2.904902
3.578089
2.91341
3.596526
2.919964
3.602713
2.926387
3.615083
2.932774
3.621265
2.939168
3.629531
2.947766
3.635725
2.956311
3.64191
2.962911
3.648095
2.971486
3.654283
2.98005
3.66051
2.986613
3.672863
2.995183
3.679064
3.003761
3.685253
3.012304
3.691463
3.021787
3.697663
3.02872
3.70385
3.035109
3.710036
3.041492
3.716225
3.047882
3.722414
3.056419
3.728637
3.064986
3.734825
3.074363
3.753216
3.082981
3.759436
3.089519
3.771838
3.096118
3.778023
3.102504
3.784194
3.109052
3.790436
3.117618
3.796627
3.126622
3.802824
3.133185
3.81105
3.141701
3.823462
3.148251
3.829654
3.156824
3.835843
3.165442
3.842031
3.174141
3.84822
3.180691
3.854395
3.18725
3.860632
3.193692
3.866821
3.202693
3.872994
3.211215
3.879194
3.217768
3.885381
3.224159
3.891594
3.232782
3.897789
3.241448
3.910158
3.248021
3.916358
3.256546
3.924624
3.265217
3.930812
3.273741
3.936832
3.28031
3.942851
3.289635
3.949038
3.296243
3.955059
3.305762
3.961111
3.312316
3.967125
3.320848
3.973317
3.327471
3.979325
3.338221
3.985369
3.346741
3.993645
3.353296
3.999833
3.359892
4.005852
3.368404
4.011858
3.374953
4.018058
3.381339
4.024276
3.387741
4.030293
3.39787
4.036314
3.404447
4.042324
3.412949
4.048353
3.421446
4.054371
3.429963
4.060431
3.436512
4.066617
3.44309
4.072635
3.453312
4.078652
3.459756
4.084852
3.468277
4.093122
3.476766
4.099322
3.488034
4.105343
3.496636
4.111363
3.507045
4.123453
3.515511
4.131714
3.522098
4.139967
3.531694
4.152173
3.540196
4.15839
3.548711
4.164417
3.558537
4.17045
3.565137
4.178708
3.574011
4.199218
3.589344
4.205408
3.595938
4.211588
3.60234
4.217614
3.611177
4.223655
3.622152
4.229694
3.633081
4.235715
3.639644
4.241721
3.649864
4.247921
3.656414
4.256187
3.662868
4.262387
3.672024
4.268588
3.678573
4.276852
3.685005
4.285095
3.697944
4.29132
3.709088
4.297343
3.721366
4.303558
3.72796
4.314984
3.734352
4.321173
3.742841
4.327253
3.751308
4.339475
3.760174
4.347719
3.768736
4.355985
3.777232
4.362183
3.788088
4.368218
3.798154
4.376451
3.806612
4.382651
3.815106
4.38887
3.823614
4.400424
3.832133
4.409003
3.838701
4.41725
3.84937
4.423517
3.860269
4.435419
3.866823
4.444052
3.873238
4.452299
3.884542
4.458719
3.896016
4.468039
3.907352
4.47631
3.916227
4.488226
3.926547
4.499559
3.935024
4.511384
3.94554
4.51965
3.954017
4.528173
3.962527
4.538449
3.968904
4.54465
3.977394
4.550681
3.983948
4.556762
3.990369
4.565018
4.002903
4.577008
4.013554
4.588715
4.02207
4.59794
4.030884
4.606182
4.040932
4.614448
4.053796
4.623752
4.060409
4.63014
4.072067
4.642233
4.080592
4.653553
4.091601
4.662211
4.10013
4.670803
4.106678
4.679046
4.113082
4.685265
4.121549
4.692075
4.130034
4.702177
4.138559
4.712913
4.149001
4.725335
4.1581
4.733606
4.169787
4.739958
4.181033
4.751314
4.192563
4.763884
4.199166
4.775688
4.209299
4.787979
4.215873
4.797579
4.222455
4.805846
4.231415
4.817008
4.241998
4.825312
4.254002
4.837287
4.262631
4.849063
4.271297
4.861597
4.28512
4.8744
4.293889
4.883044
4.306432
4.889479
4.313057
4.898088
4.325742
4.90677
4.335631
4.919776
4.345856
4.927941
4.358077
4.936208
4.36747
4.944492
4.378541
4.956042
4.391923
4.964329
4.405296
4.976416
4.418402
4.98264
4.43195
4.992175
4.447362
5.000476
4.461362
5.012104
4.473162
5.020374
4.48794
5.028687
4.494617
5.040465
4.504596
5.046809
4.517415
5.055079
4.531723
5.061334
4.545681
5.069604
4.560951
5.075892
4.575343
5.082822
4.587736
5.096012
4.601954
5.104297
4.61676
5.117143
4.631614
5.127032
4.644551
5.137747
4.658522
5.149484
4.666854
5.157817
4.680225
5.166948
4.692083
5.175239
4.706445
5.184103
4.718535
5.193106
4.733691
5.203666
4.747657
5.213076
4.763059
5.22553
4.77669
5.233771
4.792006
5.240003
4.809551
5.249552
4.823353
5.261237
4.839542
5.272925
4.855346
5.284656
4.871058
5.292946
4.88432
5.29915
4.897776
5.305224
4.911683
5.31708
4.926621
5.326969
4.940325
5.337902
4.950821
5.348168
4.966287
5.356768
4.981524
5.365095
4.992679
5.377855
5.005342
5.386132
5.026676
5.394467
5.041517
5.406103
5.057521
5.414407
5.078575
5.424769
5.092909
5.43516
5.109811
5.444767
5.12375
5.454479
5.137646
5.466747
5.162116
5.475434
5.177053
5.484863
5.192732
5.4975
5.206315
5.510633
5.220613
5.524362
5.233725
5.538002
5.248904
5.549266
5.264282
5.560966
5.281341
5.567299
5.300713
5.576098
5.312971
5.582338
5.326481
5.588484
5.340727
5.599188
5.355316
5.61005
5.374534
5.621785
5.390444
5.628201
5.408338
5.636495
5.421994
5.64767
5.439937
5.660474
5.456136
5.67027
5.471865
5.680165
5.486877
5.692806
5.506383
5.705875
5.521064
5.714468
5.536322
5.720879
5.560205
5.732601
5.581719
5.745938
5.598469
5.758522
5.614645
5.769406
5.630845
5.782794
5.646982
5.79294
5.664865
5.804696
5.678402
5.819203
5.69887
5.83314
5.722128
5.845792
5.745336
5.856873
5.777652
5.86996
5.804001
5.884798
5.836536
5.895979
5.853606
5.949225
5.886095
5.960358
5.913503
5.974072
5.940764
5.989158
5.968596
6.008584
5.994926
6.024623
6.029094
6.07252
6.061401
6.108922
6.090528
6.134519
6.128869
6.173199
6.162102
6.201242
6.192184
6.210459
6.234645
6.223779
6.262959
6.3174
6.306515
6.368128
6.334995
6.422868
6.375311
6.437706
6.411683
6.54117
6.453171
6.566732
6.501377
6.671908
6.556693
6.775731
6.601297
6.829211
6.650925
6.842569
6.699241
6.857246
6.748971
6.877656
6.792311
6.934704
6.83895
6.971833
6.888238
7.11059
6.938631
7.160918
6.988426
7.184905
7.038583
7.215659
7.089025
7.32385
7.139051
7.355295
7.188871
7.388736
7.238649
7.421929
7.28851
7.458934
7.338359
7.49085
7.388616
7.540651
7.438978
7.586375
7.48935
7.632026
7.539663
7.682198
7.589353
7.732095
7.639175
7.781987
7.689068
7.832128
7.738975
7.882155
7.788897
7.931983
7.838733
7.982114
7.888371
8.032158
7.938637
8.081772
7.988333
8.132019
8.038138
8.177176
8.087883
8.226841
8.138101
8.277111
8.188162
8.327089
8.23839
8.377105
8.2883
8.42758
8.337949
8.477908
8.38766
8.527779
8.438075
8.578081
8.488338
8.677945
8.538023
8.728207
8.587955
8.778133
8.637616
8.828271
8.687941
8.878405
8.737758
8.928692
8.787878
8.979034
8.838156
9.029504
8.888555
9.079742
8.93826
9.13016
8.987945
9.17988
9.038219
9.22953
9.087944
9.279201
9.1382
9.32954
9.238253
9.379348
9.288416
9.429832
9.338677
9.479604
9.388851
9.529799
9.439065
9.579803
9.489538
9.630021
9.539277
9.680212
9.639327
9.730563
9.689332
9.780231
9.739249
9.830533
9.789071
9.880884
9.83903
9.930595
9.888894
9.980959
9.939205
10.03133
9.988698
10.0812
10.03892
10.13154
10.08926
10.18192
10.1395
10.28221
10.18924
10.33185
10.23964
10.38161
10.28953
10.4314
10.33919
10.48138
10.38883
10.53102
10.43873
10.58131
10.48893
10.63174
10.53913
10.68208
10.58953
10.73247
10.63992
10.78251
10.73965
10.83291
10.78937
10.88327
10.83979
10.93312
10.88958
10.98341
10.93922
11.03318
10.98901
11.08361
11.03939
11.13407
11.08976
11.18403
11.13938
11.23414
11.18961
11.2836
11.23984
11.33347
11.29018
11.38366
11.34
11.43371
11.44025
11.48363
11.49034
11.53405
11.54014
11.58444
11.59042
11.63419
11.64009
11.68445
11.6897
11.73476
11.73988
11.78486
11.7897
11.83505
11.83949
11.8851
11.88931
11.93472
11.93968
11.98516
11.98986
12.03554
12.03977
12.0857
12.09014
12.13602
12.14002
12.18595
12.19046
12.2325
12.2262
12.28262
12.32575
12.33291
12.37615
12.38328
12.42619
12.43368
12.47629
12.48337
12.52596
12.53384
12.57567
12.58377
12.62554
12.63367
12.6752
12.68348
12.72559
12.73351
12.77601
12.7839
12.82589
12.83417
12.87552
12.88455
12.92535
12.98508
12.97515
13.03531
13.025
13.08535
13.07492
13.13556
13.12565
13.18556
13.17551
13.23536
13.22587
13.2852
13.27515
13.3355
13.32506
13.38589
13.37518
13.43614
13.42488
13.53556
13.47519
13.58563
13.5256
13.6357
13.57532
13.68569
13.62511
13.73608
13.67545
13.78616
13.72518
13.83666
13.77553
13.88698
13.82552
13.9372
13.87589
13.98746
13.9255
14.03743
13.97558
14.08746
14.02524
14.13774
14.0752
14.18808
14.12489
14.23788
14.1746
14.28751
14.22492
14.33762
14.27512
14.38767
14.32498
14.43805
14.37519
14.48772
14.42516
14.53758
14.52558
14.58731
14.57584
14.63888
14.62603
14.68765
14.67598
14.73752
14.72645
14.78701
14.77672
14.83719
14.82688
14.8872
14.87661
14.93728
14.92706
14.98757
14.97675
15.03785
15.02709
15.08759
15.07687
15.13759
15.12654
15.18786
15.17652
15.23821
15.22692
15.28784
15.27689
15.33745
15.3271
15.38764
15.37728
15.43733
15.42731
15.48777
15.47782
15.53813
15.57765
15.5883
15.62724
15.63849
15.67743
15.68865
15.72708
15.73892
15.77736
15.78912
15.82704
15.83957
15.87695
15.88978
15.92744
15.93976
15.97722
15.98969
16.02768
16.03989
16.07813
16.08989
16.12801
16.14009
16.17827
16.18992
16.22849
16.23956
16.2788
16.28986
16.3288
16.33958
16.37896
16.39002
16.42903
16.43972
16.47923
16.49005
16.52927
16.54003
16.57941
16.58974
16.62893
16.63937
16.67927
16.68955
16.72909
16.7397
16.77868
16.78981
16.82896
16.83995
16.87862
16.88998
16.92846
16.93996
16.97808
16.98996
17.02852
17.03963
17.07888
17.08987
17.12872
17.14015
17.179
17.19024
17.22914
17.2406
17.27941
17.29022
17.32935
17.33982
17.37899
17.3902
17.42861
17.4404
17.47828
17.49068
17.52821
17.54103
17.57824
17.59109
17.62833
17.63762
17.67803
17.68593
17.7282
17.73595
17.77858
17.78594
17.82878
17.83603
17.87911
17.88649
17.92926
17.9366
17.97924
17.98622
18.02887
18.03626
18.07903
18.08655
18.12897
18.13619
18.1791
18.1868
18.22914
18.23658
18.27894
18.2868
18.3289
18.33689
18.37886
18.43592
18.42859
18.48626
18.47826
18.53635
18.52813
18.58614
18.57792
18.63601
18.62832
18.68604
18.67865
18.73625
18.72904
18.78637
18.77922
18.83674
18.82952
18.88705
18.87995
18.93718
18.9297
18.98685
18.97952
19.03652
19.02914
19.08694
19.07938
19.13719
19.12903
19.18732
19.1789
19.23734
19.22915
19.28747
19.27949
19.33747
19.32945
19.38778
19.37958
19.43801
19.42971
19.48819
19.48011
19.53859
19.53
19.58885
19.57964
19.6392
19.62957
19.68942
19.67998
19.73945
19.73041
19.83957
19.78083
19.88991
19.83054
19.93998
19.88087
19.99033
19.93075
20.04045
19.98056
20.09069
20.03094
20.14045
20.08099
20.19079
20.13095
20.24051
20.18069
20.29077
20.23093
20.34108
20.28119
20.39132
20.33148
20.44106
20.38155
20.49077
20.43119
20.54051
20.48155
20.59016
20.53146
20.64038
20.58126
20.69039
20.63122
20.74051
20.68132
20.79075
20.7317
20.84047
20.78134
20.89068
20.83101
20.94088
20.88122
20.99068
20.93113
21.04043
20.98087
21.09056
21.03054
21.14043
21.08034
21.19051
21.13007
21.24067
21.17985
21.29109
21.22958
21.34077
21.27999
21.39049
21.33031
21.44083
21.38064
21.4913
21.43062
21.54121
21.48088
21.59147
21.53092
21.64162
21.58112
21.69166
21.63098
21.7419
21.68067
21.79226
21.73046
21.84237
21.78081
21.8923
21.83087
21.94182
21.93106
21.99145
21.98078
22.04182
22.03053
22.09199
22.08087
22.14239
22.13049
22.19201
22.18026
22.24239
22.2299
22.29283
22.28
22.34306
22.32982
22.39289
22.37998
22.44261
22.43017
22.49281
22.48023
22.54314
22.53063
22.59287
22.58031
22.64298
22.63026
22.69313
22.68073
22.74331
22.73039
22.79337
22.78083
22.84327
22.83106
22.8932
22.88119
22.9431
22.93152
22.99288
22.98185
23.04251
23.03149
23.09237
23.08131
23.14261
23.12357
23.18557
23.15179
23.23531
23.20144
23.28513
23.2459
23.33528
23.29624
23.38517
23.39631
23.43559
23.44698
23.48592
23.49725
23.53559
23.54741
23.58538
23.59752
23.63522
23.6419
23.68536
23.69155
23.73546
23.74151
23.78539
23.79142
23.8352
23.84014
23.88504
23.89022
23.93517
23.94058
23.98517
23.99055
24.03546
24.04084
24.08559
24.09124
24.13602
24.14163
24.18588
24.19186
24.23605
24.24174
24.28596
24.2917
24.3363
24.34202
24.38669
24.39223
24.43662
24.44226
24.4863
24.4924
24.53605
24.5425
24.58637
24.5927
24.63622
24.64263
24.68502
24.69248
24.7347
24.74282
24.78512
24.79266
24.83509
24.84227
24.88497
24.89262
24.93517
24.94287
24.98535
24.99328
25.03571
25.04342
25.08581
25.09349
25.13591
25.14382
25.18631
25.19406
25.23638
25.24435
25.28667
25.29449
25.33667
25.34458
25.38726
25.3948
25.43684
25.44474
25.4873
25.49487
25.5376
25.54518
25.58715
25.59539
25.63686
25.64555
25.68656
25.69572
25.73681
25.74568
25.7867
25.79606
25.83703
25.84632
25.887
25.89625
25.9367
25.94658
25.98675
25.99658
26.0371
26.04653
26.08699
26.09686
26.13706
26.14684
26.18739
26.19646
26.23728
26.24679
26.28706
26.29726
26.33728
26.34744
26.38689
26.39786
26.43688
26.44763
26.4872
26.49753
26.53692
26.54778
26.58667
26.59799
26.63634
26.64823
26.68608
26.69858
26.73653
26.74877
26.78625
26.79885
26.83651
26.84849
26.88665
26.89891
26.93642
26.95081
26.98664
26.99973
27.03644
27.05019
27.08657
27.09976
27.1369
27.14997
27.23664
27.19962
27.28678
27.25001
27.33711
27.30024
27.38718
27.35034
27.43753
27.39998
27.48797
27.45032
27.53806
27.50052
27.58819
27.55042
27.63866
27.60077
27.68904
27.65049
27.73939
27.70076
27.78938
27.75104
27.8395
27.80091
27.88942
27.85101
27.9393
27.90108
27.98892
27.95143
28.03879
28.00177
28.08886
28.05162
28.13892
28.10184
28.1894
28.15144
28.23903
28.20173
28.28906
28.25183
28.33918
28.30149
28.38898
28.35157
28.43886
28.40176
28.48877
28.4515
28.53882
28.50195
28.58935
28.55169
28.63895
28.60209
28.68862
28.65222
28.73875
28.7023
28.8216
28.75239
28.8677
28.79768
28.90855
28.84745
28.95854
28.89761
28.99698
28.93326
29.04704
28.98355
29.09691
29.03381
29.14738
29.08399
29.19728
29.13433
29.24694
29.18465
29.29695
29.23507
29.34735
29.28512
29.39754
29.33481
29.44798
29.38442
29.49763
29.43454
29.54764
29.48454
29.59749
29.53474
29.64722
29.5852
29.69688
29.63524
29.7465
29.68564
29.79695
29.73586
29.84657
29.78626
29.8968
29.8366
29.94689
29.88674
29.99661
29.93666
30.04695
29.98713
30.09742
30.03713
30.14739
30.0871
30.19775
30.13699
30.24761
30.18686
30.29754
30.23666
30.34774
30.28652
30.39766
30.33565
30.44215
30.37977
30.48786
30.43019
30.53815
30.48024
30.58831
30.5302
30.63833
30.58057
30.68802
30.63067
30.73812
30.68066
30.78831
30.7304
30.83792
30.78082
30.88835
30.83109
30.93868
30.88097
30.98886
30.93064
31.03912
30.98103
31.08906
31.0313
31.13906
31.08165
31.18941
31.13143
31.23961
31.1811
31.28995
31.23152
31.33958
31.28172
31.39001
31.33204
31.44044
31.38234
31.49079
31.43195
31.54117
31.48195
31.59167
31.53232
31.64214
31.58235
31.69191
31.63268
31.74157
31.68285
31.79117
31.7328
31.84082
31.78322
31.89126
31.83351
31.941
31.88357
31.99132
31.93403
32.04157
31.98428
32.09132
32.03428
32.14145
32.08454
32.19169
32.13477
32.2298
32.18486
32.27955
32.23481
32.32948
32.28119
32.37964
32.33093
32.42973
32.3806
32.47991
32.43027
32.53019
32.48056
32.58029
32.53074
32.63012
32.5808
32.68051
32.63082
32.73095
32.68113
32.78068
32.73119
32.83032
32.78082
32.88057
32.83092
32.93022
32.88128
32.98018
32.93172
33.03038
32.98163
33.08038
33.03193
33.13005
33.08167
33.18022
33.13167
33.23036
33.18179
33.28054
33.23182
33.33065
33.28225
33.38069
33.33232
33.43031
33.38249
33.48067
33.43274
33.53107
33.48244
33.58074
33.53247
33.63048
33.58214
33.68083
33.63254
33.73074
33.68252
33.78041
33.73254
33.83007
33.78231
33.8804
33.83234
33.9305
33.88234
33.98077
33.93304
34.03106
33.98301
34.08113
34.03267
34.13153
34.08226
34.18186
34.13266
34.23208
34.18291
34.28246
34.283
34.33218
34.33346
34.38254
34.38332
34.43281
34.43327
34.48261
34.48302
34.53268
34.53296
34.58252
34.5829
34.63244
34.63338
34.68254
34.683
34.73281
34.73293
34.78312
34.7827
34.83346
34.83313
34.8836
34.88286
34.93348
34.93296
34.98388
34.98337
35.03421
35.03313
35.08467
35.08282
35.13491
35.13261
35.18455
35.18298
35.23455
35.2327
35.2847
35.28312
35.33479
35.33325
35.38514
35.38344
35.4356
35.43352
35.48592
35.48322
35.53566
35.53349
35.58611
35.58369
35.63586
35.63384
35.68571
35.68415
35.73613
35.73417
35.78617
35.78435
35.83638
35.8346
35.88604
35.88455
35.93586
35.93489
35.98507
35.98534
36.03502
36.03502
36.0848
36.08548
36.13444
36.13549
36.18406
36.18524
36.23442
36.23489
36.28413
36.285
36.3341
36.33468
36.38416
36.38489
36.43417
36.43488
36.48378
36.4845
36.53392
36.53453
36.58376
36.58429
36.63377
36.63474
36.68372
36.68501
36.73349
36.73546
36.78392
36.78576
36.83438
36.8358
36.88423
36.88594
36.93396
36.93559
36.98371
36.98582
37.03338
37.03615
37.08375
37.08636
37.13415
37.13683
37.1843
37.18715
37.23475
37.23765
37.28457
37.28712
37.33484
37.33696
37.38517
37.38642
37.43516
37.43668
37.48494
37.48701
37.53536
37.53687
37.58501
37.58678
37.63463
37.6372
37.68493
37.68689
37.73482
37.73701
37.78509
37.78704
37.83553
37.83685
37.88536
37.88721
37.93502
37.93742
37.98479
37.98727
38.03523
38.03764
38.085
38.08734
38.18541
38.13733
38.23541
38.18712
38.28539
38.23719
38.33575
38.28731
38.3858
38.33693
38.43575
38.38684
38.48581
38.43725
38.53595
38.48714
38.58632
38.53712
38.63601
38.58746
38.68586
38.63771
38.73574
38.68803
38.78558
38.73838
38.83541
38.78872
38.88507
38.83867
38.93545
38.88899
38.98579
38.93922
39.03605
38.98933
39.08614
39.0396
39.13641
39.08959
39.18813
39.13992
39.23672
39.18986
39.28652
39.24015
39.33658
39.28976
39.38694
39.34002
39.43657
39.44091
39.48687
39.49055
39.53684
39.54044
39.58479
39.59012
39.63526
39.63984
39.68564
39.67831
39.73586
39.72797
39.7859
39.77777
39.8325
39.82776
39.88263
39.87796
39.91805
39.92551
39.96818
39.97329
40.00102
40.01542
40.05065
40.05271
40.08816
40.09246
40.12989
40.11798
40.17371
40.15246
40.22353
40.23767
40.26191
40.27706
40.31185
40.32693
40.36173
40.37695
40.41202
40.42724
40.46192
40.47701
40.51219
40.52696
40.56232
40.57674
40.61244
40.62683
40.66277
40.67654
40.71325
40.72663
40.7635
40.77689
40.81398
40.82705
40.86368
40.87683
40.9135
40.92713
40.96328
40.97667
41.01365
41.02707
41.06404
41.07709
41.11449
41.12676
41.16416
41.17669
41.21382
41.22659
41.26415
41.27628
41.31414
41.32679
41.36405
41.37715
41.4145
41.42699
41.46435
41.47715
41.51483
41.52707
41.5648
41.5772
41.61509
41.61707
41.66542
41.66684
41.71513
41.71645
41.76507
41.7662
41.81474
41.81611
41.86441
41.86647
41.91408
41.91665
41.96446
41.9668
42.01468
42.0165
42.06487
42.06652
42.11523
42.11613
42.16545
42.16633
42.21561
42.21613
42.26556
42.26634
42.31589
42.31598
42.36607
42.36572
42.41627
42.41593
42.46595
42.46589
42.51571
42.51576
42.56605
42.56596
42.61654
42.61572
42.66674
42.66609
42.71694
42.7161
42.76694
42.76623
42.81819
42.81612
42.86742
42.86599
42.91759
42.9164
42.96755
42.96665
43.01732
43.01685
43.06708
43.06718
43.1174
43.11749
43.16722
43.16789
43.21706
43.2177
43.26678
43.26752
43.31654
43.31763
43.36658
43.36803
43.41707
43.41785
43.46708
43.46802
43.51738
43.51815
43.56764
43.56849
43.61739
43.61875
43.66706
43.66838
43.71703
43.71856
43.76717
43.76854
43.81712
43.81887
43.86736
43.8689
43.9177
43.91909
43.968
43.96937
44.01764
44.01947
44.06726
44.06982
44.11739
44.11991
44.16759
44.17229
44.21726
44.221
44.26696
44.27148
44.3168
44.32104
44.36724
44.37115
44.41704
44.42089
44.46745
44.47097
44.51716
44.5208
44.56725
44.57077
44.61696
44.62093
44.66746
44.67107
44.71724
44.72096
44.7669
44.77113
44.86664
44.82142
44.91635
44.87126
44.96667
44.92121
45.01685
44.97107
45.06699
45.02122
45.11705
45.07095
45.16701
45.12141
45.21692
45.17116
45.26683
45.22156
45.31692
45.27201
45.36668
45.32194
45.41641
45.37181
45.4669
45.42174
45.5173
45.47165
45.56731
45.52194
45.61697
45.57209
45.6666
45.62207
45.71704
45.67173
45.76558
45.72168
45.81575
45.77178
45.86613
45.87152
45.91631
45.92126
45.96653
45.97119
46.01679
46.02097
46.06682
46.07111
46.1171
46.12079
46.16693
46.17073
46.21734
46.22034
46.26917
46.27077
46.31778
46.32077
46.36823
46.37118
46.41839
46.4208
46.46827
46.47124
46.51869
46.5216
46.56853
46.57194
46.61854
46.62205
46.66827
46.67184
46.71862
46.72157
46.76905
46.7717
46.81886
46.82177
46.86884
46.87186
46.91875
46.9218
46.96888
46.97152
47.0186
47.02151
47.06852
47.07198
47.11891
47.12217
47.16931
47.17229
47.2197
47.22242
47.26964
47.27271
47.31967
47.32311
47.37006
47.37284
47.42039
47.42318
47.4706
47.47358
47.52032
47.52537
47.57021
47.5737
47.62033
47.62331
47.67017
47.67344
47.72011
47.72385
47.77044
47.77357
47.82079
47.82362
47.87119
47.87343
47.9212
47.92362
47.97133
47.97365
48.02151
48.02378
48.07118
48.07396
48.12126
48.12415
48.1711
48.17437
48.22082
48.22473
48.27092
48.27488
48.32131
48.32516
48.3713
48.37526
48.42156
48.42521
48.47206
48.47506
48.52186
48.52477
48.57204
48.57441
48.62166
48.62403
48.67205
48.67434
48.72171
48.72414
48.77136
48.7744
48.82098
48.82462
48.87089
48.87509
48.92102
48.92482
48.97109
48.97528
49.02131
49.0249
49.07149
49.07533
49.12165
49.12562
49.1713
49.17541
49.22152
49.22516
49.27189
49.27508
49.32204
49.32483
49.37171
49.37449
49.42168
49.42429
49.47343
49.47414
49.52184
49.52409
49.57217
49.57382
49.62184
49.62366
49.67149
49.67408
49.72164
49.72439
49.772
49.77455
49.8223
49.82499
49.87224
49.87538
49.92207
49.92572
49.97188
49.97559
50.02181
50.02521
50.07173
50.07568
50.12196
50.12553
50.17183
50.1752
50.22229
50.22483
50.27197
50.27467
50.32194
50.32512
50.37197
50.37481
50.42192
50.42459
50.47168
50.47425
50.5219
50.52427
50.57198
50.57399
50.62162
50.62439
50.6713
50.67446
50.72158
50.72479
50.77133
50.7753
50.82175
50.82492
50.87148
50.87526
50.92112
50.92499
50.97153
50.97503
51.0214
51.02526
51.07121
51.0749
51.12094
51.12457
51.17059
51.17478
51.22094
51.2252
51.27065
51.27506
51.3208
51.32524
51.37085
51.37503
51.42072
51.42493
51.47108
51.4753
51.52132
51.52505
51.57165
51.57543
51.62138
51.62578
51.67167
51.67609
51.7215
51.72583
51.77113
51.77592
51.82094
51.82608
51.87133
51.87615
51.92104
51.92623
51.97066
51.97658
52.02039
52.02685
52.07033
52.07711
52.12054
52.12748
52.17084
52.17782
52.22086
52.22816
52.2705
52.27803
52.32066
52.32807
52.37052
52.37767
52.42096
52.4277
52.47112
52.47744
52.52139
52.52729
52.57171
52.57695
52.62165
52.62677
52.67132
52.6767
52.72319
52.72684
52.77159
52.77647
52.8221
52.8269
52.87201
52.92728
52.92164
52.97741
52.97198
53.02769
53.02243
53.07761
53.07239
53.12738
53.12225
53.17707
53.17186
53.2274
53.22163
53.27702
53.27141
53.32679
53.32124
53.37641
53.3717
53.42608
53.42144
53.47625
53.47143
53.52634
53.5213
53.57632
53.57129
53.62654
53.62138
53.67673
53.67174
53.72705
53.72157
53.77748
53.77124
53.82771
53.82097
53.87958
53.87113
53.9282
53.92156
53.97848
53.97141
54.02828
54.02176
54.07848
54.07157
54.12878
54.12147
54.17843
54.17134
54.22807
54.22133
54.27834
54.27167
54.32853
54.32207
54.37893
54.37196
54.42889
54.42209
54.47858
54.47216
54.52863
54.52216
54.57841
54.57227
54.62879
54.6225
54.67852
54.67288
54.72876
54.72287
54.77889
54.77253
54.8292
54.82228
54.8796
54.87272
54.92967
54.92239
54.97965
54.97212
55.02945
55.02256
55.0799
55.07302
55.1296
55.12274
55.17997
55.17253
55.23019
55.22215
55.28036
55.27248
55.33006
55.37322
55.38042
55.42328
55.43084
55.47333
55.48101
55.52371
55.53075
55.57364
55.58068
55.62365
55.63088
55.67347
55.68068
55.72324
55.73082
55.77345
55.78075
55.82388
55.83088
55.87396
55.88058
55.92385
55.93075
55.97518
55.98111
56.02361
56.03138
56.07364
56.0811
56.12372
56.13144
56.17346
56.18167
56.22379
56.23148
56.27347
56.28148
56.32318
56.33118
56.37284
56.38094
56.42253
56.43118
56.47259
56.48151
56.5226
56.53154
56.57299
56.58189
56.6228
56.63202
56.67313
56.68242
56.72295
56.73233
56.77322
56.78255
56.82293
56.83273
56.87331
56.88302
56.92308
56.93317
56.97288
56.98341
57.02332
57.03381
57.07302
57.08368
57.12319
57.1339
57.17288
57.18549
57.22292
57.23412
57.2725
57.28381
57.32217
57.3336
57.37181
57.37947
57.42075
57.42927
57.4709
57.47466
57.52076
57.52462
57.57042
57.57506
57.62077
57.62502
57.67085
57.67466
57.72057
57.72454
57.77065
57.77441
57.82103
57.82441
57.87141
57.87478
57.92175
57.92501
57.97183
57.97541
58.02224
58.02547
58.0727
58.07532
58.12309
58.12494
58.17335
58.17513
58.22347
58.22518
58.2732
58.27492
58.3233
58.32531
58.37342
58.3754
58.42383
58.42524
58.47421
58.47493
58.5245
58.52538
58.5748
58.57554
58.62463
58.62592
58.67483
58.67616
58.72462
58.72585
58.77433
58.77597
58.82476
58.82567
58.87496
58.87596
58.9252
58.92591
58.97549
58.97599
59.02558
59.02611
59.07542
59.0762
59.12586
59.1263
59.17635
59.17645
59.22645
59.22673
59.27608
59.27632
59.32571
59.32612
59.37606
59.37584
59.42706
59.42563
59.47574
59.47556
59.52638
59.52517
59.57573
59.57508
59.62548
59.62471
59.67583
59.67508
59.72601
59.72549
59.77625
59.77579
59.82647
59.82545
59.87627
59.87545
59.92624
59.92582
59.97607
59.97567
60.0265
60.02601
60.07658
60.07623
60.1266
60.12638
60.1764
60.17652
60.22647
60.22675
60.27623
60.27691
60.32658
60.32716
60.37693
60.37729
60.42658
60.42776
60.4762
60.47744
60.52637
60.52724
60.5764
60.5793
60.62679
60.62757
60.67691
60.67713
60.72705
60.72757
60.77699
60.77715
60.82715
60.82756
60.87698
60.92717
60.92672
60.97755
60.97643
61.02783
61.02662
61.07822
61.07672
61.12841
61.12677
61.17863
61.17722
61.22888
61.22702
61.27916
61.27745
61.32945
61.32779
61.3797
61.37818
61.42996
61.42849
61.48029
61.47851
61.53061
61.52838
61.58095
61.57831
61.63115
61.62871
61.68142
61.67841
61.73129
61.72845
61.78125
61.77824
61.83129
61.82858
61.88113
61.87835
61.93087
61.92863
61.98112
61.97908
62.03079
62.02875
62.08094
62.07837
62.13139
62.12813
62.18152
62.17838
62.23195
62.22835
62.28232
62.27883
62.3326
62.32914
62.38227
62.379
62.43238
62.42899
62.48274
62.47866
62.53306
62.52855
62.58341
62.57892
62.63333
62.62922
62.68299
62.67985
62.73278
62.73034
62.78245
62.78016
62.83273
62.83026
62.88296
62.8802
62.93272
62.92995
62.98247
62.97958
63.03277
63.02979
63.08287
63.07965
63.1328
63.13005
63.18309
63.18047
63.2333
63.23067
63.28359
63.33035
63.33384
63.38001
63.38425
63.43039
63.43472
63.48022
63.48439
63.53054
63.53469
63.58021
63.58439
63.63055
63.6345
63.68054
63.68412
63.73094
63.73443
63.78088
63.78432
63.831
63.8341
63.8812
63.88461
63.98058
63.93439
64.03078
63.98451
64.0804
64.03448
64.13013
64.08472
64.18054
64.13505
64.23032
64.18472
64.27998
64.23504
64.33033
64.28532
64.38039
64.33537
64.43012
64.38574
64.47977
64.43604
64.53012
64.48569
64.58031
64.53542
64.63023
64.58587
64.68023
64.6356
64.73065
64.68523
64.78103
64.73563
64.83099
64.78583
64.8809
64.8355
64.93076
64.88576
64.98073
64.93555
65.03072
64.98567
65.08051
65.01722
65.11639
65.05462
65.16663
65.09663
65.19857
65.14682
65.24847
65.18486
65.28999
65.2346
65.34005
65.27635
65.3901
65.3264
65.43983
65.37656
65.49023
65.42703
65.53991
65.47675
65.58962
65.57675
65.63929
65.62708
65.68911
65.67726
65.73897
65.72727
65.78895
65.77752
65.83861
65.82754
65.88882
65.87769
65.93909
65.92785
65.98933
65.97827
66.0395
66.02664
66.08913
66.07037
66.13971
66.12027
66.1869
66.17055
66.23707
66.21975
66.28697
66.26988
66.3365
66.32012
66.38601
66.37007
66.43577
66.41991
66.48615
66.47019
66.53613
66.52041
66.58655
66.57004
66.63629
66.61971
66.6864
66.66945
66.73615
66.7196
66.78593
66.76974
66.8363
66.81954
66.88647
66.86938
66.93662
66.91965
66.98652
66.9698
67.0369
67.02012
67.08714
67.07047
67.13741
67.12064
67.18728
67.17094
67.23705
67.22069
67.2872
67.27046
67.33738
67.32073
67.38776
67.37062
67.43774
67.42068
67.48802
67.47064
67.53812
67.52226
67.58791
67.57092
67.63825
67.62103
67.68842
67.67117
67.73814
67.72106
67.7884
67.77148
67.83867
67.82118
67.88879
67.87157
67.93897
67.92201
67.98924
67.97227
68.03963
68.02192
68.08943
68.07217
68.13933
68.12188
68.18901
68.1722
68.23885
68.22238
68.28909
68.27232
68.3387
68.32251
68.3885
68.37284
68.43837
68.4225
68.48831
68.47296
68.5388
68.52275
68.58853
68.57242
68.63884
68.62203
68.68858
68.67188
68.73885
68.72221
68.78918
68.77209
68.83911
68.82193
68.88903
68.87193
68.93929
68.92182
68.98939
68.9722
69.03905
69.02226
69.08909
69.0722
69.13943
69.12222
69.18948
69.17209
69.23924
69.22229
69.28972
69.27235
69.33938
69.32253
69.38926
69.37265
69.43889
69.42229
69.48876
69.47263
69.53925
69.52281
69.58904
69.57312
69.63883
69.62308
69.68916
69.67305
69.73891
69.72292
69.78931
69.77287
69.83897
69.82334
69.88936
69.87374
69.93937
69.92401
69.98956
69.97364
70.03914
70.0234
70.07511
70.065
70.12496
70.10319
70.17516
70.15321
70.22553
70.20285
70.27543
70.25294
70.32555
70.30284
70.3755
70.3532
70.42529
70.40361
70.47507
70.45374
70.52541
70.50414
70.57523
70.55383
70.62514
70.60417
70.67493
70.70371
70.72475
70.75338
70.77441
70.80299
70.82454
70.85287
70.87023
70.90283
70.92019
70.95296
70.97005
71.0031
71.01723
71.05298
71.06716
71.10427
71.11719
71.1528
71.16741
71.20293
71.21778
71.25329
71.26825
71.30329
71.31795
71.35307
71.36793
71.40292
71.41772
71.45262
71.46748
71.50292
71.5172
71.55254
71.56759
71.60275
71.61798
71.65282
71.66794
71.70248
71.7179
71.74224
71.76504
71.79215
71.81484
71.84219
71.86517
71.89255
71.91482
71.94231
71.96491
71.99243
72.01527
72.04211
72.06548
72.09229
72.11524
72.14219
72.1657
72.1925
72.21571
72.23477
72.266
72.28442
72.31626
72.32488
72.36617
72.37521
72.4081
72.42394
72.45824
72.47404
72.49977
72.52374
72.54984
72.57349
72.59998
72.62355
72.65012
72.6733
72.69978
72.72356
72.7495
72.77334
72.79992
72.82303
72.84957
72.87314
72.89931
72.92274
72.94965
72.9724
72.99931
73.02289
73.04895
73.073
73.09918
73.12344
73.14898
73.17374
73.19946
73.22409
73.24909
73.27447
73.29943
73.32465
73.34921
73.375
73.39919
73.4247
73.44903
73.47435
73.49908
73.52409
73.54912
73.57446
73.59915
73.62408
73.64892
73.67373
73.69928
73.72398
73.74915
73.77412
73.79881
73.82385
73.84843
73.87349
73.89875
73.92381
73.94883
73.97418
73.99928
74.02435
74.04895
74.07481
74.09856
74.12445
74.14884
74.17425
74.1991
74.22408
74.24887
74.2743
74.29858
74.32427
74.34837
74.37466
74.39808
74.42513
74.44807
74.47517
74.49803
74.52527
74.54833
74.57573
74.59813
74.62599
74.64833
74.67631
74.69801
74.72627
74.74809
74.77617
74.79848
74.82684
74.8483
74.87641
74.89874
74.92648
74.94885
74.97681
74.9987
75.02711
75.04829
75.07745
75.09798
75.12725
75.14839
75.1771
75.19852
75.2276
75.24889
75.2779
75.29922
75.32806
75.34899
75.3783
75.39906
75.42807
75.44888
75.47849
75.49867
75.52882
75.54832
75.57851
75.59854
75.62831
75.64878
75.67802
75.69868
75.7277
75.74906
75.77808
75.79942
75.82772
75.84966
75.87798
75.89987
75.92772
75.95014
75.97742
75.99998
76.02732
76.04961
76.07771
76.09952
76.12758
76.14984
76.17771
76.20012
76.22788
76.24998
76.27827
76.29992
76.32851
76.34971
76.37837
76.39974
76.42876
76.44951
76.47838
76.4992
76.52875
76.54933
76.5785
76.59943
76.62894
76.6508
76.67923
76.69978
76.7295
76.74992
76.7799
76.79977
76.82957
76.84985
76.87927
76.89986
76.92918
76.95003
76.97954
76.99983
77.02954
77.05019
77.07934
77.10043
77.12921
77.15089
77.17901
77.20132
77.22929
77.25157
77.27943
77.30202
77.32939
77.35223
77.37947
77.40191
77.42989
77.45196
77.48029
77.50172
77.53003
77.55182
77.5798
77.65208
77.6298
77.7019
77.67992
77.75168
77.72982
77.80202
77.77987
77.85191
77.83163
77.9019
77.88009
77.95164
77.93011
78.0021
77.98026
78.05181
78.03027
78.10207
78.08067
78.1523
78.13052
78.20223
78.18098
78.25256
78.23094
78.30234
78.28105
78.35223
78.33125
78.40221
78.38168
78.45227
78.43204
78.50201
78.48197
78.5519
78.5321
78.60193
78.57671
78.65215
78.62699
78.70197
78.67719
78.75204
78.72752
78.8021
78.77728
78.85213
78.82703
78.90194
78.92659
78.95187
78.97639
79.00195
79.01516
79.05218
79.06487
79.10252
79.11483
79.15289
79.16446
79.20322
79.21486
79.25312
79.26479
79.30326
79.3148
79.35361
79.36523
79.40341
79.41566
79.45332
79.466
79.50343
79.51571
79.55367
79.56583
79.60406
79.61572
79.65372
79.66619
79.70522
79.71593
79.75415
79.76619
79.80438
79.81606
79.85415
79.86652
79.90379
79.91683
79.95387
79.96676
80.00318
80.01677
80.05341
80.06638
80.10365
80.11642
80.15392
80.16638
80.20367
80.21638
80.25393
80.26617
80.30441
80.31581
80.35419
80.36562
80.40453
80.41564
80.45453
80.46555
80.50494
80.51552
80.55477
80.56588
80.60457
80.61626
80.65459
80.66624
80.70471
80.71629
80.7547
80.76641
80.8051
80.81628
80.85516
80.86651
80.90504
80.91615
80.95532
80.9669
81.005
81.01656
81.05484
81.06691
81.10519
81.11646
81.15504
81.16627
81.20471
81.21622
81.2547
81.26597
81.30431
81.3158
81.35409
81.36575
81.40405
81.41549
81.45409
81.46526
81.50408
81.5149
81.55411
81.56516
81.60437
81.61481
81.65412
81.66445
81.70402
81.70781
81.7539
81.75755
81.8039
81.80799
81.85411
81.85766
81.90408
81.90735
81.95403
81.95712
82.00395
82.00695
82.05434
82.05739
82.1042
82.10725
82.15462
82.15716
82.20496
82.20721
82.25541
82.25764
82.30558
82.30753
82.35533
82.40758
82.40516
82.45721
82.45535
82.50695
82.50517
82.55724
82.5556
82.60733
82.60522
82.657
82.65517
82.70672
82.7049
82.7564
82.75507
82.80611
82.8055
82.85591
82.85596
82.90558
82.90572
82.95565
82.9555
83.00537
83.00536
83.05517
83.05543
83.10561
83.10586
83.15605
83.15626
83.2057
83.20665
83.25559
83.25648
83.30567
83.30619
83.35557
83.35041
83.40584
83.40028
83.4561
83.45008
83.50632
83.50048
83.55593
83.55025
83.60609
83.59994
83.65595
83.65034
83.70636
83.74988
83.75619
83.79955
83.8059
83.84988
83.85571
83.89966
83.90606
83.95014
83.95576
84.00045
84.00606
84.05087
84.05628
84.10131
84.10645
84.15128
84.15681
84.20145
84.20668
84.25107
84.25725
84.301
84.30739
84.35077
84.35727
84.40045
84.40718
84.45086
84.45758
84.50124
84.50804
84.55092
84.55817
84.6007
84.60858
84.6507
84.65904
84.70073
84.70882
84.75064
84.75857
84.80025
84.80889
84.85003
84.85928
84.90024
84.9089
84.95065
84.95861
85.00057
85.00909
85.05087
85.05896
85.10104
85.10916
85.15111
85.15895
85.20091
85.2086
85.25051
85.25889
85.30019
85.30927
85.35052
85.35934
85.40086
85.40957
85.45112
85.45957
85.50156
85.50965
85.55172
85.55959
85.60165
85.6097
85.65166
85.65981
85.70206
85.70966
85.75246
85.76001
85.80256
85.81017
85.85244
85.86012
85.89639
85.91021
85.98345
85.96046
86.01529
86.00621
86.03985
86.04703
86.0897
86.08188
86.12058
86.12639
86.1491
86.15923
86.18178
86.19441
86.20853
86.22386
86.23705
86.27004
86.26575
86.3044
86.28663
86.33725
86.32295
86.35986
86.35029
86.38065
86.37267
86.40042
86.41563
86.41944
86.44131
86.44973
86.47662
86.46622
86.49911
86.48448
86.52586
86.51031
86.54022
86.54482
86.55436
86.55933
86.5705
86.57364
86.58602
86.58768
86.60213
86.60575
86.61407
86.61608
86.62863
86.63128
86.64393
86.64557
86.65937
86.6612
86.66902
86.67517
86.68307
86.68622
86.69784
86.70016
86.71174
86.71197
86.71948
86.7283
86.73553
86.73891
86.74561
86.75345
86.75932
86.76733
86.7737
86.78207
86.78664
86.79408
86.80151
86.80921
86.81667
86.82346
86.82962
86.83797
86.8407
86.84868
86.85457
86.86291
86.86897
86.8749
86.88257
86.88814
86.89706
86.90179
86.91084
86.92554
86.929
86.93879
86.94056
86.95271
86.9542
86.96206
86.9634
86.97225
86.97774
86.98273
86.99174
87.00337
87.00636
87.01292
87.0165
87.02821
87.03049
87.04165
87.04128
87.05612
87.05517
87.06757
87.0625
87.08004
87.075
87.09385
87.08617
87.10558
87.09969
87.1164
87.1111
87.12852
87.12283
87.14008
87.13673
87.15067
87.14845
87.16304
87.16206
87.17718
87.16936
87.18571
87.1831
87.19933
87.1957
87.21117
87.21036
87.22609
87.22322
87.23836
87.23867
87.2522
87.25201
87.26293
87.26648
87.27701
87.27863
87.2908
87.29465
87.29916
87.30576
87.31237
87.32172
87.325
87.33572
87.34003
87.34889
87.35527
87.36345
87.37309
87.37579
87.3859
87.38923
87.4012
87.40049
87.41042
87.41076
87.4338
87.42283
87.44104
87.43656
87.45289
87.44868
87.46214
87.46146
87.47131
87.47333
87.48267
87.48943
87.49433
87.50134
87.50928
87.50874
87.51987
87.52176
87.53118
87.53302
87.54271
87.54228
87.55486
87.55536
87.56226
87.56559
87.57417
87.57836
87.5859
87.58862
87.59333
87.60062
87.6068
87.60986
87.61923
87.62248
87.62666
87.63172
87.63465
87.64185
87.64633
87.64922
87.65657
87.65949
87.6668
87.66682
87.67599
87.676
87.68522
87.68949
87.69633
87.70049
87.70353
87.70969
87.71273
87.71928
87.72311
87.73222
87.73578
87.74201
87.74496
87.75125
87.76766
87.76466
87.77576
87.77367
87.78493
87.78286
87.79229
87.79025
87.80493
87.8012
87.8121
87.80854
87.82128
87.81771
87.8305
87.82509
87.83968
87.83466
87.8499
87.84489
87.85722
87.85516
87.86646
87.87115
87.87971
87.88522
87.89833
87.89919
87.90599
87.91022
87.92193
87.922
87.93259
87.93368
87.94599
87.94289
87.95998
87.95638
87.97023
87.96809
87.98029
87.97528
87.99283
87.98453
88.00024
87.99788
88.01295
88.00701
88.02791
88.01727
88.03956
88.02988
88.05259
88.03909
88.06094
88.0496
88.07493
88.06257
88.08732
88.07714
88.09768
88.09261
88.11619
88.09985
88.12342
88.11155
88.1337
88.12182
88.14536
88.1347
88.15576
88.14639
88.17941
88.16319
88.19261
88.18071
88.21283
88.20687
88.22388
88.21991
88.23892
88.23531
88.25663
88.24778
88.27872
88.26028
88.2883
88.27277
88.30772
88.28133
88.31517
88.29061
88.33011
88.30334
88.34274
88.31737
88.35303
88.33147
88.36604
88.34668
88.37975
88.36436
88.39539
88.37543
88.40795
88.39462
88.42725
88.40871
88.43799
88.43597
88.44829
88.45374
88.45859
88.46539
88.46791
88.47575
88.48296
88.49165
88.49679
88.50334
88.51069
88.51684
88.52465
88.52721
88.53871
88.5377
88.55212
88.55887
88.56557
88.57336
88.57597
88.58994
88.59347
88.6086
88.60745
88.62318
88.62095
88.63747
88.64298
88.64812
88.65629
88.66074
88.67036
88.6759
88.68375
88.68972
88.71823
88.70423
88.72825
88.71666
88.73573
88.7268
88.74777
88.73789
88.76254
88.75554
88.77538
88.76959
88.7951
88.78904
88.80788
88.80603
88.8242
88.82904
88.84341
88.8444
88.86415
88.87263
88.87788
88.88618
88.89684
88.90826
88.91404
88.92519
88.94218
88.94622
88.95283
88.9588
88.96947
88.98247
88.98778
88.9941
89.00334
89.0072
89.01474
89.01894
89.03175
89.02793
89.04697
89.0416
89.05431
89.05527
89.06464
89.06898
89.07583
89.0762
89.08763
89.08727
89.09937
89.09763
89.10964
89.10786
89.12138
89.11707
89.13062
89.12634
89.13981
89.13978
89.15157
89.15413
89.15878
89.1652
89.16799
89.17237
89.1772
89.18408
89.18921
89.19746
89.2006
89.20662
89.20966
89.21579
89.22024
89.22498
89.23131
89.23215
89.23854
89.2394
89.25026
89.25378
89.25959
89.26808
89.28457
89.28127
89.2971
89.29506
89.31023
89.30939
89.3205
89.32473
89.32783
89.33398
89.34054
89.3443
89.35317
89.35386
89.36246
89.36481
89.37137
89.37508
89.3786
89.38215
89.38582
89.39542
89.39313
89.40279
89.4048
89.41019
89.41223
89.42046
89.42873
89.43228
89.43597
89.44152
89.44524
89.44891
89.4545
89.45817
89.46623
89.46841
89.47347
89.47578
89.48615
89.48301
89.49342
89.4945
89.50508
89.50481
89.51236
89.51533
89.52267
89.52802
89.53297
89.53982
89.54324
89.54723
89.55247
89.56078
89.55974
89.57172
89.56897
89.58506
89.5854
89.59428
89.59264
89.60766
89.60292
89.61943
89.61253
89.63202
89.62426
89.64535
89.63359
89.65855
89.64754
89.66917
89.66023
89.68085
89.67355
89.69353
89.68079
89.70532
89.69426
89.72075
89.70455
89.72941
89.71636
89.74338
89.73022
89.7533
89.74288
89.76362
89.75679
89.77762
89.77232
89.78632
89.79356
89.7997
89.80629
89.81038
89.81641
89.81989
89.82809
89.83329
89.8372
89.84512
89.85263
89.85971
89.86198
89.87112
89.87791
89.88463
89.88525
89.89721
89.89796
89.90755
89.90528
89.92196
89.91559
89.93215
89.92736
89.94141
89.94128
89.95169
89.94862
89.95912
89.95612
89.96835
89.97106
89.97758
89.97829
89.98682
89.9855
89.99609
89.99478
