0.02217219
0.007638529
0.02859947
0.02160913
0.03957801
0.03183582
0.04617842
0.0437711
0.05856133
0.0523168
0.07143177
0.06424975
0.08262321
0.07530592
0.1049666
0.08315134
0.1143436
0.09621564
0.1263433
0.1083154
0.1404322
0.1217465
0.1609734
0.1329043
0.1709631
0.1448063
0.1818873
0.1564328
0.1885396
0.168168
0.2019538
0.1814866
0.2132745
0.1901344
0.2232078
0.2021507
0.2360029
0.2143608
0.2469672
0.2277481
0.2556191
0.2391705
0.2681624
0.2498079
0.2747544
0.2673574
0.2841749
0.27658
0.2981269
0.2909632
0.3103267
0.3043544
0.3242408
0.3157791
0.3365071
0.322477
0.3451065
0.3356371
0.3584752
0.3476367
0.3669979
0.3604324
0.375906
0.3708031
0.3844329
0.3812439
0.3929724
0.3878356
0.4015055
0.394263
0.4100699
0.4032646
0.4186571
0.4164247
0.43064
0.4250433
0.4408275
0.4364369
0.4532918
0.4449637
0.4666308
0.4535698
0.4751594
0.465976
0.4817533
0.474963
0.4927054
0.4856338
0.5012239
0.4967042
0.5126237
0.5080871
0.526723
0.5223744
0.5352625
0.5309449
0.5418583
0.5430776
0.5518606
0.5496821
0.5652222
0.5608421
0.5749449
0.5720358
0.5855696
0.5847661
0.5946299
0.5915751
0.6056255
0.6046414
0.6147942
0.6168118
0.6265309
0.629436
0.6331479
0.6435256
0.6459618
0.6537316
0.6525537
0.6675067
0.6611909
0.6769063
0.6719678
0.6865457
0.6851674
0.6983266
0.6971589
0.7081059
0.7092252
0.7199714
0.7157458
0.7266301
0.7246705
0.7398734
0.7336103
0.7557608
0.7422265
0.7692731
0.753493
0.7836807
0.762101
0.7956284
0.7740049
0.8062782
0.7830338
0.8170029
0.7931004
0.8292965
0.8065979
0.8379295
0.8184831
0.8503457
0.8311305
0.8603708
0.8401657
0.8708061
0.8523843
0.8856365
0.8624319
0.9000968
0.8710152
0.9103029
0.8832977
0.9189295
0.8899942
0.9278775
0.9040208
0.936502
0.9162202
0.9489601
0.927164
0.9629452
0.9365636
0.977068
0.9494196
0.9880008
0.9581484
0.9966339
0.9724211
1.008292
0.9836041
1.022829
0.9937624
1.032254
1.006452
1.045089
1.017553
1.057895
1.030416
1.071895
1.044067
1.082824
1.056953
1.096025
1.070464
1.107698
1.081381
1.119498
1.095981
1.131616
1.10888
1.145673
1.120272
1.155782
1.128894
1.168488
1.140361
1.177138
1.153515
1.189754
1.168294
1.201867
1.176827
1.213989
1.185474
1.220764
1.198282
1.232564
1.206869
1.241964
1.213459
1.253599
1.222049
1.263155
1.230654
1.275054
1.240865
1.281629
1.249417
1.288029
1.258864
1.296879
1.265424
1.309916
1.271824
1.323828
1.280351
1.330461
1.286918
1.339001
1.293357
1.345588
1.30189
1.355428
1.310411
1.364158
1.334108
1.370748
1.346885
1.38096
1.353287
1.387531
1.361824
1.394139
1.368407
1.404673
1.376992
1.413618
1.383553
1.422159
1.390194
1.428759
1.40149
1.43739
1.411215
1.443959
1.421931
1.452556
1.437052
1.459129
1.445574
1.465742
1.454122
1.474606
1.460688
1.484227
1.467255
1.496281
1.473642
1.504867
1.4802
1.511464
1.486592
1.519186
1.493021
1.527755
1.499421
1.534352
1.505821
1.540951
1.51442
1.550877
1.521021
1.557458
1.529554
1.566345
1.539954
1.573091
1.548474
1.583314
1.557053
1.59188
1.56362
1.602155
1.572376
1.608734
1.584952
1.617286
1.591552
1.627481
1.598138
1.634265
1.606685
1.642886
1.615256
1.653464
1.621853
1.662089
1.628243
1.668662
1.634617
1.675085
1.641037
1.684937
1.64957
1.695799
1.659642
1.705555
1.668202
1.717413
1.676752
1.726861
1.683325
1.73875
1.691923
1.747353
1.703935
1.753933
1.712441
1.762526
1.718997
1.769086
1.725418
1.775482
1.733923
1.781887
1.740484
1.790859
1.747065
1.797471
1.756018
1.80605
1.764575
1.812617
1.77615
1.821377
1.782746
1.83001
1.802012
1.838599
1.810524
1.847505
1.817082
1.854254
1.825671
1.862809
1.832239
1.86939
1.840838
1.878382
1.849385
1.88699
1.855985
1.893584
1.875147
1.904071
1.881585
1.912639
1.890214
1.919219
1.898747
1.92819
1.90548
1.936918
1.912057
1.943482
1.927376
1.950081
1.939573
1.961907
1.946142
1.970474
1.954765
1.980392
1.964212
1.987146
1.97077
1.995773
1.994468
2.002512
2.002982
2.008927
2.011532
2.02055
2.020079
2.03066
2.037279
2.044857
2.043864
2.054186
2.052404
2.060932
2.062612
2.069467
2.069187
2.078038
2.077718
2.084613
2.086274
2.093279
2.098478
2.103214
2.107059
2.114545
2.116375
2.123459
2.126169
2.130061
2.13471
2.136615
2.141268
2.143045
2.14766
2.152056
2.154097
2.158615
2.162656
2.167215
2.171209
2.17594
2.177797
2.184856
2.188199
2.191442
2.196784
2.20311
2.206075
2.211653
2.214998
2.218213
2.224962
2.224613
2.231674
2.233582
2.238075
2.243842
2.246591
2.252413
2.255201
2.261107
2.263803
2.269677
2.272695
2.278843
2.281328
2.285606
2.289963
2.295099
2.301875
2.303679
2.308437
2.312305
2.314827
2.320915
2.327993
2.331336
2.33438
2.338077
2.340772
2.347496
2.347172
2.356117
2.355795
2.36581
2.377606
2.374449
2.384197
2.383447
2.393273
2.39001
2.401806
2.398655
2.411316
2.405209
2.419841
2.413809
2.426428
2.42244
2.432992
2.432344
2.439564
2.443798
2.448634
2.452635
2.455204
2.462302
2.461632
2.47261
2.470563
2.47937
2.480825
2.489197
2.489444
2.497876
2.495999
2.504609
2.502404
2.513188
2.51207
2.521796
2.520655
2.530408
2.529269
2.536976
2.53584
2.54337
2.542238
2.549928
2.550773
2.55633
2.563754
2.565072
2.570163
2.573634
2.579054
2.580207
2.587689
2.590324
2.596235
2.598982
2.605799
2.607663
2.614367
2.618242
2.620972
2.626835
2.629532
2.633444
2.636107
2.642039
2.645715
2.652727
2.654269
2.663855
2.661028
2.674517
2.670966
2.68639
2.679553
2.695071
2.686122
2.70584
2.694735
2.717383
2.703334
2.727993
2.710068
2.734589
2.718626
2.740978
2.727267
2.74738
2.736533
2.756172
2.743115
2.765836
2.751633
2.772394
2.7584
2.778796
2.766966
2.785196
2.775486
2.793766
2.782038
2.800384
2.788628
2.811921
2.794999
2.820514
2.812265
2.827264
2.820953
2.837488
2.831708
2.846159
2.846962
2.856517
2.858037
2.863124
2.869382
2.871669
2.875949
2.880304
2.884443
2.889002
2.89313
2.897595
2.904902
2.904495
2.911465
2.910895
2.920029
2.919443
2.926644
2.926001
2.938772
2.932441
2.954386
2.941105
2.967349
2.948038
2.978396
2.960256
2.984984
2.966854
3.001329
2.973431
3.007729
2.98222
3.014325
2.988783
3.033172
2.995399
3.039568
3.005166
3.054688
3.011895
3.061242
3.018637
3.067641
3.027169
3.076369
3.033761
3.082925
3.040326
3.08951
3.048819
3.095911
3.05745
3.104527
3.066087
3.11306
3.072799
3.119618
3.079389
3.126056
3.08797
3.135839
3.094526
3.144427
3.10113
3.154711
3.109665
3.163248
3.118382
3.169792
3.131332
3.176192
3.139902
3.184725
3.146456
3.191325
3.152858
3.1999
3.161433
3.208427
3.168198
3.214974
3.176923
3.221393
3.187974
3.227951
3.19473
3.234326
3.206649
3.247259
3.21324
3.253859
3.225729
3.262392
3.237021
3.268948
3.247393
3.2755
3.254129
3.281887
3.262729
3.301089
3.271328
3.309658
3.277901
3.319086
3.284286
3.325691
3.290697
3.33444
3.301507
3.342924
3.311646
3.351428
3.318377
3.359966
3.32511
3.372904
3.331898
3.379302
3.340433
3.387853
3.346993
3.394414
3.353554
3.402947
3.359928
3.411454
3.366361
3.418024
3.372763
3.429013
3.381382
3.43989
3.390594
3.446477
3.399155
3.458587
3.407706
3.465167
3.418163
3.475187
3.426719
3.483711
3.438112
3.49032
3.447193
3.498786
3.455792
3.50768
3.462393
3.518422
3.470903
3.527038
3.479555
3.535504
3.488086
3.542054
3.499444
3.548454
3.507992
3.5581
3.514567
3.570568
3.52316
3.58271
3.533416
3.594822
3.541951
3.606386
3.55328
3.614982
3.559888
3.62609
3.573302
3.634719
3.579882
3.64607
3.589562
3.65262
3.596154
3.659051
3.602558
3.667585
3.61351
3.677955
3.624216
3.691405
3.632874
3.701051
3.641856
3.70954
3.65404
3.718019
3.662654
3.726583
3.669257
3.73845
3.680706
3.74705
3.687456
3.755541
3.693875
3.762097
3.702779
3.768488
3.715547
3.774887
3.722118
3.783351
3.730751
3.791915
3.742159
3.803002
3.750705
3.815204
3.759638
3.823714
3.768421
3.832291
3.776987
3.840835
3.785491
3.850716
3.795435
3.862299
3.80396
3.870778
3.812443
3.877172
3.821453
3.885677
3.832986
3.894248
3.84518
3.906868
3.856107
3.915429
3.864952
3.927762
3.873717
3.940093
3.887473
3.950034
3.89808
3.960299
3.906718
3.96878
3.91783
3.978946
3.928205
3.990379
3.936817
4.000771
3.948231
4.010295
3.96005
4.018805
3.968606
4.025416
3.975583
4.033961
3.990026
4.042492
3.996645
4.052411
4.008578
4.059398
4.017145
4.072465
4.0258
4.081092
4.032562
4.092287
4.039317
4.100795
4.048316
4.107351
4.056802
4.113745
4.065316
4.120309
4.075623
4.126768
4.084151
4.137709
4.096782
4.149242
4.107888
4.157752
4.116511
4.164311
4.126311
4.172758
4.137335
4.181231
4.149675
4.19173
4.162437
4.203303
4.172826
4.212874
4.18177
4.225601
4.190247
4.23789
4.19878
4.250404
4.208278
4.260962
4.221956
4.272775
4.230866
4.286085
4.239539
4.298097
4.252731
4.309462
4.263839
4.320136
4.277905
4.33195
4.290332
4.345225
4.304379
4.358739
4.31729
4.37282
4.327864
4.384226
4.337541
4.392859
4.34941
4.40863
4.359503
4.422827
4.368705
4.438206
4.37735
4.451622
4.390873
4.464391
4.403498
4.47508
4.416195
4.486228
4.428443
4.496126
4.439757
4.510228
4.454601
4.523358
4.468003
4.535733
4.481281
4.546625
4.494946
4.560937
4.50855
4.573103
4.521333
4.586957
4.531837
4.598596
4.547326
4.613563
4.560373
4.628139
4.573894
4.636206
4.586694
4.647683
4.597791
4.65852
4.610868
4.672534
4.621495
4.683738
4.630134
4.695594
4.643795
4.707392
4.658694
4.720458
4.670481
4.733033
4.685962
4.743166
4.699968
4.756499
4.713505
4.769542
4.727426
4.783558
4.741838
4.793204
4.756723
4.807927
4.771683
4.819122
4.785816
4.833553
4.798828
4.846417
4.814465
4.860626
4.828796
4.878965
4.841561
4.892583
4.857127
4.908216
4.869424
4.917399
4.88513
4.931813
4.893276
4.943951
4.907924
4.963551
4.920599
4.976137
4.935052
4.990356
4.949358
5.012584
4.967266
5.026828
4.982822
5.039451
4.997211
5.051744
5.011682
5.066887
5.026625
5.096762
5.039293
5.110245
5.054651
5.128149
5.073426
5.14048
5.09113
5.174458
5.100605
5.188484
5.127983
5.204528
5.143291
5.21839
5.159528
5.23359
5.175755
5.248358
5.193671
5.267012
5.212425
5.283178
5.224077
5.294916
5.241516
5.312817
5.26027
5.33075
5.278088
5.347654
5.294023
5.361444
5.315358
5.378591
5.334082
5.394349
5.346926
5.40835
5.358421
5.435772
5.384068
5.45726
5.402866
5.481149
5.417182
5.499244
5.434093
5.527999
5.44874
5.548484
5.47009
5.564213
5.485537
5.586396
5.51222
5.605868
5.537203
5.635618
5.568825
5.656997
5.590916
5.688483
5.61749
5.710316
5.648075
5.732447
5.663199
5.759175
5.688956
5.7866
5.715661
5.818403
5.743946
5.854307
5.776814
5.880783
5.811125
5.912508
5.83661
5.944279
5.887132
5.976145
5.914686
6.007611
5.937219
6.0326
5.986721
6.065479
6.040533
6.103328
6.067128
6.138342
6.101548
6.166725
6.133478
6.209925
6.169411
6.245193
6.197929
6.282341
6.229705
6.332325
6.271594
6.364909
6.316278
6.406981
6.366042
6.446405
6.415792
6.488471
6.466208
6.52767
6.512255
6.578069
6.562452
6.618313
6.607512
6.668642
6.656939
6.718534
6.707188
6.768
6.757447
6.817826
6.807871
6.867371
6.857936
6.91573
6.908319
6.965794
6.958601
7.015975
7.008461
7.065903
7.058228
7.116104
7.108418
7.165722
7.158711
7.21599
7.208768
7.266236
7.258991
7.316591
7.308909
7.366971
7.359037
7.416649
7.409151
7.466913
7.509238
7.517365
7.559635
7.567561
7.610123
7.617365
7.659922
7.667173
7.709579
7.717309
7.808893
7.767412
7.859109
7.817582
7.909366
7.867914
7.95969
7.917575
8.00937
7.967293
8.05934
8.017773
8.109622
8.067494
8.15944
8.117223
8.209446
8.167359
8.259733
8.217044
8.309834
8.267079
8.359645
8.316954
8.409811
8.367092
8.459966
8.416818
8.509631
8.467167
8.559934
8.517654
8.609637
8.567333
8.660006
8.617037
8.709766
8.667301
8.76019
8.717594
8.809801
8.76773
8.860019
8.817365
8.909862
8.867099
8.959761
8.916827
9.009501
9.017493
9.059894
9.067554
9.109678
9.117331
9.159798
9.21762
9.210156
9.267913
9.26021
9.317749
9.310296
9.367933
9.360491
9.417555
9.410723
9.468006
9.460872
9.518453
9.510592
9.568137
9.560417
9.617947
9.61035
9.66833
9.660717
9.769266
9.710319
9.819139
9.760944
9.869201
9.810247
9.919147
9.860455
9.969404
9.910132
10.01941
9.960129
10.06928
10.01032
10.16961
10.06008
10.21993
10.10971
10.2702
10.15988
10.32063
10.2099
10.42073
10.26031
10.47094
10.30993
10.5214
10.35995
10.57133
10.41018
10.62178
10.46034
10.67206
10.51001
10.72184
10.56026
10.77197
10.60987
10.82203
10.66031
10.87217
10.70998
10.92185
10.75972
10.97151
10.80933
11.02175
10.8594
11.07159
10.90951
11.12184
10.95992
11.17183
11.01018
11.22219
11.05999
11.27186
11.1099
11.32168
11.16012
11.37156
11.21025
11.42192
11.31016
11.47162
11.36032
11.52157
11.41063
11.57187
11.51063
11.62195
11.56103
11.67176
11.61069
11.72143
11.66045
11.77176
11.71009
11.82138
11.76045
11.87178
11.86057
11.92191
11.91024
11.97207
11.96035
12.02191
12.01067
12.06338
12.04883
12.11343
12.14951
12.16382
12.19981
12.2135
12.24994
12.26324
12.29998
12.31348
12.3499
12.36322
12.39962
12.41329
12.44931
12.46308
12.49918
12.51283
12.54916
12.56275
12.59934
12.61314
12.64957
12.6629
12.69928
12.71264
12.74917
12.76296
12.79914
12.81287
12.84939
12.86296
12.89904
12.91267
12.94982
12.96287
12.99977
13.01305
13.05023
13.06296
13.10023
13.11278
13.14988
13.16241
13.20036
13.21236
13.25076
13.26206
13.30119
13.312
13.35087
13.36181
13.40073
13.41147
13.45039
13.4612
13.50035
13.51121
13.55071
13.56108
13.60046
13.61135
13.65081
13.66153
13.70065
13.71172
13.75072
13.76197
13.80108
13.81184
13.85152
13.86153
13.90189
13.91184
13.95212
13.96172
14.00208
14.01173
14.05178
14.06206
14.102
14.11246
14.1524
14.16227
14.20287
14.21251
14.253
14.26272
14.30286
14.31294
14.40347
14.36287
14.45354
14.41304
14.50391
14.46267
14.55426
14.5125
14.60441
14.56219
14.65433
14.61225
14.70459
14.6622
14.75463
14.71207
14.80489
14.76247
14.85518
14.81249
14.90563
14.86239
14.95565
14.91263
15.00539
14.96252
15.05503
15.01259
15.10539
15.0626
15.15551
15.113
15.20588
15.21252
15.25587
15.26216
15.30629
15.31206
15.35595
15.36144
15.40571
15.41122
15.45604
15.46092
15.50617
15.51074
15.55655
15.56036
15.60691
15.61002
15.65731
15.66045
15.7071
15.71068
15.75677
15.76072
15.80721
15.81078
15.85698
15.86081
15.90742
15.91098
15.95723
15.96065
16.00692
16.01076
16.05705
16.11157
16.1075
16.16204
16.15937
16.21224
16.20791
16.26229
16.25836
16.3139
16.30831
16.36316
16.35775
16.41266
16.40782
16.46247
16.45817
16.51216
16.50841
16.56256
16.55881
16.61222
16.60923
16.66211
16.65969
16.7125
16.7101
16.76274
16.75988
16.8131
16.80964
16.86323
16.85957
16.91287
16.9099
16.963
16.95987
17.0134
17.01007
17.06367
17.06032
17.114
17.1103
17.16419
17.16036
17.2138
17.21061
17.26388
17.26109
17.31408
17.31153
17.36425
17.36136
17.41419
17.41099
17.46467
17.46099
17.51439
17.51128
17.56466
17.56158
17.61492
17.61127
17.66533
17.66152
17.71554
17.71162
17.76601
17.76149
17.8162
17.81158
17.8664
17.86125
17.91602
17.91125
17.96573
17.96153
18.0154
18.01192
18.06501
18.0622
18.11504
18.11185
18.16538
18.16188
18.21551
18.21165
18.26538
18.26161
18.31578
18.36211
18.36627
18.41213
18.41633
18.4621
18.46599
18.51245
18.51627
18.56273
18.56596
18.61304
18.61567
18.66331
18.66551
18.71325
18.71585
18.76298
18.76616
18.86299
18.81667
18.91311
18.86651
18.96347
18.91673
19.01331
18.96657
19.06354
19.01662
19.11393
19.06631
19.16399
19.11675
19.21433
19.1664
19.26471
19.21658
19.31512
19.26692
19.36512
19.31717
19.4151
19.36759
19.46526
19.41785
19.51519
19.46829
19.56558
19.51799
19.61711
19.56835
19.66612
19.61844
19.71582
19.66825
19.76581
19.7185
19.8153
19.76864
19.86506
19.81889
19.91477
19.86909
19.96477
19.91881
20.01488
19.96917
20.06462
20.01958
20.11474
20.06954
20.16501
20.16922
20.21535
20.21908
20.26564
20.26883
20.3159
20.31876
20.36601
20.36901
20.41643
20.41887
20.46649
20.46898
20.5164
20.51855
20.56651
20.56875
20.61635
20.61863
20.66646
20.66895
20.71687
20.71914
20.76663
20.76895
20.81683
20.81909
20.86707
20.86915
20.91673
20.91893
20.96661
20.96915
21.01628
21.01921
21.0659
21.0691
21.11557
21.1193
21.1659
21.16927
21.2663
21.21894
21.31675
21.26876
21.36653
21.31873
21.41675
21.36913
21.4669
21.41934
21.51701
21.46909
21.56674
21.51871
21.61699
21.56902
21.66729
21.61878
21.71768
21.66921
21.76799
21.71945
21.81783
21.76978
21.86779
21.82019
21.91821
21.87018
21.96799
21.91984
22.01828
21.97026
22.06867
22.01988
22.11902
22.06984
22.16879
22.12005
22.21852
22.17018
22.26821
22.22023
22.31841
22.27065
22.36879
22.32106
22.41906
22.37087
22.46945
22.42074
22.51941
22.47078
22.5692
22.57066
22.61934
22.62027
22.66952
22.67032
22.71913
22.70497
22.7689
22.75511
22.81933
22.7993
22.86954
22.84924
22.91951
22.89897
22.96919
22.94932
23.0196
22.999
23.06971
23.04864
23.11994
23.09873
23.1702
23.14872
23.21991
23.19864
23.27017
23.25006
23.32059
23.29924
23.37106
23.34972
23.42111
23.40038
23.47099
23.45033
23.52129
23.50013
23.57091
23.5499
23.62106
23.6001
23.67091
23.65012
23.72115
23.70045
23.77155
23.75091
23.8217
23.80056
23.86582
23.85091
23.91558
23.90071
23.96598
23.95077
24.01641
24.00051
24.06675
24.05094
24.1167
24.1011
24.16702
24.15108
24.21677
24.20095
24.26721
24.25096
24.31721
24.30138
24.36749
24.35135
24.41735
24.40108
24.46751
24.4513
24.5173
24.50163
24.56717
24.5521
24.61741
24.60228
24.66755
24.652
24.71774
24.75224
24.76802
24.8024
24.81828
24.85259
24.86797
24.90275
24.91822
24.95306
24.96867
25.00333
25.01862
25.05319
25.06895
25.10313
25.11929
25.15336
25.16914
25.20358
25.21897
25.25394
25.26917
25.30363
25.31962
25.35333
25.37001
25.40314
25.41968
25.45358
25.4698
25.50401
25.51987
25.55403
25.57007
25.60433
25.62016
25.65456
25.66994
25.70472
25.71959
25.75453
25.76981
25.80492
25.82026
25.85509
25.86992
25.90502
25.91995
25.95486
25.97025
26.00458
26.02032
26.05442
26.07006
26.10445
26.12018
26.15432
26.17055
26.20471
26.22042
26.25517
26.27008
26.30555
26.32042
26.35574
26.37085
26.40588
26.42101
26.45637
26.47085
26.50631
26.52047
26.55679
26.57081
26.60703
26.6205
26.65705
26.67021
26.70721
26.71999
26.7572
26.7701
26.8074
26.82046
26.85754
26.87018
26.90731
26.92011
26.9576
26.97039
27.00799
27.0207
27.05803
27.07106
27.10813
27.17153
27.15783
27.22177
27.20786
27.272
27.2576
27.32186
27.30739
27.37199
27.35765
27.42219
27.40799
27.47222
27.45825
27.52244
27.50871
27.57263
27.55899
27.62253
27.60885
27.67255
27.65928
27.72239
27.70962
27.77276
27.75924
27.82249
27.80921
27.87235
27.8595
27.92255
27.90998
27.97271
27.95995
28.02286
28.00957
28.07302
28.05928
28.12264
28.1093
28.17255
28.15935
28.22275
28.20948
28.27248
28.25997
28.32289
28.30968
28.37331
28.35981
28.42375
28.40944
28.47344
28.45934
28.50728
28.50916
28.55721
28.55908
28.60738
28.6039
28.65724
28.65391
28.70705
28.70414
28.75733
28.75437
28.80718
28.80429
28.85703
28.85442
28.90667
28.90464
28.95708
28.95456
29.0073
29.00454
29.05774
29.05455
29.10807
29.10428
29.15773
29.15419
29.20813
29.20457
29.25853
29.25455
29.30815
29.3047
29.35843
29.35502
29.40801
29.40519
29.45842
29.45528
29.50889
29.50523
29.55903
29.55561
29.60899
29.60578
29.65922
29.65572
29.70932
29.69921
29.74466
29.74962
29.79443
29.79933
29.84472
29.84951
29.89445
29.89966
29.94489
29.94947
29.98692
29.99932
30.03942
30.04587
30.08746
30.09594
30.13732
30.14606
30.18673
30.19632
30.23702
30.24771
30.28706
30.29645
30.33675
30.34681
30.38705
30.44688
30.43751
30.49734
30.48775
30.54779
30.53804
30.59817
30.58768
30.64847
30.63775
30.69867
30.68788
30.74838
30.73807
30.79878
30.78801
30.8488
30.83814
30.89846
30.88814
30.94859
30.93833
30.99894
30.98867
31.04896
31.03824
31.09904
31.08821
31.14892
31.13793
31.19931
31.18767
31.2496
31.23745
31.2993
31.2878
31.34964
31.33751
31.39986
31.3877
31.44966
31.43733
31.50006
31.48713
31.54973
31.53697
31.60019
31.58713
31.65023
31.63708
31.70057
31.68672
31.75089
31.73642
31.80049
31.78684
31.8483
31.8261
31.89848
31.87643
31.94655
31.90555
31.99639
32.00544
32.0465
32.05525
32.09631
32.1049
32.14656
32.15464
32.19675
32.20496
32.24682
32.25502
32.29657
32.30517
32.34678
32.35528
32.39682
32.40497
32.44716
32.45523
32.49681
32.50495
32.54654
32.55528
32.59668
32.60565
32.64704
32.6559
32.6973
32.70597
32.74707
32.75595
32.79729
32.80568
32.84711
32.8555
32.89687
32.90519
32.94663
32.95524
32.9963
33.00567
33.04649
33.05553
33.0968
33.10544
33.14709
33.15529
33.1973
33.20504
33.24739
33.25514
33.2971
33.30489
33.34753
33.35474
33.39747
33.40453
33.44785
33.45461
33.49747
33.50494
33.54763
33.55458
33.59762
33.6041
33.64808
33.65417
33.69829
33.70413
33.74842
33.75413
33.79866
33.8042
33.84848
33.85455
33.89847
33.90486
33.94872
33.95479
33.99833
34.0044
34.04825
34.05452
34.09793
34.10468
34.14814
34.15502
34.1982
34.2054
34.24809
34.25525
34.29835
34.30541
34.34847
34.35579
34.39818
34.40542
34.44794
34.45568
34.49828
34.50539
34.54826
34.55559
34.59843
34.60594
34.64887
34.6559
34.69934
34.70621
34.749
34.75608
34.79932
34.80634
34.8498
34.85659
34.89985
34.90631
34.95013
34.95668
35.0002
35.00686
35.05016
35.05714
35.10017
35.1068
35.15005
35.15719
35.20037
35.20706
35.25052
35.2568
35.30037
35.30703
35.35003
35.35666
35.40006
35.40692
35.45023
35.45727
35.50056
35.50766
35.55064
35.55753
35.60046
35.6077
35.65048
35.65815
35.70018
35.70799
35.75012
35.75764
35.79978
35.80806
35.84995
35.85839
35.89975
35.90884
35.94958
35.9587
35.99944
36.00898
36.04969
36.05919
36.10005
36.10918
36.15031
36.15936
36.20049
36.20972
36.25032
36.26001
36.29991
36.31025
36.35022
36.36063
36.40015
36.41098
36.45036
36.46065
36.50074
36.51112
36.55089
36.56144
36.60104
36.61187
36.65071
36.66162
36.70049
36.71188
36.75024
36.76242
36.80061
36.86223
36.85027
36.91261
36.90056
36.96304
36.95119
37.01328
37.00134
37.06322
37.0517
37.1133
37.10147
37.16309
37.1516
37.21337
37.20126
37.26348
37.25168
37.31389
37.30213
37.36399
37.35188
37.41436
37.40182
37.46457
37.45221
37.51441
37.50194
37.56483
37.55202
37.6148
37.60167
37.66489
37.65213
37.71522
37.70175
37.76543
37.75145
37.81512
37.8014
37.86548
37.85132
37.91592
37.90099
37.96629
37.95086
38.01608
38.00101
38.06635
38.05079
38.11647
38.10078
38.16648
38.15047
38.21628
38.20033
38.26675
38.29959
38.31721
38.34991
38.36728
38.40037
38.41769
38.45064
38.46751
38.50064
38.51747
38.55048
38.56793
38.60061
38.61754
38.65093
38.66746
38.70076
38.71712
38.75118
38.76721
38.80134
38.81721
38.85178
38.86728
38.90173
38.91733
38.9514
38.96711
39.00146
39.01716
39.05123
39.06708
39.10156
39.11744
39.14356
39.16299
39.19159
39.20657
39.24186
39.25639
39.29226
39.30637
39.34262
39.3561
39.39285
39.40599
39.43867
39.45638
39.47262
39.50602
39.52237
39.55364
39.55862
39.59953
39.59711
39.63289
39.62675
39.67969
39.66588
39.70691
39.72737
39.75216
39.75728
39.78724
39.80708
39.83691
39.85693
39.88382
39.90697
39.93398
39.95743
39.98416
40.00721
40.03413
40.05692
40.08459
40.10663
40.13464
40.15712
40.18499
40.20728
40.23541
40.25738
40.28548
40.30742
40.33542
40.35738
40.38511
40.40776
40.43509
40.45794
40.48481
40.50756
40.53531
40.5583
40.58558
40.6583
40.63525
40.70801
40.68512
40.75789
40.73503
40.80775
40.78482
40.8577
40.83464
40.90762
40.88436
40.95728
40.93416
41.00722
40.9845
41.05684
41.03498
41.10726
41.0849
41.15684
41.13476
41.20266
41.23441
41.25233
41.28408
41.30272
41.33435
41.35234
41.38442
41.40232
41.43454
41.45248
41.4842
41.5028
41.5346
41.55286
41.58422
41.60326
41.63469
41.65301
41.68489
41.70349
41.73529
41.75383
41.7854
41.80402
41.83545
41.85396
41.88586
41.90402
41.93631
41.95449
41.98605
42.00436
42.03589
42.05405
42.08572
42.10422
42.13599
42.15408
42.18585
42.2037
42.23612
42.25391
42.28598
42.30353
42.33622
42.35339
42.38587
42.40373
42.43613
42.45422
42.48578
42.50414
42.53601
42.5545
42.58585
42.6048
42.63599
42.6552
42.68571
42.70484
42.73555
42.75453
42.78599
42.80453
42.83633
42.85481
42.88671
42.90507
42.93647
42.95485
42.98685
43.00471
43.03676
43.055
43.08678
43.10519
43.13639
43.20569
43.18686
43.25573
43.23705
43.30576
43.28714
43.35509
43.33697
43.40516
43.38692
43.45538
43.43721
43.50517
43.48686
43.55538
43.539
43.60559
43.58718
43.6553
43.63703
43.70512
43.68697
43.75488
43.7369
43.80452
43.787
43.85429
43.83665
43.90459
43.88651
43.95452
43.9362
44.00452
43.9865
44.05429
44.0365
44.1043
44.08669
44.15412
44.13676
44.20375
44.18696
44.25357
44.23664
44.30387
44.28646
44.35352
44.3363
44.40378
44.38642
44.45354
44.43671
44.5039
44.48697
44.55391
44.53699
44.604
44.58682
44.65385
44.63664
44.70416
44.6867
44.75407
44.73637
44.80374
44.78643
44.85411
44.83611
44.90427
44.88621
44.95449
44.93634
45.00429
44.98596
45.05441
45.03591
45.10414
45.0859
45.15464
45.13609
45.20463
45.18629
45.25484
45.23667
45.30453
45.28633
45.35312
45.33657
45.40355
45.38642
45.45325
45.43639
45.50307
45.48644
45.5531
45.53643
45.60287
45.5864
45.65314
45.63648
45.70303
45.68642
45.75321
45.73689
45.80313
45.78727
45.85332
45.8376
45.90319
45.88726
45.95361
45.93713
46.00322
45.98715
46.05295
46.03742
46.10264
46.08707
46.15226
46.13734
46.20242
46.1871
46.25215
46.23733
46.30246
46.28706
46.35285
46.33739
46.40274
46.38768
46.45301
46.43808
46.50281
46.48849
46.55257
46.53858
46.60225
46.58828
46.65258
46.63802
46.70231
46.68829
46.75251
46.73871
46.80285
46.78891
46.85251
46.84033
46.90237
46.88902
46.95199
46.93928
47.00167
46.98901
47.0515
47.03883
47.10143
47.13905
47.15514
47.18877
47.20173
47.23898
47.25183
47.28907
47.30231
47.33926
47.35225
47.38946
47.4025
47.43943
47.45277
47.48951
47.50259
47.53954
47.55245
47.58997
47.60266
47.63993
47.6526
47.69024
47.70217
47.74017
47.75212
47.79024
47.80198
47.83997
47.85168
47.88963
47.90213
47.93966
47.95229
47.98985
48.00259
48.03962
48.05222
48.0899
48.10246
48.1397
48.15271
48.18969
48.20309
48.23932
48.25324
48.28969
48.30349
48.33944
48.35381
48.38989
48.40345
48.4399
48.45378
48.48989
48.50404
48.53982
48.55452
48.58969
48.60415
48.63938
48.65454
48.68936
48.70424
48.73936
48.75394
48.78912
48.80376
48.83876
48.85349
48.88905
48.90331
48.93949
48.95344
48.98978
49.00335
49.04018
49.05297
49.09054
49.10264
49.14087
49.15281
49.19122
49.20243
49.2415
49.25288
49.29194
49.30254
49.34234
49.35289
49.39277
49.40323
49.44281
49.45321
49.49263
49.50363
49.54284
49.55373
49.59263
49.60403
49.64275
49.65446
49.69237
49.70422
49.74221
49.75463
49.79187
49.80487
49.84222
49.85489
49.89206
49.90462
49.9421
49.95429
49.99207
50.00401
50.04223
50.05389
50.09213
50.10413
50.14195
50.15385
50.19216
50.20359
50.24215
50.25328
50.29232
50.30508
50.34235
50.354
50.39208
50.40374
50.44235
50.45302
50.49255
50.50331
50.54296
50.55375
50.5926
50.60351
50.64271
50.65318
50.69301
50.7028
50.74294
50.75247
50.79259
50.80225
50.8425
50.85253
50.89225
50.90277
50.94242
50.95244
50.99253
51.00284
51.04287
51.05291
51.09321
51.1027
51.14359
51.15285
51.19408
51.20258
51.24446
51.25234
51.29487
51.30214
51.34517
51.35233
51.39494
51.40216
51.44507
51.45258
51.49553
51.5028
51.54517
51.55296
51.59558
51.60325
51.64552
51.65359
51.69534
51.70404
51.7458
51.75446
51.7956
51.80406
51.8455
51.85369
51.89587
51.90339
51.94603
51.95321
51.99604
52.00339
52.04618
52.05351
52.09653
52.10395
52.14698
52.15365
52.19677
52.20351
52.24712
52.25319
52.29702
52.30303
52.34745
52.35272
52.39713
52.40263
52.44746
52.45291
52.49732
52.50323
52.54768
52.55363
52.59731
52.60396
52.64697
52.6542
52.69679
52.70389
52.74641
52.75425
52.79645
52.80389
52.84624
52.85415
52.89636
52.9043
52.94677
52.95427
52.99725
53.00457
53.04762
53.05504
53.09768
53.10507
53.14945
53.15501
53.19787
53.20471
53.24771
53.25481
53.29778
53.30484
53.34733
53.3553
53.39734
53.40488
53.44717
53.45464
53.49688
53.50657
53.54655
53.55521
53.59629
53.60569
53.64661
53.65547
53.69663
53.70513
53.74627
53.75549
53.79614
53.80589
53.84581
53.8562
53.89585
53.90593
53.94576
53.95569
53.99592
54.00562
54.04559
54.05539
54.09602
54.10533
54.14573
54.20506
54.19548
54.25489
54.24509
54.30515
54.29495
54.35493
54.34486
54.40474
54.39516
54.45489
54.44552
54.50465
54.49594
54.55499
54.54628
54.605
54.59616
54.65541
54.64587
54.70525
54.69613
54.75568
54.74586
54.80612
54.79588
54.85647
54.84566
54.90611
54.89537
54.95603
54.94581
55.00566
54.99562
55.05604
55.04571
55.10639
55.09586
55.15648
55.14593
55.20623
55.19555
55.2559
55.24526
55.30566
55.29523
55.35533
55.34505
55.40532
55.39521
55.45575
55.44559
55.50552
55.49543
55.55579
55.54563
55.60599
55.59561
55.65631
55.64604
55.70604
55.6965
55.75629
55.74694
55.80652
55.79679
55.85679
55.84664
55.9071
55.89657
55.95705
55.94624
56.00706
56.04633
56.05732
56.09598
56.10724
56.14645
56.15721
56.19665
56.20722
56.24636
56.25699
56.29608
56.30668
56.34595
56.35711
56.39788
56.40755
56.44683
56.45731
56.49711
56.50702
56.54735
56.55732
56.59715
56.60748
56.64677
56.65714
56.69661
56.70888
56.74632
56.75771
56.79625
56.80811
56.84615
56.85828
56.8965
56.90789
56.94694
56.95556
56.99036
57.00541
57.03547
57.05296
57.08572
57.10281
57.13602
57.1531
57.18617
57.20355
57.23661
57.25317
57.28685
57.30336
57.33703
57.35349
57.38735
57.40363
57.43703
57.45367
57.48713
57.50395
57.53696
57.55377
57.58707
57.60412
57.63743
57.65423
57.68723
57.70441
57.73755
57.75468
57.78724
57.80455
57.83767
57.8547
57.8874
57.90435
57.93715
57.95483
57.98719
58.00526
58.03682
58.05496
58.08702
58.10518
58.13713
58.1556
58.18693
58.20609
58.23667
58.25575
58.28675
58.30622
58.33703
58.35639
58.38728
58.40614
58.43702
58.45588
58.4874
58.50633
58.53709
58.60686
58.5868
58.657
58.637
58.70701
58.68711
58.75679
58.73701
58.80713
58.78714
58.85678
58.83674
58.90653
58.88719
58.95698
58.93688
59.00673
58.98702
59.05697
59.03718
59.10672
59.08748
59.15653
59.13718
59.20625
59.1868
59.25634
59.23668
59.30671
59.28661
59.35667
59.33698
59.4071
59.38725
59.45684
59.43761
59.50654
59.48745
59.55677
59.53781
59.6072
59.58745
59.65705
59.63768
59.70697
59.68792
59.75666
59.73994
59.80706
59.78871
59.85717
59.83926
59.9068
59.88869
59.95642
59.93834
60.0062
59.98833
60.05657
60.03856
60.10822
60.08864
60.15703
60.13831
60.20689
60.18823
60.25666
60.23863
60.30692
60.28865
60.35672
60.33895
60.40635
60.38911
60.45638
60.43922
60.50603
60.48952
60.55572
60.53936
60.60611
60.58963
60.65623
60.63926
60.70628
60.68972
60.75636
60.73946
60.80664
60.78931
60.85698
60.83951
60.90714
60.88982
60.95688
60.9403
61.00737
60.99078
61.05717
61.09144
61.1076
61.14111
61.15717
61.19085
61.20763
61.24111
61.25797
61.29118
61.30761
61.34155
61.35781
61.39182
61.40797
61.44199
61.45841
61.49187
61.5085
61.54204
61.55853
61.59251
61.6083
61.6423
61.65833
61.69261
61.70832
61.74228
61.7583
61.792
61.80867
61.84162
61.85909
61.89137
61.90876
61.9412
61.95899
61.99083
62.00874
62.04127
62.05906
62.09115
62.10895
62.14093
62.15859
62.19125
62.20852
62.24086
62.25839
62.29128
62.30839
62.34169
62.35882
62.39146
62.40921
62.44116
62.45932
62.49141
62.50953
62.54116
62.55927
62.59155
62.60975
62.64193
62.65939
62.69186
62.70938
62.74155
62.75933
62.79191
62.80973
62.84218
62.86018
62.89234
62.91047
62.94252
62.9608
62.99269
63.01091
63.04239
63.06053
63.09211
63.1102
63.14182
63.16053
63.19226
63.2109
63.24192
63.26071
63.29213
63.31081
63.34175
63.36118
63.39206
63.41121
63.44231
63.46141
63.49264
63.51136
63.54308
63.56078
63.59347
63.61089
63.64351
63.66071
63.69394
63.71058
63.74365
63.76093
63.79345
63.81099
63.84332
63.8611
63.89296
63.91135
63.94286
63.96152
63.99257
64.01179
64.04233
64.06158
64.092
64.11143
64.14238
64.1611
64.19265
64.21097
64.24229
64.26097
64.29209
64.31084
64.3424
64.36124
64.39256
64.41093
64.44272
64.46131
64.49283
64.51099
64.54312
64.56132
64.59355
64.61092
64.64359
64.66085
64.69398
64.71108
64.72561
64.75951
64.81515
64.80964
64.86166
64.85929
64.91159
64.90964
64.96185
64.95966
65.01158
65.00935
65.06143
65.05914
65.11103
65.10876
65.1609
65.1585
65.21056
65.20822
65.26092
65.25803
65.31115
65.30788
65.36128
65.35813
65.41123
65.40836
65.46109
65.45863
65.51074
65.50893
65.56107
65.54221
65.59994
65.58777
65.63191
65.63733
65.68234
65.68752
65.72622
65.73712
65.77619
65.78727
65.82634
65.83707
65.87662
65.8873
65.92677
65.93692
65.97708
65.98723
66.02749
66.03693
66.07754
66.08662
66.1278
66.13699
66.17746
66.18661
66.22739
66.23689
66.27763
66.28725
66.32809
66.33739
66.37801
66.38718
66.42816
66.43727
66.47819
66.48749
66.52822
66.53753
66.62795
66.58755
66.67767
66.63795
66.72796
66.68789
66.77766
66.73801
66.82788
66.78832
66.87791
66.83813
66.92805
66.8885
66.97818
66.93855
67.02841
66.98895
67.07858
67.03851
67.12864
67.08807
67.17847
67.13793
67.22864
67.18828
67.27866
67.23864
67.32847
67.28897
67.37862
67.33874
67.42894
67.38906
67.47908
67.43932
67.52919
67.4891
67.57915
67.53947
67.62934
67.5899
67.67938
67.63956
67.7291
67.68991
67.7788
67.74016
67.82891
67.79031
67.87905
67.84
67.92903
67.89039
67.97894
67.94012
68.02867
67.98993
68.07839
68.04032
68.12856
68.0907
68.17832
68.1405
68.22862
68.19045
68.27824
68.24012
68.32822
68.29039
68.37849
68.34077
68.42889
68.39082
68.47878
68.44061
68.52872
68.49071
68.57889
68.54059
68.62859
68.59089
68.67878
68.64117
68.72866
68.69124
68.77843
68.74113
68.82846
68.7915
68.87884
68.84157
68.92892
68.94171
68.97878
68.99188
69.02898
69.04215
69.0793
69.09242
69.12946
69.14258
69.17971
69.19277
69.22936
69.24304
69.27948
69.29329
69.32936
69.34324
69.37983
69.3932
69.42941
69.44308
69.47934
69.49322
69.52951
69.54359
69.57933
69.59322
69.62209
69.64296
69.67184
69.69277
69.72195
69.74267
69.77234
69.79276
69.82249
69.84283
69.87216
69.89302
69.92207
69.94265
69.97174
69.99305
70.02216
70.04346
70.0723
70.09348
70.12197
70.14336
70.17223
70.1932
70.22204
70.24281
70.27208
70.29314
70.32179
70.34354
70.37206
70.39365
70.42183
70.44342
70.47186
70.49388
70.49379
70.54362
70.54398
70.59388
70.59428
70.64391
70.64468
70.69368
70.69432
70.7439
70.74445
70.79394
70.79461
70.84415
70.84469
70.89381
70.89482
70.94405
70.94508
70.99393
70.99504
71.04425
71.04519
71.09461
71.09492
71.1443
71.14499
71.1945
71.19537
71.24441
71.24541
71.29446
71.29508
71.3429
71.34479
71.39252
71.39433
71.44217
71.4444
71.49213
71.49411
71.542
71.54374
71.592
71.59412
71.64226
71.64454
71.69192
71.69418
71.7421
71.74413
71.79193
71.79424
71.84189
71.84417
71.8917
71.894
71.94152
71.94373
72.04185
71.99345
72.08629
72.04377
72.13612
72.09406
72.18595
72.14406
72.23557
72.19451
72.28529
72.24486
72.33531
72.29453
72.3857
72.34492
72.43538
72.39457
72.48505
72.44453
72.53505
72.4943
72.58472
72.54472
72.63438
72.59509
72.68481
72.64529
72.73482
72.69579
72.78455
72.74603
72.83491
72.79646
72.88528
72.84637
72.93556
72.89609
72.98569
72.94577
73.03531
72.99571
73.08563
73.04545
73.13531
73.09525
73.18494
73.14502
73.23517
73.19545
73.28543
73.24554
73.33509
73.29592
73.38494
73.34563
73.43467
73.39564
73.48443
73.44556
73.53437
73.49585
73.58481
73.54983
73.63496
73.59618
73.68523
73.64654
73.73553
73.69634
73.7858
73.74598
73.8356
73.79621
73.88573
73.84591
73.93616
73.89568
73.98576
73.99511
74.03636
74.04501
74.08662
74.09507
74.13647
74.14484
74.18649
74.19497
74.23642
74.24455
74.28682
74.29427
74.33727
74.34441
74.3875
74.3949
74.43792
74.44476
74.48823
74.49446
74.53855
74.54489
74.58819
74.5953
74.63788
74.64529
74.68813
74.69523
74.73807
74.74553
74.78774
74.79516
74.83814
74.84482
74.88826
74.89458
74.93817
74.94499
74.98852
75.04462
75.03813
75.09445
75.08786
75.14478
75.13764
75.19485
75.18774
75.24516
75.23737
75.29552
75.287
75.3452
75.3369
75.39551
75.38693
75.44511
75.43685
75.49488
75.48724
75.54518
75.53751
75.59515
75.58792
75.64517
75.63796
75.69526
75.68841
75.74486
75.73862
75.79475
75.78844
75.84489
75.8388
75.89523
75.88892
75.94499
75.939
75.99531
75.98887
76.04507
76.03931
76.09517
76.13869
76.14504
76.18857
76.19547
76.23905
76.2458
76.28886
76.29556
76.33866
76.34526
76.38832
76.39545
76.43795
76.44573
76.48766
76.49599
76.53728
76.54566
76.58691
76.59606
76.63683
76.64644
76.68649
76.69782
76.73611
76.7466
76.78643
76.79688
76.8367
76.84698
76.88642
76.89683
76.93617
76.94685
76.98664
76.99681
77.03638
77.04704
77.08669
77.09737
77.1363
77.14731
77.18763
77.19716
77.28564
77.24715
77.33562
77.29754
77.38544
77.34769
77.43556
77.39732
77.4857
77.44751
77.53604
77.49725
77.586
77.54722
77.63601
77.59707
77.68587
77.64718
77.73577
77.69708
77.78567
77.74703
77.83556
77.79681
77.88528
77.84711
77.93535
77.897
77.98576
77.94678
78.03609
77.99662
78.08642
78.04623
78.13686
78.09634
78.18716
78.14647
78.23679
78.1964
78.28654
78.29701
78.33685
78.34747
78.38625
78.39294
78.43625
78.44335
78.48627
78.49308
78.53632
78.5433
78.58621
78.59321
78.63648
78.64334
78.68645
78.69302
78.73632
78.74332
78.78622
78.79368
78.83585
78.84332
78.88551
78.891
78.93523
78.94073
78.98524
78.99039
79.03501
79.04061
79.08483
79.09049
79.13525
79.14095
79.1854
79.19087
79.23538
79.24133
79.28504
79.29145
79.33504
79.34148
79.38521
79.39155
79.43568
79.44154
79.48591
79.4916
79.5358
79.54178
79.58627
79.59186
79.63606
79.64163
79.68591
79.6918
79.73584
79.74207
79.78606
79.79238
79.83589
79.84241
79.88576
79.8922
79.93583
79.9425
79.98617
79.99266
80.0362
80.04233
80.08605
80.09226
80.13576
80.14237
80.1875
80.19212
80.23672
80.2422
80.28646
80.29221
80.33615
80.34264
80.38608
80.39303
80.43626
80.44284
80.48638
80.49271
80.53643
80.54246
80.58651
80.59225
80.63685
80.64259
80.68713
80.69279
80.73676
80.74255
80.78664
80.79289
80.8363
80.84332
80.88618
80.89316
80.93657
80.94298
80.98669
80.99312
81.03678
81.0433
81.08711
81.0931
81.13703
81.14319
81.18695
81.19318
81.23683
81.24289
81.28663
81.29282
81.33669
81.34315
81.38683
81.39288
81.43654
81.44282
81.48636
81.49254
81.53626
81.54274
81.58369
81.5918
81.63389
81.64182
81.68417
81.69154
81.73396
81.74151
81.784
81.79141
81.83404
81.84104
81.88409
81.89151
81.93417
81.9411
81.9843
81.99101
82.03429
82.04086
82.0845
82.09114
82.13489
82.14162
82.18462
82.19163
82.23468
82.24177
82.28459
82.29167
82.33456
82.34133
82.38508
82.39142
82.435
82.44136
82.48492
82.49122
82.5352
82.54117
82.58529
82.59082
82.63515
82.64156
82.68485
82.69143
82.73481
82.74121
82.78461
82.79076
82.83432
82.84042
82.88408
82.89005
82.93417
82.93978
82.98453
82.98959
83.03424
83.04001
83.08398
83.08994
83.1338
83.13986
83.18535
83.19006
83.23382
83.2402
83.28401
83.29058
83.33453
83.34042
83.38467
83.39034
83.43452
83.43998
83.48425
83.48961
83.53457
83.53993
83.58444
83.58961
83.63438
83.63939
83.68438
83.68919
83.73447
83.73901
83.78458
83.78946
83.8349
83.8391
83.88538
83.88878
83.93503
83.93926
83.9852
83.98954
84.03555
84.03992
84.08598
84.08957
84.13635
84.13937
84.18604
84.18966
84.23591
84.24005
84.28563
84.28976
84.33578
84.33966
84.38544
84.39006
84.43532
84.44052
84.48532
84.49059
84.5351
84.54076
84.58489
84.5905
84.63509
84.64019
84.68516
84.69009
84.73515
84.74045
84.78522
84.79086
84.83524
84.8413
84.88522
84.89112
84.93544
84.94123
84.98589
84.99155
85.03555
85.04179
85.08564
85.09151
85.1353
85.14149
85.18569
85.19125
85.23534
85.24117
85.28504
85.29095
85.33478
85.34076
85.38451
85.39045
85.43429
85.44088
85.48454
85.49064
85.53421
85.54029
85.58391
85.5905
85.6343
85.64069
85.68464
85.69109
85.73508
85.74138
85.78544
85.7915
85.83549
85.84226
85.88375
85.89268
85.93403
85.94233
85.98373
85.99195
86.03364
86.04201
86.07645
86.09212
86.1597
86.14217
86.19419
86.1795
86.22956
86.22276
86.29598
86.2729
86.32191
86.30584
86.3493
86.34181
86.36356
86.36499
86.40523
86.38539
86.42425
86.41492
86.44329
86.44093
86.47091
86.4659
86.48645
86.49366
86.51398
86.52212
86.53381
86.54543
86.55363
86.56269
86.56909
86.57893
86.58369
86.59417
86.60176
86.61057
86.61666
86.62713
86.63485
86.64262
86.65036
86.65762
86.66747
86.66683
86.68316
86.6791
86.69716
86.69383
86.71342
86.71266
86.72643
86.72323
86.74152
86.73733
86.75609
86.7489
86.76842
86.76363
86.78189
86.77494
86.79515
86.7839
86.81084
86.79874
86.82449
86.81367
86.83875
86.8288
86.85042
86.84203
86.86355
86.85701
86.87895
86.87115
86.8869
86.88328
86.90157
86.8923
86.91391
86.90523
86.92879
86.91809
86.93719
86.92882
86.94909
86.94335
86.96136
86.95512
86.97187
86.96822
86.99404
86.98074
87.00613
86.99429
87.02139
87.00456
87.02872
87.01732
87.04005
87.03016
87.05087
87.04247
87.06441
87.05663
87.07522
87.06586
87.08771
87.07959
87.10053
87.09306
87.10982
87.10533
87.12262
87.11666
87.13502
87.12935
87.14426
87.14214
87.15666
87.15438
87.16965
87.16476
87.17702
87.17672
87.19006
87.18832
87.20466
87.20179
87.21765
87.21732
87.23115
87.22842
87.24152
87.24216
87.25408
87.24959
87.2664
87.25956
87.27779
87.27562
87.28508
87.28753
87.29741
87.29491
87.30666
87.30511
87.31937
87.31749
87.33339
87.33115
87.34932
87.33951
87.36257
87.35409
87.37478
87.36642
87.38758
87.37666
87.39788
87.38931
87.41144
87.40189
87.42077
87.41482
87.43275
87.42755
87.44608
87.43905
87.458
87.45089
87.47177
87.4641
87.48386
87.47521
87.4911
87.48956
87.50039
87.50105
87.51366
87.51484
87.52743
87.52221
87.53797
87.53402
87.55121
87.54768
87.56558
87.56111
87.57466
87.57498
87.58768
87.58618
87.60287
87.60019
87.61378
87.61185
87.62624
87.62782
87.64054
87.64227
87.65314
87.65549
87.66479
87.66955
87.67818
87.68587
87.69377
87.70194
87.70751
87.71588
87.72041
87.72514
87.7337
87.73771
87.74623
87.74802
87.75553
87.75973
87.76733
87.77184
87.7818
87.78108
87.79211
87.79141
87.80134
87.80067
87.81161
87.81705
87.82192
87.82626
87.83112
87.83351
87.84029
87.84518
87.84949
87.85436
87.85978
87.86467
87.87319
87.87839
87.88876
87.8923
87.90739
87.90541
87.92236
87.91707
87.93517
87.92859
87.94744
87.94205
87.95837
87.95068
87.97282
87.96415
87.98391
87.97585
87.99887
87.98988
88.00983
88.00075
88.021
88.011
88.02823
88.02254
88.0398
88.03181
88.05229
88.04207
88.06632
88.05238
88.07883
88.06688
88.09419
88.076
88.10152
88.08521
88.11073
88.09689
88.11993
88.11725
88.12723
88.13058
88.13754
88.14451
88.1479
88.15614
88.16463
88.16607
88.17205
88.17634
88.1866
88.18812
88.19757
88.20407
88.21475
88.21139
88.22306
88.22318
88.2348
88.23994
88.24925
88.24728
88.25956
88.25764
88.27277
88.27301
88.28304
88.28424
88.29897
88.29128
88.3082
88.30465
88.31746
88.31187
88.32864
88.32112
88.34245
88.33154
88.35351
88.34861
88.36269
88.35826
88.37189
88.37212
88.3811
88.3856
88.40173
88.39741
88.41363
88.41385
88.44164
88.44093
88.462
88.4524
88.47465
88.47352
88.48399
88.48678
88.50349
88.5
88.51083
88.5132
88.52428
88.52251
88.53824
88.53633
88.55009
88.54371
88.56286
88.55765
88.57816
88.57266
88.59198
88.5853
88.6012
88.59275
88.61536
88.61382
88.63843
88.62664
88.65189
88.6423
88.6641
88.66087
88.67746
88.67857
88.68929
88.69273
88.7021
88.70367
88.7127
88.71291
88.72339
88.72653
88.73682
88.73987
88.74608
88.75152
88.76003
88.7618
88.77255
88.76912
88.79198
88.78776
88.80106
88.80616
88.83243
88.81373
88.84512
88.84104
88.86719
88.8623
88.88303
88.89132
88.91843
88.91856
88.93968
88.93536
88.95998
88.96178
88.97785
88.97866
88.99729
89.00665
89.00994
89.02069
89.03636
89.04359
89.04919
89.05353
89.05902
89.0667
89.07405
89.07725
89.08298
89.09106
89.09223
89.09837
89.10143
89.10757
89.11062
89.12018
89.11798
89.12735
89.12522
89.13459
89.14176
89.14719
89.15201
89.15883
89.16222
89.16601
89.16957
89.17299
89.18121
89.18018
89.18839
89.18935
89.19755
89.20245
89.20672
89.21161
89.2159
89.22075
89.22659
89.22808
89.23578
89.2373
89.24532
89.24971
89.25462
89.26144
89.26944
89.27182
89.28184
89.28812
89.29111
89.30151
89.3028
89.31305
89.31544
89.32479
89.33051
89.33504
89.34078
89.34688
89.35247
89.35959
89.36172
89.36886
89.373
89.37809
89.38041
89.38729
89.38968
89.39472
89.3989
89.40861
89.40609
89.42118
89.41331
89.42859
89.42255
89.43578
89.43284
89.44299
89.44198
89.45177
89.45367
89.46457
89.46449
89.47484
89.4762
89.48512
89.48647
89.49435
89.49391
89.50608
89.5042
89.51344
89.5154
89.52064
89.52467
89.52991
89.53497
89.53915
89.54422
89.54839
89.55666
89.55865
89.56935
89.56796
89.57855
89.5803
89.58594
89.58956
89.59527
89.60131
89.61201
89.61162
89.62128
89.62192
89.63051
89.63219
89.63977
89.63943
89.65431
89.65049
89.66742
89.65971
89.68144
89.67062
89.69478
89.67785
89.70435
89.68958
89.71468
89.69987
89.72803
89.71017
89.73811
89.71949
89.75001
89.7364
89.7573
89.74645
89.76762
89.76089
89.78215
89.76825
89.78959
89.77985
89.80222
89.79047
89.81144
89.80093
89.82175
89.81122
89.83057
89.8215
89.84286
89.83078
89.85207
89.84003
89.8614
89.84931
89.874
89.86267
89.88139
89.87189
89.89063
89.87931
89.89797
89.89331
89.9052
89.90262
89.91444
89.91436
89.92369
89.92349
89.93291
89.93278
89.94015
89.94408
89.9494
89.95151
89.96186
89.96542
89.97357
89.97504
89.98279
89.98425
89.99207
89.99165
