0.007692378
0.007496687
0.02386265
0.02239186
0.03431684
0.03512516
0.0509538
0.04800588
0.06295361
0.0621621
0.07683019
0.07640562
0.08947159
0.09346119
0.1025901
0.1029257
0.1141959
0.1161397
0.1265228
0.1275832
0.1375247
0.1411831
0.147387
0.1549743
0.1602097
0.1653262
0.1735403
0.175497
0.1869343
0.1873779
0.1990024
0.1959798
0.2114812
0.2086421
0.2264932
0.2211251
0.2383243
0.2307998
0.2510532
0.2429183
0.264378
0.2564239
0.2770173
0.269832
0.2894918
0.2980335
0.3025373
0.3111851
0.3149599
0.3256285
0.3283098
0.3520676
0.3440176
0.3645338
0.3541133
0.3734903
0.3652171
0.3821314
0.3801461
0.3942001
0.3923876
0.4074661
0.4011183
0.4200556
0.4154578
0.4286678
0.4290034
0.4385989
0.4439884
0.4482884
0.4549444
0.4598589
0.4684565
0.4702003
0.4798499
0.4808229
0.4968829
0.4941183
0.5113202
0.5055097
0.5200782
0.5145556
0.535011
0.5264531
0.5494398
0.5389841
0.5606107
0.5475984
0.5745372
0.5617209
0.5894118
0.5716563
0.6020098
0.584639
0.6167238
0.5912436
0.6305418
0.6002598
0.6372214
0.6122634
0.6530207
0.621426
0.6644524
0.6355692
0.6767768
0.6503544
0.6921365
0.6673539
0.7066112
0.7036889
0.7193109
0.7178193
0.7330025
0.7287815
0.7472812
0.7411749
0.7615827
0.7497938
0.7732474
0.7628435
0.7854095
0.7766306
0.7991196
0.7895614
0.8155838
0.8017175
0.8243503
0.8137944
0.8368102
0.8272335
0.8507202
0.8370896
0.8678533
0.8506893
0.8818634
0.8637263
0.8956712
0.875147
0.9096543
0.8881594
0.9228522
0.9016359
0.9376057
0.9133209
0.948814
0.9237102
0.9621217
0.9388581
0.968999
0.9567618
0.9847901
0.9813902
0.9947108
0.995371
1.008007
1.005515
1.023608
1.018756
1.037678
1.047724
1.053251
1.059628
1.068328
1.071565
1.079607
1.083638
1.093611
1.096923
1.110245
1.109556
1.130468
1.122095
1.143272
1.128766
1.15627
1.139151
1.173306
1.152703
1.185054
1.164055
1.197593
1.173975
1.209131
1.184854
1.22012
1.195983
1.226935
1.208416
1.235607
1.219253
1.247467
1.227968
1.256411
1.237697
1.269067
1.249315
1.277743
1.259053
1.288076
1.267688
1.294809
1.277879
1.301441
1.286448
1.313995
1.296103
1.320809
1.302651
1.334063
1.309087
1.343563
1.318114
1.353398
1.327276
1.360141
1.335876
1.366725
1.344504
1.375341
1.35504
1.383941
1.363698
1.39332
1.372279
1.407382
1.378841
1.41667
1.385252
1.425327
1.394318
1.432096
1.405084
1.443862
1.414718
1.450648
1.423651
1.461964
1.432317
1.470606
1.438887
1.481439
1.445469
1.490091
1.462893
1.498703
1.475783
1.507738
1.485163
1.519805
1.491972
1.52844
1.502207
1.537069
1.508944
1.547633
1.515346
1.554777
1.521915
1.564639
1.528544
1.577191
1.537436
1.585822
1.5461
1.592463
1.554964
1.604604
1.561581
1.611198
1.57023
1.619832
1.576808
1.628435
1.58538
1.635004
1.59198
1.643587
1.59838
1.650137
1.606954
1.65678
1.613513
1.665403
1.620113
1.676193
1.631898
1.684798
1.642445
1.693465
1.649045
1.702171
1.660762
1.710919
1.669399
1.721043
1.676155
1.727633
1.686965
1.737627
1.698826
1.746245
1.709279
1.75302
1.718937
1.759601
1.727512
1.768224
1.736177
1.776846
1.746557
1.7836
1.753156
1.794392
1.764617
1.805852
1.771213
1.814693
1.782136
1.821466
1.788864
1.828066
1.795294
1.839241
1.801689
1.84583
1.808288
1.852597
1.819802
1.863845
1.832299
1.872511
1.840889
1.8835
1.847442
1.89011
1.853843
1.898723
1.862597
1.907352
1.871168
1.915962
1.881109
1.924658
1.890041
1.933303
1.896842
1.939865
1.906264
1.946447
1.91482
1.955196
1.921395
1.961932
1.929974
1.970511
1.936556
1.979975
1.945196
1.986585
1.951765
1.993185
1.958343
2.005241
1.966972
2.013895
1.975573
2.020695
1.986841
2.02898
1.993441
2.04033
1.999896
2.051583
2.013154
2.058363
2.019814
2.066954
2.031026
2.075529
2.039947
2.084178
2.050888
2.090785
2.06264
2.097359
2.071283
2.103928
2.080427
2.112553
2.090951
2.121949
2.099531
2.130594
2.108126
2.139219
2.118105
2.147954
2.124665
2.157506
2.131105
2.16426
2.139746
2.176518
2.148356
2.18516
2.157092
2.193778
2.167304
2.202855
2.177193
2.211505
2.185764
2.220194
2.19481
2.230983
2.203351
2.237727
2.211997
2.246367
2.220598
2.255123
2.227615
2.264783
2.234346
2.273374
2.24094
2.280126
2.253435
2.292032
2.266472
2.303846
2.277689
2.313717
2.286301
2.32269
2.295036
2.333689
2.303734
2.34232
2.314538
2.349085
2.323286
2.36045
2.336169
2.373258
2.34275
2.38459
2.351469
2.39139
2.370635
2.400682
2.377395
2.410523
2.386101
2.419657
2.398767
2.429077
2.407392
2.438881
2.413961
2.445443
2.422585
2.452014
2.431219
2.458624
2.441858
2.467299
2.448433
2.473878
2.457005
2.482505
2.463765
2.489124
2.470345
2.498923
2.478899
2.507567
2.487534
2.517173
2.498217
2.528033
2.504965
2.53811
2.514879
2.546703
2.523819
2.553322
2.532416
2.562941
2.539154
2.573694
2.547698
2.582321
2.556297
2.593502
2.567653
2.600077
2.577669
2.608679
2.589229
2.615251
2.600482
2.621854
2.610756
2.630543
2.622999
2.640628
2.629781
2.650643
2.638393
2.659853
2.646959
2.668496
2.653547
2.677144
2.663322
2.683898
2.671925
2.692586
2.682919
2.701181
2.689494
2.710385
2.698095
2.720318
2.704685
2.728974
2.714606
2.74149
2.721162
2.748225
2.729762
2.754851
2.740536
2.765765
2.747282
2.774412
2.755867
2.781161
2.762491
2.789783
2.77381
2.799956
2.78036
2.810601
2.786761
2.817343
2.795427
2.826353
2.802027
2.83294
2.81412
2.843117
2.822751
2.852484
2.831422
2.861183
2.840332
2.869812
2.846892
2.87854
2.853292
2.887141
2.861915
2.893874
2.872477
2.900449
2.881127
2.911449
2.889654
2.918203
2.898357
2.92678
2.904937
2.933515
2.922738
2.94214
2.929359
2.950935
2.940865
2.957715
2.949473
2.966487
2.959358
2.975093
2.966081
2.981826
2.972487
2.988282
2.981091
2.998403
2.989824
3.00698
3.000824
3.015846
3.007424
3.02858
3.018878
3.0372
3.02749
3.043779
3.036075
3.052508
3.044658
3.063976
3.051223
3.070712
3.059848
3.079355
3.070912
3.087978
3.084045
3.096605
3.09267
3.106598
3.101222
3.115292
3.107805
3.123907
3.116457
3.133502
3.125688
3.140245
3.134596
3.151805
3.143337
3.15841
3.152346
3.16501
3.16362
3.178003
3.172247
3.187544
3.180865
3.198103
3.187419
3.209494
3.194019
3.216244
3.200601
3.225977
3.209219
3.236202
3.217736
3.244776
3.226321
3.253416
3.233049
3.263536
3.239462
3.270109
3.249487
3.280347
3.256087
3.290308
3.265376
3.297069
3.274941
3.307146
3.284438
3.315733
3.290992
3.322504
3.297948
3.329277
3.306742
3.340935
3.317538
3.349562
3.326152
3.358201
3.334787
3.368195
3.343345
3.376823
3.349884
3.385423
3.356309
3.397417
3.365261
3.406549
3.373778
3.415093
3.382309
3.425214
3.390915
3.431808
3.399483
3.443732
3.406073
3.450484
3.415104
3.460974
3.423677
3.47344
3.434749
3.482033
3.445149
3.493691
3.454349
3.503772
3.462974
3.515895
3.471815
3.527955
3.480403
3.540689
3.491904
3.552571
3.504414
3.563771
3.512927
3.575837
3.521527
3.586837
3.53007
3.599837
3.538612
3.610931
3.549099
3.623149
3.557636
3.63193
3.566413
3.646417
3.5797
3.653036
3.593131
3.661636
3.604264
3.674589
3.614993
3.684433
3.626645
3.696214
3.639128
3.705728
3.648044
3.714253
3.657796
3.722824
3.666376
3.735303
3.675256
3.744102
3.687123
3.75674
3.711745
3.76862
3.718328
3.779408
3.7354
3.792001
3.741971
3.802167
3.750573
3.810901
3.75961
3.822286
3.775077
3.830896
3.786795
3.843348
3.800743
3.856433
3.820795
3.868481
3.834458
3.881833
3.841046
3.893833
3.850662
3.907765
3.861902
3.921165
3.873987
3.936898
3.884791
3.946933
3.89397
3.95672
3.906276
3.967427
3.919342
3.976697
3.9292
3.986561
3.939408
3.998563
3.945998
4.005163
3.956408
4.017055
3.966529
4.025763
3.984859
4.037562
3.999074
4.044164
4.01099
4.053464
4.023386
4.06726
4.032933
4.078472
4.039516
4.089756
4.051783
4.1018
4.062053
4.11555
4.071189
4.128256
4.083832
4.14027
4.092472
4.151781
4.106671
4.164132
4.115204
4.172678
4.125317
4.181147
4.137385
4.189679
4.150204
4.19836
4.158828
4.207314
4.165406
4.219952
4.173939
4.232143
4.193738
4.246083
4.216054
4.257292
4.224645
4.269217
4.233935
4.282009
4.244603
4.292958
4.256439
4.306852
4.271263
4.320272
4.285631
4.331678
4.295715
4.345818
4.309037
4.356924
4.322455
4.369665
4.333447
4.385746
4.348838
4.39441
4.36069
4.409691
4.37539
4.421784
4.3862
4.433424
4.414466
4.44589
4.442692
4.462446
4.454702
4.475408
4.483558
4.488941
4.4966
4.50312
4.509114
4.516888
4.522643
4.53104
4.533986
4.545413
4.547023
4.560287
4.561427
4.570948
4.571789
4.585805
4.586118
4.597716
4.599706
4.610547
4.627778
4.625003
4.640852
4.63974
4.65063
4.65345
4.663839
4.668381
4.674851
4.68418
4.683462
4.696874
4.695316
4.715948
4.709318
4.733921
4.747231
4.748075
4.75826
4.775614
4.801049
4.791874
4.815919
4.806484
4.832106
4.824479
4.848897
4.83971
4.860364
4.853368
4.875576
4.875274
4.889047
4.890513
4.90669
4.904308
4.923623
4.925146
4.93761
4.946595
4.953057
4.964247
4.978351
4.979578
4.993182
4.998333
5.00511
5.012054
5.022099
5.04127
5.043443
5.061671
5.058322
5.079513
5.073092
5.09564
5.09901
5.112733
5.121449
5.13398
5.139493
5.152674
5.160107
5.174912
5.174815
5.193331
5.191075
5.209126
5.206477
5.226239
5.227853
5.248343
5.241053
5.271342
5.261644
5.292677
5.286558
5.313333
5.303614
5.328795
5.320509
5.348603
5.341851
5.368267
5.363108
5.388724
5.383508
5.421305
5.396349
5.444365
5.416845
5.468377
5.435515
5.49573
5.504582
5.523134
5.524378
5.552191
5.559308
5.582241
5.581414
5.597821
5.638421
5.633861
5.662012
5.648627
5.685749
5.689863
5.706838
5.721569
5.734908
5.738795
5.764099
5.780721
5.811729
5.805457
5.846843
5.837975
5.886176
5.870572
5.904946
5.898198
5.928964
5.934441
5.984005
5.955844
6.00706
5.994239
6.032478
6.025905
6.093025
6.054974
6.11961
6.090052
6.151371
6.120028
6.175429
6.164654
6.202802
6.206964
6.230167
6.25176
6.261902
6.301751
6.296006
6.352125
6.400701
6.404876
6.4503
6.45221
6.488899
6.502432
6.535831
6.548941
6.58563
6.596411
6.636006
6.646758
6.68623
6.697158
6.736027
6.747035
6.785894
6.796952
6.835627
6.896516
6.885886
6.94642
6.936019
6.995691
6.98615
7.04542
7.03609
7.144944
7.086222
7.19537
7.136547
7.24571
7.186949
7.295768
7.237331
7.34615
7.28773
7.39589
7.337465
7.44557
7.387076
7.495807
7.437004
7.545504
7.48707
7.595949
7.537214
7.645628
7.587322
7.695394
7.637385
7.745005
7.687522
7.794814
7.737904
7.844657
7.788277
7.894281
7.837876
7.944079
7.888241
7.993737
7.938759
8.04386
7.989074
8.093612
8.039238
8.143295
8.089314
8.193228
8.139165
8.243227
8.23972
8.292959
8.289603
8.343291
8.339602
8.393267
8.389513
8.44312
8.439322
8.492921
8.489051
8.542603
8.538666
8.592456
8.588517
8.64207
8.638183
8.69175
8.688502
8.792125
8.738091
8.842584
8.788238
8.892991
8.837956
8.943481
8.887822
8.993547
8.938122
9.043881
8.988192
9.093646
9.038633
9.143478
9.088856
9.193715
9.138756
9.243836
9.188424
9.293471
9.238912
9.343874
9.289046
9.389188
9.339452
9.439645
9.389851
9.489773
9.439483
9.539714
9.489269
9.589433
9.539067
9.639517
9.58889
9.690314
9.638755
9.740376
9.688948
9.790702
9.740157
9.840035
9.78904
9.889768
9.838911
9.939844
9.888244
9.990032
9.938356
10.03993
9.988168
10.08979
10.03808
10.13944
10.08804
10.18916
10.13807
10.23902
10.18829
10.28924
10.23833
10.33915
10.2881
10.38953
10.33783
10.43918
10.38822
10.4891
10.43782
10.53876
10.48774
10.58877
10.5374
10.63863
10.5879
10.68911
10.63809
10.73874
10.6884
10.78849
10.73888
10.8389
10.7888
10.88862
10.83898
10.93862
10.88943
10.98849
10.93985
11.03895
10.98995
11.08916
11.03989
11.13949
11.08982
11.18984
11.14008
11.23951
11.18993
11.27635
11.23958
11.32621
11.28934
11.37642
11.33899
11.4265
11.38861
11.47661
11.43875
11.52636
11.48861
11.57621
11.58934
11.626
11.63965
11.67572
11.68988
11.72607
11.74014
11.77577
11.79054
11.82615
11.89105
11.87579
11.9413
11.92554
11.98819
11.97521
12.02705
12.02523
12.07593
12.07523
12.12614
12.12522
12.17604
12.17486
12.22616
12.22449
12.27624
12.27422
12.32665
12.32461
12.37665
12.37493
12.4266
12.42513
12.47625
12.47516
12.52611
12.52521
12.57596
12.57552
12.62633
12.6258
12.67598
12.67622
12.72624
12.72661
12.77665
12.77635
12.82702
12.82668
12.87666
12.87682
12.92686
12.92652
12.97683
12.9768
13.02671
13.02647
13.07708
13.07671
13.12652
13.126
13.17679
13.17575
13.22649
13.22617
13.27665
13.27652
13.32671
13.32663
13.37664
13.42663
13.42652
13.477
13.47669
13.5274
13.52698
13.57726
13.57698
13.62751
13.62733
13.67757
13.67713
13.72773
13.72751
13.82784
13.77763
13.87813
13.82788
13.9278
13.87758
13.97806
13.92795
14.02822
13.97814
14.07872
14.02843
14.12917
14.07862
14.17892
14.12903
14.22929
14.17934
14.27949
14.22962
14.3793
14.27929
14.42938
14.32963
14.47908
14.3795
14.52938
14.4293
14.57952
14.47975
14.62945
14.53013
14.67967
14.58021
14.72995
14.63034
14.77983
14.68081
14.82945
14.73078
14.8797
14.78059
14.93002
14.83109
14.98
14.88114
15.03022
14.93112
15.0802
14.98074
15.13031
15.03115
15.18037
15.08149
15.23058
15.13179
15.28068
15.18162
15.33084
15.2318
15.37816
15.28207
15.42842
15.33194
15.47857
15.38189
15.5289
15.43166
15.57921
15.48152
15.62922
15.53141
15.67895
15.58188
15.7291
15.63191
15.77943
15.68228
15.82916
15.73225
15.87947
15.78261
15.9295
15.83228
15.97926
15.88233
16.02915
15.93227
16.07881
15.98254
16.12854
16.03281
16.17863
16.08268
16.2285
16.13251
16.27847
16.1829
16.32987
16.23257
16.37862
16.2822
16.4288
16.33183
16.47836
16.3818
16.52801
16.43194
16.57771
16.48212
16.62752
16.53185
16.67721
16.5822
16.7274
16.63256
16.77701
16.68299
16.82679
16.73269
16.87668
16.7827
16.92647
16.83292
16.97625
16.88301
17.02652
16.93326
17.07628
16.98372
17.1265
17.03412
17.17661
17.08419
17.22706
17.13443
17.2768
17.18485
17.32717
17.23457
17.37433
17.28432
17.42471
17.33431
17.47478
17.38399
17.52505
17.43385
17.57473
17.48369
17.62511
17.53409
17.67491
17.58458
17.72517
17.63435
17.77519
17.6841
17.82553
17.73391
17.87552
17.78434
17.91418
17.83468
17.96459
17.8845
18.01478
17.93414
18.06479
17.98443
18.1151
18.03467
18.16511
18.08454
18.21456
18.13497
18.26486
18.18497
18.31524
18.2354
18.36573
18.28557
18.41615
18.33529
18.46572
18.3849
18.51601
18.43464
18.5663
18.48454
18.61645
18.53495
18.66643
18.58468
18.71682
18.63442
18.76658
18.68455
18.81699
18.73487
18.86725
18.78516
18.91723
18.83523
18.96724
18.8854
19.01748
18.93546
19.06776
18.98527
19.11805
19.03569
19.16829
19.08575
19.21831
19.13592
19.26828
19.18566
19.31821
19.23595
19.36811
19.28621
19.4181
19.33661
19.46817
19.43607
19.51829
19.48584
19.56829
19.53551
19.61831
19.58601
19.66877
19.68648
19.71924
19.73692
19.76957
19.78682
19.81973
19.83701
19.87017
19.88757
19.92053
19.93724
19.97041
19.98674
20.02034
20.03684
20.07014
20.08694
20.12048
20.13687
20.17069
20.18703
20.22107
20.23724
20.25095
20.28707
20.30106
20.33696
20.35146
20.38707
20.40155
20.43677
20.45167
20.48669
20.50165
20.53711
20.55169
20.58739
20.60188
20.6374
20.70201
20.68719
20.75225
20.73763
20.80211
20.78729
20.89135
20.83709
20.94152
20.88743
21.0424
20.93726
21.09288
20.98766
21.14255
21.03797
21.19219
21.08819
21.2924
21.13832
21.34226
21.18804
21.39207
21.23836
21.43954
21.28842
21.4896
21.33858
21.53951
21.38898
21.58974
21.43879
21.68978
21.48918
21.73967
21.53885
21.78983
21.5893
21.84012
21.63932
21.93952
21.68894
21.98992
21.73924
22.04025
21.78938
22.08996
21.83958
22.14016
21.88957
22.1898
21.93958
22.23964
21.98931
22.28995
22.03957
22.34037
22.0899
22.39015
22.14009
22.44025
22.19033
22.49065
22.24049
22.5411
22.291
22.59129
22.34137
22.64135
22.3919
22.69145
22.44214
22.74156
22.54247
22.79164
22.59277
22.84144
22.64308
22.87555
22.69273
22.92545
22.7426
22.97551
22.7925
23.02518
22.8426
23.07488
22.89243
23.12531
22.94222
23.17504
22.99205
23.22483
23.04182
23.27494
23.09208
23.32482
23.14194
23.3748
23.19238
23.42471
23.24219
23.4733
23.29269
23.52378
23.34275
23.57375
23.39312
23.62348
23.49298
23.67402
23.54342
23.72344
23.59355
23.77373
23.64367
23.8235
23.69403
23.87357
23.74407
23.92374
23.79378
23.97401
23.8436
24.02373
23.894
24.07403
23.94391
24.12399
23.9938
24.17448
24.04353
24.22448
24.09353
24.2742
24.14257
24.32439
24.19233
24.37453
24.24211
24.42466
24.29239
24.47496
24.34251
24.525
24.39293
24.57528
24.44264
24.62553
24.49256
24.67552
24.54254
24.72562
24.59291
24.77587
24.64318
24.82613
24.69312
24.87579
24.74322
24.92604
24.79358
24.97625
24.84366
25.02669
24.89384
25.07638
24.94373
25.12635
24.99391
25.17641
25.04391
25.22611
25.09373
25.27657
25.14408
25.32628
25.19451
25.37593
25.2449
25.42586
25.29457
25.47614
25.34444
25.52637
25.3947
25.57631
25.44464
25.62658
25.49498
25.6766
25.54463
25.72672
25.59468
25.77677
25.64501
25.82713
25.69528
25.87677
25.74568
25.9271
25.79564
25.97673
25.84587
26.02687
25.89551
26.07727
25.94528
26.12773
25.99536
26.1774
26.04571
26.22704
26.09571
26.27692
26.14568
26.32726
26.19531
26.37743
26.24531
26.4273
26.29513
26.47717
26.34511
26.52762
26.39527
26.57743
26.44576
26.62731
26.49603
26.67732
26.54593
26.72712
26.59632
26.77686
26.64673
26.82701
26.69683
26.87725
26.74716
26.92748
26.79694
26.97759
26.84683
27.02824
26.89653
27.07835
26.94643
27.12896
26.99669
27.17837
27.04675
27.22802
27.09689
27.27831
27.14713
27.32795
27.197
27.37797
27.24726
27.42775
27.29739
27.47737
27.34755
27.52777
27.39799
27.57794
27.44829
27.62797
27.49813
27.67774
27.54846
27.7282
27.59859
27.77857
27.64826
27.82853
27.69871
27.8786
27.74847
27.92822
27.79813
27.97842
27.84838
28.02847
27.8986
28.07882
27.94893
28.12862
27.99878
28.17881
28.04919
28.22828
28.09912
28.27836
28.14906
28.32855
28.19931
28.37822
28.24918
28.42813
28.29941
28.47854
28.34384
28.52131
28.39267
28.57103
28.4425
28.62085
28.48554
28.66099
28.53552
28.70706
28.58586
28.75731
28.63626
28.80718
28.68592
28.85699
28.73626
28.90721
28.78632
28.95768
28.83673
29.00799
28.88636
29.05835
28.93663
29.10815
28.98638
29.15832
29.03632
29.20868
29.08625
29.25875
29.13651
29.30893
29.18618
29.35933
29.23646
29.4094
29.28615
29.45938
29.33645
29.50965
29.38658
29.55968
29.43643
29.61012
29.48657
29.66059
29.53644
29.71032
29.58648
29.76019
29.63664
29.80985
29.6867
29.8589
29.72629
29.90517
29.77674
29.95523
29.8265
30.00565
29.87647
30.05247
29.9261
30.10292
29.97637
30.14912
30.02678
30.19724
30.07706
30.24726
30.1769
30.29704
30.22657
30.34732
30.27724
30.39728
30.32646
30.44756
30.37629
30.4977
30.42609
30.54744
30.47571
30.59763
30.52557
30.64898
30.57575
30.69826
30.62544
30.74828
30.67503
30.79843
30.72496
30.84869
30.77529
30.89892
30.82494
30.94918
30.87522
30.99929
30.92502
31.04955
30.97468
31.14968
31.0246
31.19987
31.07432
31.24955
31.12482
31.29964
31.17493
31.34991
31.22467
31.39989
31.27474
31.45004
31.3252
31.4999
31.37495
31.54971
31.42509
31.59935
31.47473
31.64931
31.52446
31.69914
31.57408
31.74901
31.6242
31.84896
31.67426
31.89862
31.72407
31.94593
31.77386
31.99586
31.82433
32.02599
31.87424
32.07595
31.92413
32.12613
31.97437
32.17603
32.02427
32.22621
32.07474
32.27593
32.12483
32.32608
32.17487
32.37596
32.22459
32.42576
32.27488
32.4761
32.32479
32.52641
32.37474
32.57665
32.425
32.62666
32.47504
32.67649
32.52534
32.72671
32.57498
32.77663
32.62527
32.82708
32.67533
32.87749
32.7254
32.92759
32.77552
32.97807
32.8257
33.02854
32.87566
33.07825
32.92611
33.12806
32.97652
33.17812
33.02649
33.22861
33.07646
33.27835
33.12691
33.32878
33.17733
33.37873
33.22704
33.42899
33.27706
33.47932
33.3273
33.52898
33.37718
33.57938
33.42685
33.62937
33.52679
33.67926
33.57679
33.72913
33.62828
33.77887
33.67741
33.82887
33.72777
33.87906
33.77792
33.92945
33.8281
33.97977
33.8779
34.0302
33.92794
34.0802
33.97774
34.13012
34.02793
34.1802
34.07761
34.23033
34.12736
34.28057
34.17758
34.3303
34.22721
34.38037
34.27728
34.43022
34.32711
34.4799
34.37734
34.5302
34.42717
34.58042
34.47763
34.63071
34.52737
34.68119
34.57777
34.73123
34.62739
34.78105
34.67702
34.83111
34.72699
34.88077
34.77676
34.93039
34.82663
34.98012
34.87697
35.02972
34.92683
35.07975
34.9771
35.12943
35.02688
35.17921
35.0771
35.2292
35.12686
35.27904
35.17693
35.32914
35.22715
35.37948
35.27732
35.42977
35.32742
35.47982
35.37706
35.53022
35.42736
35.58064
35.47734
35.63034
35.52722
35.68055
35.57718
35.73093
35.62704
35.78057
35.67742
35.83084
35.72732
35.8805
35.77694
35.93044
35.82733
35.98013
35.87744
36.02988
35.92785
36.08027
35.97819
36.13063
36.02824
36.18057
36.07825
36.23027
36.12852
36.28066
36.17815
36.33103
36.22798
36.38101
36.27832
36.43105
36.32841
36.48126
36.37878
36.53147
36.42928
36.5812
36.47959
36.63163
36.52967
36.68161
36.57973
36.73187
36.62939
36.78193
36.67976
36.83207
36.73018
36.88186
36.78066
36.93235
36.83444
36.98196
36.8814
37.03192
36.9316
37.08241
36.98243
37.13234
37.03158
37.18232
37.08143
37.23272
37.13183
37.28278
37.18216
37.33317
37.23224
37.38311
37.28205
37.43375
37.33189
37.48366
37.3821
37.53375
37.43209
37.58371
37.48252
37.63345
37.53291
37.68327
37.58259
37.73344
37.63271
37.78368
37.68261
37.83372
37.73275
37.88364
37.78305
37.93386
37.83298
37.98376
37.88317
38.03367
37.93357
38.08381
37.98368
38.13397
38.03371
38.18359
38.08362
38.23359
38.13382
38.28333
38.1836
38.33319
38.23328
38.38287
38.28323
38.43265
38.33349
38.48259
38.3834
38.53223
38.43303
38.58225
38.48336
38.63205
38.53343
38.68199
38.58357
38.73219
38.63363
38.83264
38.68339
38.88279
38.73348
38.93319
38.7835
38.98312
38.83339
39.03352
38.8835
39.08343
38.93329
39.13364
38.9832
39.18384
39.03326
39.23409
39.08363
39.27461
39.12661
39.32495
39.17146
39.37465
39.22109
39.42429
39.27073
39.47451
39.32118
39.51385
39.35807
39.56382
39.40807
39.60075
39.44164
39.64242
39.49181
39.66956
39.52109
39.70591
39.55134
39.72886
39.58773
39.76529
39.62286
39.80393
39.66331
39.85428
39.70791
39.89602
39.735
39.94589
39.78544
39.99586
39.82678
40.04571
39.87657
40.09617
39.97591
40.14656
40.02619
40.19703
40.07655
40.24741
40.12701
40.29777
40.17695
40.34743
40.22681
40.39729
40.27665
40.44703
40.32648
40.4967
40.37672
40.54694
40.42634
40.59726
40.47651
40.64736
40.57721
40.69706
40.62654
40.74676
40.67665
40.79703
40.72687
40.84734
40.77691
40.89775
40.82687
40.94802
40.87693
40.99825
40.9268
41.04795
40.97709
41.09819
41.02757
41.14765
41.0775
41.19699
41.12767
41.24688
41.17793
41.29691
41.22808
41.34653
41.27789
41.39673
41.32786
41.44677
41.37804
41.54667
41.42816
41.59711
41.47802
41.64694
41.52832
41.69734
41.57843
41.74728
41.62865
41.79739
41.67845
41.84764
41.72885
41.89774
41.77864
41.94798
41.82862
41.99831
41.87843
42.0482
41.92828
42.098
41.97815
42.14763
42.02823
42.19801
42.07827
42.24839
42.12813
42.29811
42.17845
42.34773
42.22807
42.39753
42.27815
42.44718
42.32816
42.49765
42.37841
42.54729
42.42843
42.59711
42.47816
42.64692
42.5285
42.69719
42.57816
42.74697
42.62783
42.79712
42.67747
42.84732
42.72747
42.89766
42.77757
42.94765
42.82721
42.99784
42.87744
43.04809
42.92761
43.09795
42.97777
43.14756
43.02773
43.19765
43.07787
43.24791
43.12822
43.29794
43.17799
43.34792
43.22805
43.39295
43.27799
43.44321
43.32769
43.4933
43.37799
43.54301
43.42813
43.59335
43.47836
43.64302
43.52815
43.69323
43.57806
43.74351
43.62852
43.79313
43.67867
43.84277
43.72862
43.89297
43.78042
43.94335
43.82955
43.99375
43.87977
44.04342
43.92925
44.09309
43.97935
44.14347
44.02965
44.19382
44.07998
44.24402
44.12999
44.29414
44.17967
44.34396
44.23015
44.39435
44.27985
44.44463
44.32974
44.49432
44.38013
44.5443
44.43048
44.59416
44.48074
44.64389
44.5306
44.69435
44.58033
44.74406
44.63044
44.79441
44.68065
44.84445
44.7304
44.89412
44.7801
44.94409
44.83047
44.99374
44.88039
45.04361
44.93056
45.09328
44.98039
45.14328
45.08119
45.19372
45.13103
45.24349
45.18089
45.29377
45.23111
45.34415
45.28078
45.394
45.33039
45.44374
45.38015
45.49403
45.43021
45.5443
45.47986
45.59475
45.52986
45.64505
45.57964
45.6954
45.62938
45.74533
45.6795
45.7957
45.72949
45.84566
45.77956
45.89577
45.82969
45.94606
45.87931
45.99606
45.92957
46.04653
45.97982
46.09686
46.02969
46.14658
46.08002
46.19634
46.13023
46.246
46.18057
46.29633
46.23092
46.34659
46.28093
46.39677
46.33098
46.44696
46.38062
46.49687
46.4305
46.54677
46.48026
46.59687
46.53056
46.64678
46.58046
46.69691
46.63066
46.74662
46.68027
46.79624
46.73036
46.84591
46.78029
46.89591
46.83042
46.94559
46.88022
46.99576
46.93049
47.04609
46.98029
47.09652
47.02993
47.14617
47.08163
47.19638
47.13034
47.24622
47.18066
47.29615
47.22994
47.34584
47.28029
47.39548
47.33009
47.44579
47.37995
47.49614
47.43029
47.54624
47.48015
47.59662
47.53022
47.64688
47.58
47.69714
47.63
47.74717
47.67966
47.79698
47.72947
47.84678
47.77994
47.89734
47.83015
47.94756
47.87993
47.99775
47.92985
48.04744
47.98006
48.09718
48.03009
48.14749
48.08055
48.24808
48.13065
48.2978
48.1804
48.34747
48.23025
48.3973
48.28055
48.44714
48.33086
48.49743
48.38057
48.54734
48.4305
48.59713
48.48072
48.64695
48.53041
48.69707
48.58003
48.74709
48.62981
48.7975
48.68017
48.84796
48.72994
48.89815
48.78041
48.94823
48.83014
48.99843
48.87978
49.04826
48.9302
49.09846
48.97993
49.14875
49.02967
49.19859
49.08012
49.24828
49.12992
49.29859
49.18011
49.34902
49.22972
49.39935
49.27946
49.44899
49.32969
49.49928
49.43026
49.54906
49.48059
49.599
49.53082
49.64906
49.58097
49.69886
49.63066
49.74921
49.68099
49.79945
49.73132
49.84918
49.78109
49.89948
49.83158
49.94994
49.88203
49.99954
49.93169
50.04961
49.9813
50.09948
50.03095
50.1494
50.08137
50.19943
50.13157
50.2497
50.18137
50.29993
50.23178
50.34959
50.28171
50.39994
50.33138
50.44953
50.38071
50.49979
50.4309
50.5494
50.48094
50.59936
50.5308
50.649
50.58103
50.69865
50.63127
50.74832
50.68136
50.79868
50.7317
50.84877
50.78207
50.8992
50.83209
50.94951
50.88236
50.99971
50.93249
51.0445
50.98269
51.09512
51.03261
51.14502
51.0827
51.19499
51.1331
51.29436
51.18332
51.34401
51.23369
51.39442
51.28387
51.44405
51.334
51.49397
51.38416
51.54368
51.43435
51.59343
51.48423
51.64322
51.53453
51.69314
51.5848
51.74311
51.63448
51.79289
51.68467
51.84288
51.73488
51.89318
51.78496
51.94334
51.83538
51.99347
51.88554
52.04347
51.9356
52.09349
51.98534
52.14389
52.03577
52.19416
52.08547
52.2445
52.13519
52.29417
52.18487
52.34439
52.23468
52.3948
52.28473
52.44456
52.33486
52.49433
52.38508
52.54408
52.43491
52.59385
52.48507
52.64423
52.53554
52.6946
52.58594
52.74426
52.63638
52.79427
52.6866
52.84476
52.73671
52.89472
52.78645
52.94434
52.83623
52.99398
52.88586
53.04361
52.93574
53.09372
52.98619
53.14346
53.03636
53.19387
53.08636
53.24371
53.13672
53.29385
53.18706
53.34407
53.23712
53.39395
53.28713
53.4436
53.3373
53.494
53.38746
53.54433
53.43739
53.59455
53.48899
53.64488
53.53793
53.69479
53.58775
53.7444
53.63766
53.79474
53.68799
53.84513
53.73799
53.89543
53.78803
53.94508
53.83799
53.99508
53.88796
54.04507
53.93778
54.0948
53.98785
54.14521
54.03765
54.19491
54.08749
54.24471
54.13757
54.29457
54.18764
54.34532
54.2377
54.3956
54.28812
54.44584
54.33785
54.49585
54.38778
54.54583
54.43792
54.59627
54.48824
54.64597
54.53831
54.69577
54.58818
54.74553
54.63848
54.79571
54.68862
54.84542
54.73829
54.89531
54.78878
54.94503
54.83916
54.99472
54.8888
55.04508
54.93913
55.09546
54.98899
55.14521
55.03928
55.19557
55.08932
55.24517
55.19001
55.29512
55.24034
55.34531
55.29016
55.39562
55.34033
55.44556
55.39003
55.49537
55.43992
55.54555
55.49001
55.59581
55.5401
55.6459
55.59025
55.69601
55.63992
55.74636
55.69026
55.79648
55.74066
55.8463
55.79102
55.89614
55.8412
55.94645
55.89169
56.04655
55.9414
56.09674
55.99185
56.14709
56.04145
56.19757
56.09134
56.24773
56.14145
56.2976
56.1916
56.34783
56.24134
56.39816
56.29132
56.4483
56.34098
56.49857
56.39072
56.54844
56.44081
56.59828
56.49119
56.64848
56.54132
56.69875
56.59163
56.74841
56.64124
56.79815
56.69151
56.84793
56.74124
56.89835
56.79173
56.94812
56.84141
56.98241
56.88778
57.07806
56.93759
57.12819
56.98706
57.1786
57.03738
57.229
57.08773
57.27948
57.13754
57.32968
57.18719
57.37981
57.23719
57.42988
57.2869
57.4803
57.33738
57.53059
57.38739
57.58074
57.43723
57.63038
57.48749
57.68011
57.53775
57.73008
57.58809
57.77982
57.63798
57.83001
57.68779
57.88032
57.73788
57.93035
57.78758
57.98078
57.83744
58.03048
57.88738
58.08018
57.93732
58.13031
57.98754
58.18032
58.03758
58.23038
58.08759
58.28059
58.13722
58.33091
58.18709
58.3814
58.23674
58.43164
58.28656
58.48206
58.3363
58.53173
58.38634
58.58137
58.43649
58.6312
58.48655
58.68086
58.5364
58.73096
58.58642
58.78146
58.63674
58.83124
58.68661
58.88105
58.73675
58.93131
58.78637
58.98163
58.83603
59.03152
58.88648
59.08146
58.93688
59.13118
58.98664
59.18146
59.03633
59.23185
59.08629
59.28228
59.13667
59.33252
59.18716
59.38297
59.23687
59.43264
59.28673
59.48264
59.3367
59.53291
59.38667
59.58318
59.43648
59.63323
59.4861
59.68323
59.5365
59.73367
59.58693
59.78348
59.63729
59.83338
59.6876
59.88363
59.7375
59.93394
59.78789
59.98385
59.88762
60.0337
59.93749
60.08382
59.98727
60.13347
60.03768
60.18388
60.08752
60.23427
60.13727
60.28437
60.18729
60.3347
60.23719
60.3851
60.28782
60.43534
60.33762
60.48507
60.38748
60.5347
60.43774
60.58508
60.48801
60.63523
60.53768
60.6853
60.58805
60.7356
60.63821
60.78548
60.68801
60.83583
60.73777
60.8856
60.78813
60.93596
60.83819
60.98619
60.8886
61.03653
60.93859
61.08696
60.989
61.13967
61.03934
61.18835
61.08897
61.23882
61.13876
61.28843
61.18886
61.33793
61.2388
61.38822
61.2888
61.43807
61.33878
61.48847
61.3892
61.53809
61.43958
61.58781
61.48999
61.63812
61.54025
61.68819
61.59023
61.73793
61.64061
61.78755
61.6907
61.83762
61.7409
61.88784
61.79125
61.938
61.84097
61.98835
61.89138
62.03874
61.94104
62.08844
61.99078
62.13887
62.04049
62.18919
62.09037
62.23883
62.14082
62.28923
62.19069
62.33965
62.24036
62.38973
62.29016
62.43997
62.34049
62.49038
62.39021
62.54066
62.43989
62.591
62.49028
62.64138
62.54002
62.69112
62.59031
62.7415
62.64069
62.79111
62.69114
62.84138
62.7409
62.8917
62.79124
62.94132
62.84155
62.99104
62.89207
63.04093
62.94177
63.09066
62.9922
63.14092
63.04183
63.19096
63.09233
63.24119
63.14262
63.29099
63.1924
63.34132
63.24276
63.39109
63.29253
63.44134
63.34295
63.49168
63.39337
63.54129
63.44325
63.59168
63.49326
63.64132
63.54368
63.69111
63.59349
63.74089
63.6436
63.79089
63.69396
63.84104
63.74399
63.89131
63.79369
63.94158
63.844
64.04169
63.89386
64.09211
63.94412
64.14185
63.99454
64.19228
64.04482
64.2424
64.09525
64.29256
64.14553
64.34236
64.19582
64.44374
64.2461
64.49222
64.29626
64.5419
64.34587
64.59151
64.39627
64.64127
64.44601
64.69097
64.49578
64.7406
64.53246
64.77067
64.58224
64.80401
64.62854
64.83675
64.67901
64.88467
64.72911
64.92694
64.77921
64.97682
64.8294
65.02723
64.87965
65.07749
64.92927
65.12727
64.97887
65.17759
65.02876
65.22728
65.0785
65.27767
65.12818
65.32761
65.17793
65.37735
65.22779
65.42714
65.27777
65.4772
65.32797
65.52751
65.37757
65.57782
65.42799
65.6282
65.47762
65.65884
65.52465
65.70911
65.55932
65.74441
65.60897
65.79449
65.65879
65.84495
65.70893
65.89459
65.75919
65.94426
65.80939
65.99458
65.85938
66.04491
65.90921
66.0952
65.95923
66.14538
66.00917
66.1952
66.05956
66.24545
66.10976
66.29564
66.15951
66.34588
66.2093
66.39573
66.25912
66.44553
66.30904
66.49567
66.35942
66.54591
66.40904
66.59594
66.45911
66.64605
66.50934
66.69645
66.55936
66.7468
66.60931
66.7971
66.65918
66.84752
66.70888
66.89771
66.75862
66.94802
66.80858
66.99785
66.85884
67.04755
66.90923
67.09776
66.95937
67.13719
67.00976
67.18716
67.06157
67.23753
67.11017
67.28758
67.16064
67.33755
67.21036
67.38762
67.26031
67.43799
67.31054
67.48835
67.36015
67.53801
67.41052
67.58817
67.46073
67.63864
67.51096
67.6885
67.5608
67.73812
67.61109
67.78856
67.66094
67.83829
67.71093
67.88805
67.761
67.93783
67.81079
67.98808
67.86045
68.03784
67.91071
68.08775
67.96106
68.1377
68.01142
68.18811
68.06126
68.23804
68.11168
68.28771
68.16132
68.33801
68.21095
68.38773
68.26099
68.43777
68.311
68.48748
68.36065
68.53761
68.41055
68.58737
68.46093
68.63776
68.51084
68.68816
68.56053
68.73788
68.61079
68.78828
68.66091
68.83869
68.71057
68.8884
68.76066
68.93861
68.8103
68.98833
68.86067
69.03814
68.91038
69.0878
68.96081
69.13794
69.01118
69.1879
69.06091
69.23818
69.1112
69.28841
69.16152
69.3381
69.21165
69.38805
69.26131
69.43801
69.31129
69.48822
69.36129
69.53848
69.41145
69.58837
69.46136
69.63807
69.50445
69.68787
69.55492
69.73827
69.60519
69.77304
69.65492
69.8234
69.70516
69.87307
69.75552
69.923
69.80597
69.97294
69.85638
70.0231
69.90625
70.0728
69.95653
70.12244
70.00678
70.17267
70.05716
70.22308
70.10699
70.27292
70.15722
70.32253
70.20705
70.37263
70.25677
70.42306
70.30711
70.47274
70.3573
70.51678
70.40755
70.56717
70.45772
70.61723
70.5074
70.66743
70.55709
70.7175
70.60751
70.76756
70.65746
70.81772
70.70738
70.86772
70.75713
70.91739
70.80708
70.96742
70.85749
71.01745
70.90797
71.06732
70.95821
71.11697
71.00784
71.16699
71.05814
71.21666
71.10854
71.26698
71.15864
71.31669
71.20877
71.36657
71.25906
71.41644
71.30875
71.46652
71.35847
71.51675
71.40827
71.56638
71.45837
71.61629
71.50809
71.66656
71.55855
71.71665
71.60833
71.7667
71.65829
71.81721
71.70808
71.86768
71.75808
71.91791
71.808
71.96769
71.85773
72.00683
71.90755
72.05665
71.95748
72.1065
72.00773
72.15628
72.05759
72.20657
72.10776
72.25665
72.15778
72.3065
72.20821
72.35643
72.25865
72.40623
72.30878
72.4562
72.35875
72.50641
72.40847
72.55683
72.45821
72.60722
72.50811
72.65755
72.55847
72.70727
72.60811
72.75707
72.65858
72.8074
72.70898
72.85709
72.75911
72.90687
72.80937
72.95673
72.85905
73.00654
72.90887
73.05663
72.95863
73.1068
73.00847
73.15648
73.05894
73.20623
73.10867
73.2559
73.15899
73.30601
73.20859
73.35567
73.25898
73.40541
73.30859
73.45546
73.35844
73.50546
73.40885
73.55582
73.45853
73.60602
73.50826
73.65641
73.55876
73.70667
73.6091
73.75678
73.65919
73.80642
73.70883
73.85667
73.75905
73.90672
73.80872
73.95645
73.8588
74.00654
73.90909
74.0563
73.95946
74.10615
74.00909
74.15654
74.05926
74.20673
74.10983
74.25721
74.16032
74.30701
74.2101
74.35732
74.2598
74.40776
74.30959
74.45777
74.35928
74.50741
74.40965
74.55752
74.4593
74.60785
74.50896
74.65805
74.55872
74.70779
74.60909
74.75758
74.6593
74.80724
74.70911
74.85712
74.75957
74.90697
74.80957
74.95693
74.91008
75.00684
74.96037
75.05663
75.01001
75.10656
75.05989
75.15705
75.11036
75.20676
75.16006
75.25691
75.2104
75.30693
75.26027
75.35677
75.31049
75.40659
75.36042
75.45689
75.41037
75.50698
75.46001
75.55712
75.50969
75.60743
75.55975
75.65771
75.60996
75.70808
75.66015
75.75845
75.70995
75.80835
75.76006
75.85844
75.80985
75.90827
75.86018
75.95818
75.91026
76.0079
75.96055
76.05795
76.01019
76.10795
76.06028
76.15775
76.10994
76.20757
76.15959
76.25757
76.20934
76.30801
76.25938
76.35844
76.30914
76.4085
76.35884
76.45813
76.40882
76.5078
76.45851
76.55788
76.50867
76.60838
76.55915
76.65881
76.60899
76.70847
76.65868
76.75822
76.70877
76.80821
76.75867
76.85797
76.80878
76.908
76.8587
76.95772
76.9091
77.00763
76.95927
77.05783
77.00971
77.1076
77.05945
77.15755
77.1091
77.20755
77.1589
77.25725
77.2087
77.30753
77.26056
77.3572
77.30894
77.40742
77.35909
77.45708
77.40873
77.50703
77.459
77.55668
77.50878
77.6064
77.55869
77.65618
77.60871
77.70626
77.65907
77.75624
77.70869
77.80614
77.75902
77.85632
77.80862
77.90618
77.85833
77.95584
77.90864
78.00578
77.95861
78.05566
78.009
78.10561
78.05929
78.15533
78.10921
78.20513
78.15952
78.255
78.20952
78.30618
78.2597
78.35481
78.30983
78.40488
78.35802
78.45517
78.4061
78.50552
78.4565
78.55547
78.50663
78.60538
78.55698
78.65523
78.6071
78.70497
78.65732
78.75492
78.7075
78.80524
78.7577
78.85529
78.80754
78.8921
78.85764
78.94173
78.90765
78.99139
78.95749
79.04112
79.00749
79.09105
79.05769
79.14119
79.10747
79.19093
79.20735
79.24096
79.25709
79.29083
79.30746
79.34078
79.35747
79.39096
79.40737
79.4408
79.45747
79.49069
79.50781
79.5407
79.55792
79.59066
79.60826
79.64101
79.65856
79.69142
79.70832
79.74124
79.75823
79.79128
79.80808
79.84144
79.85773
79.89143
79.90752
79.94109
79.95721
79.99115
80.00751
80.04111
80.05745
80.09138
80.10719
80.1414
80.15701
80.19135
80.20669
80.24149
80.25632
80.29128
80.30607
80.34155
80.35571
80.39194
80.40621
80.44215
80.45586
80.49236
80.506
80.54214
80.55602
80.59203
80.60587
80.64182
80.65551
80.69143
80.70551
80.74177
80.75526
80.79184
80.80564
80.8415
80.85535
80.89149
80.90579
80.94154
80.9561
80.99149
81.00659
81.09148
81.05632
81.14153
81.10658
81.1915
81.15632
81.24128
81.20597
81.29133
81.25558
81.34106
81.30523
81.39128
81.35487
81.44113
81.40523
81.49059
81.45565
81.54082
81.50565
81.59066
81.55536
81.64038
81.60511
81.69003
81.65504
81.73986
81.7052
81.78999
81.75549
81.83987
81.80586
81.88976
81.85624
81.93961
81.90643
81.9896
81.95606
82.03952
82.00602
82.08994
82.05592
82.13965
82.10593
82.18941
82.15611
82.23921
82.25628
82.28893
82.30666
82.33884
82.35709
82.38859
82.40736
82.43828
82.45772
82.48848
82.50774
82.53887
82.55743
82.58891
82.60729
82.63878
82.65707
82.6886
82.70718
82.73861
82.75694
82.78837
82.80701
82.83872
82.85703
82.88834
82.9068
82.93832
82.95662
82.98798
83.00653
83.03772
83.0562
83.08772
83.10619
83.13797
83.15633
83.18787
83.20675
83.23792
83.2566
83.28816
83.30666
83.33865
83.3568
83.38866
83.40702
83.43909
83.4569
83.48924
83.50737
83.53898
83.55766
83.58945
83.60754
83.63952
83.6577
83.68925
83.70761
83.73895
83.75774
83.78938
83.80774
83.83978
83.85736
83.89011
83.90496
83.94051
83.95353
83.99028
84.00346
84.04053
84.0536
84.09037
84.1031
84.14077
84.15327
84.19044
84.20313
84.24025
84.24718
84.29003
84.2972
84.34048
84.34724
84.39088
84.39693
84.44055
84.44695
84.49104
84.497
84.54108
84.54712
84.59145
84.59708
84.64114
84.6474
84.69147
84.6972
84.74176
84.7476
84.79242
84.7979
84.84277
84.84798
84.89317
84.89804
84.94315
84.94813
84.99307
84.99805
85.04288
85.04781
85.09283
85.0977
85.14292
85.14764
85.1927
85.19741
85.2426
85.24774
85.29249
85.2979
85.34294
85.34803
85.39299
85.39806
85.44339
85.44817
85.49372
85.49847
85.54361
85.54826
85.59365
85.5984
85.63922
85.64843
85.70366
85.6985
85.76688
85.74886
85.79456
85.79873
85.8222
85.84235
85.85056
85.88439
85.93147
85.92866
85.94941
85.96129
85.96461
85.98772
85.97889
86.00716
85.99382
86.02744
86.01635
86.05016
86.03434
86.07562
86.05687
86.09598
86.07754
86.11604
86.11121
86.12979
86.12769
86.14589
86.15193
86.16013
86.1656
86.17116
86.18021
86.18684
86.1888
86.19757
86.20188
86.21106
86.21615
86.22712
86.23248
86.23991
86.24672
86.26519
86.26161
86.28883
86.27437
86.30045
86.29001
86.31573
86.30559
86.32929
86.31721
86.33945
86.32633
86.34785
86.3378
86.36126
86.35088
86.37296
86.36435
86.38132
86.37835
86.39098
86.39059
86.40405
86.40359
86.41562
86.41668
86.42897
86.43127
86.4403
86.44787
86.45589
86.46033
86.46964
86.47621
86.48501
86.48773
86.49909
86.50004
86.51105
86.51379
86.52034
86.5257
86.53175
86.53806
86.54088
86.54923
86.55117
86.56477
86.56396
86.57753
86.57583
86.59141
86.58725
86.6063
86.59903
86.61758
86.61081
86.62801
86.62387
86.64168
86.63511
86.6563
86.64384
86.66681
86.67715
86.67807
86.68565
86.69281
86.70004
86.70506
86.71031
86.71613
86.72065
86.73138
86.73542
86.74314
86.74943
86.75361
86.76422
86.76598
86.77754
86.77306
86.78421
86.7849
86.79758
86.7981
86.80983
86.81118
86.82333
86.82443
86.83195
86.83151
86.84578
86.8424
86.85757
86.85487
86.87198
86.86874
86.88398
86.87594
86.89552
86.88874
86.90752
86.89794
86.91608
86.91222
86.92605
86.92391
86.93827
86.93459
86.94703
86.94543
86.95557
86.95461
86.9641
86.967
86.97591
86.98035
86.98704
86.99014
87.00401
86.9994
87.02183
87.01414
87.03051
87.02327
87.04378
87.03354
87.05571
87.04613
87.06423
87.05827
87.0773
87.0708
87.08731
87.0815
87.09397
87.09338
87.10046
87.1026
87.11381
87.11557
87.13306
87.12874
87.14285
87.13613
87.15154
87.14818
87.16317
87.1588
87.17393
87.1711
87.18431
87.17839
87.20781
87.1943
87.21681
87.20715
87.22581
87.21897
87.23326
87.22992
87.24504
87.24026
87.25358
87.25272
87.26234
87.26553
87.27448
87.27557
87.28651
87.28947
87.29427
87.2997
87.30387
87.30893
87.31051
87.3182
87.31955
87.32986
87.33157
87.34087
87.34244
87.35351
87.3551
87.36316
87.36678
87.37759
87.37708
87.3849
87.39087
87.3952
87.40184
87.4052
87.41056
87.41444
87.42089
87.42373
87.43423
87.43569
87.44312
87.44736
87.45663
87.4618
87.4692
87.47537
87.47884
87.48276
87.49262
87.49683
87.49937
87.5069
87.51337
87.51653
87.52646
87.53013
87.53897
87.5431
87.54776
87.55586
87.56161
87.56997
87.57156
87.58378
87.58144
87.59606
87.59279
87.60632
87.60615
87.61659
87.6185
87.62589
87.62574
87.63512
87.63686
87.64437
87.64403
87.65366
87.6526
87.66517
87.65964
87.67439
87.67108
87.68409
87.6839
87.69684
87.69689
87.71036
87.71104
87.72221
87.72256
87.73145
87.73563
87.74295
87.74827
87.75742
87.76081
87.76664
87.77345
87.77589
87.78677
87.78857
87.79401
87.80038
87.80689
87.80959
87.81712
87.81989
87.82728
87.82909
87.83857
87.83907
87.84982
87.84625
87.85707
87.85548
87.8637
87.8647
87.87054
87.87621
87.88193
87.89718
87.89861
87.91319
87.9129
87.92748
87.92567
87.94064
87.93418
87.95212
87.94145
87.95952
87.95062
87.96875
87.95795
87.97899
87.96515
87.98823
87.97196
87.99744
87.98115
88.00771
87.99033
88.0169
87.99989
88.02429
88.00706
88.03148
88.01623
88.03865
88.02543
88.04582
88.03276
88.05305
88.04286
88.06025
88.05202
88.06744
88.06122
88.07664
88.06836
88.08401
88.07538
88.09505
88.08443
88.10239
88.09736
88.10957
88.10886
88.11677
88.11605
88.12399
88.12773
88.13119
88.1349
88.13838
88.14207
88.14561
88.15123
88.15738
88.15842
88.16765
88.16565
88.18038
88.17488
88.19485
88.18883
88.20658
88.19945
88.21836
88.21376
88.23288
88.22296
88.24091
88.23643
88.25268
88.2504
88.26431
88.26576
88.27158
88.27853
88.27892
88.28914
88.28615
88.3024
88.30594
88.31158
88.31621
88.32114
88.32702
88.32862
88.3415
88.34462
88.3586
88.35642
88.37074
88.36361
88.37991
88.37081
88.39311
88.38474
88.40487
88.39809
88.42025
88.41579
88.43581
88.42502
88.44572
88.44455
88.46108
88.45618
88.4748
88.47902
88.48211
88.48941
88.50123
88.51775
88.51093
88.52782
88.52587
88.54459
88.54182
88.56065
88.55611
88.57401
88.57729
88.58662
88.59029
88.6016
88.60564
88.61935
88.62404
88.63632
88.63536
88.64934
88.65475
88.66193
88.66584
88.67582
88.68334
88.68478
88.6968
88.701
88.71269
88.71106
88.72011
88.72137
88.73294
88.73285
88.74027
88.74315
88.75408
88.75737
88.76864
88.77322
88.78551
88.7934
88.80997
88.812
88.82095
88.83475
88.84991
88.85361
88.86172
88.88181
88.89824
88.90572
88.91964
88.93018
88.95046
88.95028
88.96662
88.97195
88.98844
88.99101
89.00793
89.01087
89.02226
89.02625
89.03513
89.04341
89.04741
89.05553
89.05804
89.07001
89.08144
89.07732
89.09106
89.0948
89.10297
89.10572
89.11168
89.11926
89.12316
89.13005
89.1385
89.14333
89.16212
89.15588
89.1693
89.1634
89.17849
89.17314
89.1877
89.18504
89.19686
89.19548
89.20402
89.20744
89.21314
89.21674
89.22033
89.22414
89.22952
89.2346
89.24123
89.24719
89.25148
89.25474
89.2617
89.27059
89.27673
89.28094
89.28928
89.29272
89.30133
89.31678
89.31167
89.3286
89.32581
89.34038
89.33496
89.34767
89.34423
89.35507
89.35759
89.36238
89.3649
89.37591
89.37394
89.38766
89.38116
89.39799
89.39039
89.41067
89.40358
89.42241
89.41611
89.4327
89.42336
89.44194
89.43256
89.44934
89.4418
89.4586
89.45206
89.46783
89.46127
89.47707
89.46845
89.48734
89.47763
89.49476
89.48502
89.50504
89.49689
89.51247
89.50754
89.52411
89.51675
89.53338
89.52415
89.54266
89.5334
89.556
89.54366
89.56351
89.55629
89.57793
89.56354
89.58538
89.57372
89.5994
89.58929
89.60972
89.5986
89.62079
89.61393
89.63007
89.62385
89.63937
89.63654
89.65273
89.64683
89.66443
89.65858
89.67364
89.67196
89.68703
89.68223
89.69849
89.69379
89.70589
89.70882
89.71658
89.71983
89.73
89.72906
89.7403
89.74082
89.75269
89.75536
89.76445
89.76851
89.77473
89.78116
89.78506
89.79146
89.79953
89.80491
89.80882
89.81811
89.82224
89.83073
89.83289
89.84129
89.84458
89.84966
89.85798
89.87611
89.87963
89.88393
89.89553
89.89768
89.90588
89.91115
89.9185
89.92385
89.92713
89.93535
89.93639
89.94636
89.94563
89.95581
89.96416
89.96517
89.9734
89.9726
89.98062
89.98445
89.98784
89.99389
89.99712
