0.007453964
0.007695769
0.02032019
0.02408919
0.03490721
0.032414
0.04731973
0.04276582
0.06122965
0.05327798
0.07291914
0.06413206
0.08690616
0.07503584
0.101385
0.08690239
0.1138532
0.1037311
0.125749
0.112266
0.1343717
0.1208954
0.1465488
0.132668
0.1604128
0.1454717
0.1696985
0.1580236
0.1822079
0.170142
0.1953181
0.1839583
0.2067013
0.1979016
0.2182802
0.2098867
0.2272115
0.2185012
0.2403565
0.227501
0.2517045
0.2409005
0.2654268
0.2527671
0.2740058
0.2618005
0.28657
0.2732541
0.2979029
0.2876099
0.3044866
0.3004742
0.3131008
0.3136219
0.3276319
0.3266899
0.3374484
0.3332922
0.3498813
0.3450815
0.3594934
0.3566188
0.3744742
0.3652226
0.3865991
0.3744976
0.3990757
0.3891472
0.4126652
0.398472
0.423115
0.4071633
0.4353688
0.4185526
0.4440201
0.4312523
0.4506266
0.4437625
0.4632305
0.4563643
0.4796345
0.4654496
0.4915736
0.4764307
0.5002444
0.4896468
0.5149584
0.4981628
0.5268456
0.5049444
0.5363787
0.5140503
0.5494016
0.5252085
0.5590449
0.5382607
0.5683484
0.5473331
0.5749779
0.5635391
0.58874
0.572197
0.6013523
0.5839988
0.609977
0.5929259
0.6245581
0.6045318
0.6424347
0.6149605
0.6567759
0.627477
0.671334
0.6398641
0.6817316
0.6485974
0.6947083
0.663693
0.7080815
0.6784132
0.7214723
0.6913503
0.734947
0.7009107
0.7480947
0.7141373
0.7605922
0.73046
0.7691755
0.7413197
0.7794629
0.7479368
0.7890418
0.7595571
0.8015934
0.7685423
0.8113744
0.777115
0.825895
0.7875252
0.8399071
0.8006813
0.8536049
0.816758
0.8665732
0.831445
0.8817458
0.8400452
0.8929247
0.849357
0.9033642
0.8579425
0.9162095
0.86669
0.9292988
0.8806418
0.9422964
0.8932728
0.9533316
0.9052807
0.9641981
0.9142829
0.978562
0.92772
0.9905347
0.9385365
1.004562
0.9502652
1.017036
0.962742
1.030142
0.9713958
1.042354
0.9848666
1.0532
0.9993474
1.064129
1.008132
1.07636
1.019739
1.087291
1.029261
1.099503
1.041715
1.110857
1.052317
1.123367
1.067552
1.135232
1.080658
1.145289
1.096712
1.153937
1.110072
1.165601
1.122111
1.174214
1.128794
1.180822
1.139877
1.19092
1.149304
1.199557
1.158937
1.208833
1.168418
1.215461
1.179326
1.227733
1.19007
1.236358
1.199084
1.242935
1.208017
1.249362
1.22335
1.258833
1.229969
1.270137
1.238683
1.280699
1.249383
1.294008
1.258775
1.300759
1.267445
1.309365
1.277657
1.31839
1.284243
1.327008
1.291016
1.335598
1.300434
1.342358
1.310971
1.353407
1.317548
1.360032
1.326148
1.370682
1.336404
1.377266
1.347014
1.386942
1.353614
1.395588
1.364213
1.406232
1.370799
1.417031
1.379365
1.426014
1.38614
1.432585
1.398534
1.439164
1.408069
1.450897
1.416725
1.459582
1.426767
1.467148
1.436787
1.473723
1.443368
1.48249
1.451975
1.493629
1.460572
1.505229
1.469311
1.516791
1.482327
1.523562
1.494038
1.529961
1.503663
1.536554
1.512279
1.545538
1.518862
1.552094
1.527698
1.558694
1.536545
1.565113
1.543278
1.57408
1.549872
1.584093
1.559032
1.590715
1.565811
1.601071
1.576863
1.610003
1.585477
1.61896
1.594102
1.62919
1.603606
1.638599
1.610191
1.648892
1.618866
1.66046
1.627466
1.667044
1.63403
1.67615
1.640609
1.68475
1.650339
1.69342
1.660338
1.702073
1.669009
1.711266
1.680135
1.72292
1.686875
1.731559
1.695875
1.74099
1.706043
1.747552
1.712799
1.754127
1.721706
1.762692
1.732343
1.771339
1.74239
1.777939
1.748971
1.788656
1.758259
1.797524
1.767925
1.806947
1.778918
1.81553
1.78566
1.822272
1.792233
1.830957
1.800933
1.841673
1.809512
1.850277
1.81812
1.859739
1.827711
1.866316
1.838325
1.874945
1.846923
1.883518
1.855539
1.892142
1.862139
1.898707
1.868539
1.905482
1.874991
1.91604
1.886206
1.924688
1.89486
1.931256
1.901772
1.937821
1.908334
1.949258
1.915109
1.956187
1.924059
1.964753
1.932671
1.971339
1.939429
1.980003
1.948381
1.986793
1.957003
1.999142
1.963633
2.011515
1.974403
2.020888
1.985043
2.029806
1.996699
2.038399
2.005332
2.050541
2.013911
2.061772
2.022448
2.070886
2.029436
2.07748
2.042565
2.08607
2.054658
2.094995
2.063489
2.103609
2.070241
2.113396
2.078826
2.12285
2.087659
2.131418
2.100765
2.13798
2.111003
2.144381
2.119667
2.152976
2.129691
2.163818
2.138693
2.170415
2.14736
2.179684
2.155972
2.186417
2.162583
2.193017
2.171201
2.201617
2.179892
2.211875
2.186467
2.220416
2.196578
2.229416
2.207067
2.235982
2.217919
2.242389
2.226702
2.251015
2.235689
2.261034
2.24431
2.269659
2.253399
2.278309
2.260199
2.286929
2.269451
2.293727
2.281838
2.304121
2.288757
2.312744
2.297371
2.321374
2.304113
2.330016
2.312699
2.340999
2.319262
2.351259
2.325835
2.360082
2.334437
2.368738
2.34302
2.378532
2.351659
2.387173
2.362178
2.397748
2.374932
2.404337
2.38537
2.414381
2.391932
2.42547
2.400572
2.435605
2.407301
2.446251
2.413864
2.454879
2.420464
2.4615
2.433223
2.471012
2.442032
2.479564
2.451888
2.48631
2.460836
2.496593
2.473382
2.505518
2.482773
2.514111
2.489348
2.520676
2.498366
2.527299
2.508195
2.536256
2.516768
2.543005
2.523526
2.552785
2.534378
2.559383
2.540928
2.565788
2.547346
2.574543
2.555904
2.586343
2.562706
2.593139
2.574444
2.603866
2.58306
2.612536
2.589818
2.621077
2.59906
2.627677
2.608022
2.636231
2.616641
2.642806
2.625259
2.651458
2.631859
2.660189
2.638451
2.667129
2.647023
2.679376
2.653581
2.686128
2.66021
2.695407
2.669727
2.704453
2.678316
2.711188
2.686916
2.719742
2.697926
2.728735
2.707259
2.738675
2.715839
2.748989
2.724425
2.757605
2.731034
2.764176
2.742556
2.773133
2.751881
2.783474
2.763643
2.794673
2.770412
2.80433
2.783058
2.812992
2.79163
2.821579
2.798391
2.828371
2.807049
2.838787
2.81559
2.848268
2.82424
2.854837
2.832915
2.863464
2.8447
2.874703
2.853422
2.881263
2.863789
2.887851
2.874968
2.899459
2.881522
2.908404
2.888098
2.916931
2.894554
2.923723
2.901121
2.934139
2.909742
2.940708
2.9163
2.949472
2.9227
2.956049
2.931387
2.964626
2.941712
2.971186
2.948291
2.977565
2.95832
2.984138
2.967286
2.993159
2.977255
3.001737
2.988898
3.008498
2.995519
3.019454
3.004748
3.028093
3.013361
3.034832
3.02255
3.043376
3.031187
3.052066
3.039818
3.061467
3.048408
3.068021
3.057053
3.07459
3.066219
3.083225
3.072778
3.091916
3.07934
3.098469
3.085744
3.107202
3.094385
3.115776
3.101319
3.122335
3.109885
3.131289
3.118451
3.139868
3.125022
3.151119
3.131447
3.157821
3.138184
3.166386
3.144918
3.174984
3.153471
3.1835
3.16005
3.190121
3.166621
3.200498
3.173011
3.211979
3.179409
3.222599
3.187967
3.229201
3.196583
3.237836
3.206289
3.244401
3.21285
3.252963
3.221426
3.264583
3.230012
3.273519
3.238688
3.282525
3.245249
3.289091
3.253848
3.297723
3.260473
3.306633
3.269117
3.315232
3.277702
3.323798
3.286354
3.330369
3.294937
3.336767
3.305832
3.345386
3.312399
3.355318
3.318983
3.361932
3.327575
3.374237
3.334316
3.380997
3.342869
3.39059
3.352017
3.397158
3.360563
3.405714
3.367114
3.414215
3.373674
3.420797
3.380047
3.43189
3.386445
3.440419
3.392848
3.446992
3.401414
3.455498
3.411581
3.462116
3.424297
3.471493
3.436313
3.482691
3.447113
3.493976
3.457179
3.505975
3.4638
3.512527
3.474752
3.521044
3.485902
3.530927
3.495111
3.539498
3.501674
3.548958
3.50827
3.557514
3.517426
3.566062
3.525978
3.576882
3.538196
3.588653
3.544767
3.597513
3.553643
3.604084
3.567091
3.612655
3.5757
3.622479
3.584614
3.632358
3.593203
3.640826
3.60314
3.647393
3.612778
3.659149
3.621777
3.670626
3.628417
3.684176
3.637977
3.692775
3.64891
3.703381
3.664068
3.709925
3.67311
3.716365
3.681928
3.727371
3.688501
3.735972
3.69707
3.748991
3.708009
3.760622
3.716842
3.771705
3.728023
3.780257
3.736562
3.790502
3.749218
3.801856
3.759308
3.81079
3.771822
3.819852
3.780353
3.828789
3.790728
3.839162
3.799399
3.852038
3.813006
3.861675
3.825021
3.868246
3.833572
3.876771
3.840137
3.885304
3.846556
3.897625
3.855766
3.90615
3.864297
3.917479
3.872817
3.926655
3.884825
3.93588
3.900133
3.947416
3.911202
3.956151
3.922372
3.970213
3.928998
3.978788
3.939073
3.988082
3.948687
3.998514
3.964104
4.007454
3.970905
4.015974
3.984685
4.02452
3.994058
4.033153
4.008143
4.045692
4.019412
4.055021
4.031864
4.066165
4.041657
4.077408
4.052749
4.089543
4.066521
4.099118
4.080336
4.107682
4.092768
4.116276
4.099368
4.12603
4.105806
4.134607
4.11501
4.144369
4.123956
4.15285
4.135926
4.159308
4.145542
4.169385
4.152134
4.180652
4.163155
4.193374
4.172075
4.204651
4.182802
4.215641
4.191466
4.227496
4.203651
4.236242
4.216568
4.248502
4.227101
4.258508
4.241084
4.270704
4.249627
4.283243
4.258286
4.300305
4.267019
4.312286
4.280158
4.326165
4.292416
4.339836
4.301964
4.351706
4.318465
4.364048
4.33209
4.376564
4.347983
4.390141
4.357892
4.402242
4.371685
4.41714
4.383085
4.425771
4.396422
4.43997
4.407207
4.453712
4.419865
4.465874
4.434475
4.479864
4.447483
4.493638
4.459629
4.509033
4.475051
4.520113
4.492089
4.533545
4.507534
4.548968
4.521982
4.562084
4.53595
4.572778
4.548756
4.586176
4.5646
4.602615
4.578676
4.619279
4.593059
4.633699
4.603351
4.648476
4.616061
4.662137
4.629621
4.675224
4.641883
4.683959
4.653885
4.697375
4.667557
4.710492
4.686215
4.725931
4.696892
4.739793
4.710219
4.751569
4.72892
4.767865
4.744424
4.780432
4.762342
4.794708
4.778671
4.804633
4.795485
4.81966
4.81255
4.835391
4.83112
4.846826
4.84468
4.857086
4.861678
4.874482
4.874392
4.900627
4.88959
4.907893
4.902946
4.922259
4.914689
4.937426
4.934189
4.947202
4.947555
4.963504
4.975421
4.980371
4.992414
4.995141
5.004149
5.008836
5.022143
5.024163
5.036553
5.040011
5.051147
5.057877
5.066142
5.073135
5.080806
5.087482
5.097456
5.101189
5.112812
5.118163
5.135919
5.132565
5.151135
5.154814
5.167117
5.168435
5.179839
5.189924
5.191978
5.203211
5.203989
5.220253
5.219705
5.237219
5.233338
5.258687
5.250869
5.277555
5.265864
5.295738
5.286934
5.318669
5.299249
5.337558
5.315121
5.356291
5.3338
5.377823
5.348281
5.400156
5.36897
5.418158
5.390946
5.436131
5.404809
5.451851
5.431964
5.472422
5.449006
5.486867
5.466918
5.505625
5.482992
5.526954
5.497846
5.543555
5.522604
5.561626
5.543077
5.58555
5.563641
5.601856
5.596673
5.62336
5.611236
5.647982
5.635206
5.665956
5.659207
5.684885
5.687261
5.71473
5.705262
5.727555
5.725897
5.754086
5.761074
5.775123
5.789106
5.789858
5.807052
5.813003
5.83534
5.843867
5.865315
5.86935
5.892568
5.892595
5.910662
5.932688
5.954059
5.956621
5.979137
5.993415
6.015176
6.01639
6.043446
6.042261
6.076289
6.077282
6.122515
6.109588
6.153364
6.142075
6.192774
6.179613
6.220973
6.210482
6.244908
6.239616
6.272128
6.269518
6.304036
6.293473
6.332502
6.335848
6.360197
6.367082
6.395378
6.417456
6.457912
6.462471
6.506858
6.511722
6.599554
6.562144
6.647234
6.612043
6.697258
6.661969
6.743017
6.711784
6.793233
6.762142
6.839907
6.81154
6.890097
6.861806
6.939983
6.911938
6.989614
6.961871
7.039919
7.011911
7.090106
7.062043
7.140354
7.162265
7.190632
7.212396
7.240706
7.262688
7.291042
7.313041
7.341443
7.362784
7.391087
7.412579
7.440881
7.462323
7.491087
7.512715
7.54108
7.562575
7.591442
7.612987
7.641442
7.662775
7.691095
7.712426
7.741242
7.762212
7.790975
7.812023
7.841369
7.862456
7.891233
7.912832
7.940957
7.962572
7.991426
8.012313
8.041825
8.062634
8.091618
8.112302
8.141426
8.16218
8.191767
8.262318
8.242232
8.311982
8.2921
8.411712
8.34182
8.461446
8.391606
8.511086
8.44123
8.56097
8.490985
8.660637
8.540984
8.710865
8.59075
8.760614
8.640827
8.810773
8.691056
8.91124
8.741127
8.961555
8.790861
9.011868
8.840556
9.06156
8.940462
9.111901
8.990088
9.16208
9.040392
9.211812
9.090382
9.261476
9.140272
9.311095
9.190518
9.361547
9.240809
9.411292
9.291283
9.461483
9.391547
9.511357
9.44177
9.561152
9.491907
9.610884
9.541711
9.661333
9.592039
9.711085
9.642185
9.76087
9.691833
9.811796
9.743266
9.861147
9.792428
9.911475
9.842312
9.961443
9.892521
10.01185
9.942358
10.06214
9.99229
10.11252
10.04191
10.16235
10.09194
10.21259
10.14198
10.26234
10.19206
10.31271
10.24192
10.3628
10.29222
10.41313
10.34199
10.46299
10.39213
10.51337
10.44205
10.56359
10.49231
10.61393
10.54246
10.66377
10.59232
10.7134
10.64236
10.76341
10.69237
10.81327
10.74201
10.86351
10.7923
10.91326
10.84198
10.96372
10.94231
11.0137
10.99198
11.06354
11.04178
11.11316
11.09179
11.16347
11.14159
11.21317
11.19151
11.26337
11.24165
11.31347
11.29182
11.36322
11.34161
11.41344
11.39194
11.46316
11.44169
11.51345
11.49156
11.56333
11.54168
11.61318
11.59183
11.66356
11.64188
11.71332
11.69224
11.76319
11.74189
11.81312
11.79222
11.8631
11.84188
11.9129
11.89231
11.96296
11.94211
12.01331
11.99223
12.06365
12.04213
12.10196
12.08352
12.15197
12.13373
12.20234
12.18349
12.25261
12.23377
12.30282
12.28363
12.35257
12.33407
12.40229
12.38449
12.45267
12.43423
12.50269
12.4841
12.55244
12.53379
12.60234
12.58373
12.65278
12.6334
12.70322
12.68373
12.75349
12.73414
12.80389
12.78445
12.8536
12.83474
12.90384
12.8846
12.95369
12.93456
13.00404
12.985
13.05408
13.03489
13.10414
13.08528
13.1545
13.13562
13.2049
13.18517
13.25515
13.23548
13.30463
13.28565
13.35501
13.33568
13.40549
13.38554
13.45532
13.43587
13.50502
13.48551
13.55486
13.53601
13.60533
13.58603
13.65529
13.63604
13.70559
13.68614
13.75602
13.73612
13.80566
13.78633
13.85593
13.83658
13.90576
13.88645
13.95581
13.93637
14.00628
13.98603
14.05627
14.03643
14.10632
14.08653
14.20632
14.13658
14.25665
14.18666
14.30691
14.23692
14.35731
14.28705
14.40759
14.33692
14.45724
14.38719
14.50746
14.43697
14.55781
14.48705
14.60808
14.58658
14.65848
14.63651
14.70843
14.68661
14.75883
14.73644
14.80856
14.78657
14.85841
14.83643
14.90834
14.8863
14.95878
14.93595
15.00913
14.98629
15.05918
15.03656
15.10921
15.08656
15.15925
15.13699
15.20934
15.18732
15.25959
15.23765
15.30967
15.28798
15.35986
15.33829
15.40963
15.38867
15.45956
15.43843
15.55992
15.48825
15.60983
15.53849
15.66024
15.5884
15.70991
15.63858
15.75973
15.68902
15.80937
15.73937
15.85917
15.7897
15.90921
15.84
15.95938
15.88974
16.00945
15.94017
16.05962
15.99024
16.10997
16.04062
16.16005
16.09106
16.21021
16.14137
16.26032
16.19148
16.3103
16.24162
16.36077
16.2913
16.41115
16.3412
16.46155
16.39163
16.51191
16.44196
16.56211
16.49236
16.61198
16.5425
16.66181
16.59207
16.71148
16.64183
16.76128
16.69222
16.8109
16.74195
16.86114
16.7918
16.91161
16.84206
16.9613
16.89227
17.01154
16.94189
17.06193
16.99175
17.11182
17.04162
17.16201
17.09208
17.2122
17.14235
17.26266
17.19269
17.3129
17.243
17.36308
17.29352
17.41303
17.34339
17.46275
17.39362
17.50282
17.4438
17.55301
17.49377
17.60306
17.5436
17.65296
17.59348
17.7034
17.64361
17.75353
17.69328
17.80393
17.74319
17.85426
17.79321
17.90475
17.84306
17.95499
17.8933
18.00514
17.94287
18.05538
17.99303
18.10538
18.04297
18.15514
18.09312
18.205
18.1428
18.25481
18.19286
18.30467
18.24306
18.35439
18.29272
18.40468
18.34287
18.45481
18.3932
18.50508
18.44311
18.55542
18.4934
18.60508
18.54353
18.65479
18.59327
18.70465
18.64359
18.75505
18.69366
18.80488
18.74389
18.85524
18.79429
18.90499
18.84417
18.95547
18.89428
19.00559
18.94406
19.0558
18.9945
19.10612
19.04432
19.15634
19.09404
19.20654
19.14447
19.25647
19.1943
19.30656
19.24419
19.35646
19.29443
19.40677
19.34463
19.45673
19.3945
19.50682
19.44424
19.55716
19.49405
19.60742
19.5443
19.65718
19.5947
19.70762
19.64508
19.75778
19.69525
19.80779
19.74541
19.85793
19.7955
19.90829
19.8453
19.95886
19.89504
20.00872
19.94506
20.05877
19.99523
20.10816
20.04468
20.15796
20.09467
20.20824
20.1444
20.25831
20.19476
20.30861
20.24463
20.35875
20.2945
20.40924
20.34493
20.45917
20.39522
20.50882
20.4454
20.55907
20.49506
20.60949
20.54522
20.65947
20.59529
20.70961
20.64522
20.75934
20.69499
20.80971
20.74509
20.85941
20.79475
20.90929
20.84503
20.95975
20.89519
21.00974
20.94561
21.06004
20.99599
21.11041
21.04646
21.16076
21.09636
21.21077
21.14609
21.26074
21.19579
21.31056
21.24615
21.36057
21.29609
21.41053
21.34654
21.4602
21.39642
21.5107
21.44641
21.56059
21.49671
21.61085
21.54692
21.6611
21.59701
21.7109
21.64728
21.76055
21.6974
21.81075
21.74713
21.86061
21.7973
21.91102
21.84704
21.96106
21.89737
22.0108
21.94713
22.06083
21.99724
22.11102
22.04734
22.16129
22.09761
22.21141
22.1479
22.26159
22.19827
22.31195
22.248
22.36166
22.29817
22.41191
22.34786
22.46205
22.44779
22.51233
22.49752
22.56208
22.54757
22.61248
22.59764
22.66238
22.64786
22.71261
22.698
22.76299
22.7483
22.81311
22.79862
22.86333
22.84869
22.9088
22.89889
22.95917
22.94869
23.00913
22.99898
23.05937
23.04891
23.10937
23.09939
23.15919
23.14899
23.20907
23.19943
23.25937
23.24979
23.30952
23.3001
23.35923
23.35236
23.40796
23.40071
23.45958
23.44144
23.5087
23.4917
23.55887
23.54142
23.60873
23.59138
23.65809
23.64158
23.70773
23.69145
23.75772
23.7414
23.80775
23.79104
23.85744
23.84151
23.90759
23.89202
23.95805
23.94241
24.00435
23.9923
24.05451
24.04234
24.10472
24.09209
24.15511
24.14227
24.20511
24.19228
24.25543
24.24242
24.30517
24.29276
24.35557
24.34262
24.40572
24.39234
24.45591
24.4425
24.50621
24.49276
24.55589
24.54266
24.60582
24.59303
24.65608
24.64329
24.70591
24.69367
24.75611
24.74367
24.80591
24.8442
24.85636
24.89421
24.90676
24.94403
24.9564
24.99371
25.00663
25.04374
25.05697
25.09389
25.10669
25.14428
25.1572
25.19449
25.20756
25.24436
25.25754
25.29399
25.30739
25.34435
25.40801
25.39434
25.45824
25.44401
25.50863
25.4938
25.55883
25.54413
25.60862
25.59415
25.65874
25.64454
25.70896
25.69491
25.75875
25.74521
25.80906
25.79561
25.85948
25.84578
25.90945
25.89585
25.95936
25.94547
26.00972
25.99538
26.10933
26.0454
26.15956
26.09508
26.20929
26.14474
26.25959
26.1952
26.30993
26.24546
26.41
26.29519
26.45995
26.34505
26.51
26.39514
26.56008
26.44504
26.60972
26.4948
26.65972
26.54357
26.70982
26.5936
26.75946
26.64385
26.80973
26.6939
26.85983
26.74438
26.90977
26.79473
26.96015
26.84613
27.00974
26.89488
27.05937
26.94495
27.1096
26.99492
27.15974
27.04521
27.20996
27.09569
27.26026
27.1459
27.31033
27.1959
27.36047
27.24559
27.41011
27.29563
27.46006
27.34604
27.51033
27.39645
27.56064
27.44619
27.6107
27.49644
27.66093
27.54637
27.71057
27.5964
27.7608
27.64622
27.81126
27.6959
27.86097
27.74605
27.91085
27.79638
27.96058
27.84654
28.01089
27.89669
28.06137
27.94693
28.11141
27.99696
28.16151
28.04687
28.21137
28.09723
28.26184
28.14714
28.31171
28.19709
28.36195
28.24687
28.41212
28.29688
28.4624
28.34697
28.51254
28.39655
28.56297
28.44262
28.61141
28.49306
28.66152
28.54188
28.7113
28.59168
28.76128
28.6418
28.81163
28.69182
28.86164
28.74213
28.9113
28.7921
28.96155
28.84206
29.01188
28.89182
29.06224
28.94182
29.11197
28.99199
29.16188
29.04206
29.21224
29.09183
29.26223
29.14199
29.31241
29.1918
29.36249
29.24162
29.4122
29.29159
29.46233
29.34167
29.51222
29.39145
29.56253
29.44194
29.61227
29.49205
29.66222
29.54241
29.71194
29.59225
29.76199
29.64194
29.81241
29.69241
29.86239
29.74258
29.91179
29.79244
29.96186
29.84251
30.01161
29.88926
30.06143
29.93968
30.10143
29.98979
30.14547
30.03943
30.19024
30.08977
30.23239
30.13346
30.28224
30.18381
30.33234
30.22251
30.3824
30.27253
30.43264
30.32247
30.4847
30.37273
30.53355
30.42309
30.58358
30.47351
30.63375
30.52505
30.68408
30.57416
30.73375
30.62439
30.78408
30.67492
30.83379
30.72439
30.88359
30.77438
30.93332
30.82413
30.98371
30.87392
31.03415
30.9239
31.08458
30.97363
31.13507
31.02378
31.18477
31.07412
31.23479
31.12379
31.28492
31.17415
31.33529
31.22452
31.3852
31.2749
31.43514
31.32512
31.48531
31.37481
31.53531
31.4245
31.58524
31.47425
31.63551
31.52449
31.68591
31.57469
31.7364
31.62458
31.78684
31.67492
31.88679
31.72472
31.93696
31.77478
31.98711
31.82523
32.03677
31.87229
32.08373
31.91354
32.11484
31.96384
32.16497
32.01394
32.21486
32.06423
32.26529
32.11435
32.31515
32.16468
32.36541
32.21503
32.41534
32.26529
32.46522
32.31561
32.51505
32.36584
32.56531
32.41616
32.61557
32.46627
32.6655
32.51657
32.71537
32.56694
32.76515
32.61667
32.81504
32.66703
32.86544
32.71687
32.91562
32.76656
32.96589
32.81683
33.01558
32.86709
33.06561
32.91735
33.11551
32.96782
33.16544
33.01753
33.21547
33.06735
33.26583
33.11702
33.316
33.16734
33.36634
33.21754
33.41641
33.26732
33.46652
33.31775
33.51642
33.36745
33.56612
33.41759
33.61649
33.46766
33.66668
33.56789
33.71696
33.61797
33.76714
33.66808
33.81776
33.71792
33.86772
33.76801
33.91806
33.81791
33.96774
33.86795
34.01782
33.91995
34.06786
33.96786
34.11772
34.01808
34.1676
34.06833
34.21748
34.11831
34.26794
34.16821
34.31774
34.21313
34.36756
34.2633
34.41789
34.31332
34.46778
34.36377
34.51814
34.41346
34.56859
34.46354
34.61821
34.51392
34.66845
34.56412
34.71867
34.61451
34.76838
34.66418
34.81815
34.71379
34.86859
34.76427
34.91886
34.81398
34.96919
34.86393
35.01953
34.91403
35.06992
34.96386
35.11959
35.01392
35.16945
35.06366
35.2194
35.11396
35.26984
35.16438
35.32007
35.21456
35.37044
35.2645
35.42007
35.31485
35.47027
35.36478
35.52026
35.41525
35.57053
35.46558
35.62094
35.56558
35.67097
35.61592
35.72138
35.66571
35.7711
35.71545
35.82073
35.76512
35.8708
35.81525
35.92113
35.86496
35.97091
35.91458
36.02065
35.96505
36.07053
36.01476
36.1203
36.06462
36.17025
36.11448
36.22025
36.16463
36.27062
36.21468
36.32082
36.26443
36.37063
36.3149
36.42086
36.36522
36.47062
36.41502
36.52098
36.46482
36.57103
36.51502
36.6207
36.5655
36.67099
36.61537
36.72129
36.66534
36.77118
36.71534
36.82131
36.76503
36.87129
36.81548
36.9216
36.86513
36.97129
36.91487
37.02111
36.96514
37.07109
37.01529
37.12116
37.06498
37.17109
37.11495
37.22083
37.16528
37.27117
37.21729
37.32116
37.26582
37.37154
37.31581
37.42194
37.36554
37.47209
37.41592
37.52227
37.46572
37.57189
37.51549
37.62236
37.56515
37.67207
37.61517
37.77226
37.66552
37.82267
37.71601
37.87279
37.76625
37.92254
37.81604
37.9729
37.86631
38.02301
37.91671
38.07263
37.96654
38.12255
38.01678
38.17249
38.06672
38.22255
38.11673
38.27262
38.16704
38.32261
38.21747
38.37233
38.26719
38.4222
38.31718
38.47188
38.36706
38.52169
38.41732
38.57214
38.46779
38.62245
38.51779
38.67265
38.56817
38.72285
38.6186
38.77298
38.66822
38.8232
38.71804
38.87321
38.76804
38.92292
38.81786
38.97333
38.86811
39.02371
38.9179
39.07399
38.96764
39.12364
39.01736
39.17385
39.0673
39.22391
39.1175
39.27398
39.16715
39.32398
39.21722
39.37373
39.26751
39.40847
39.31719
39.45825
39.36716
39.5081
39.41716
39.55797
39.46677
39.60805
39.51501
39.65794
39.56474
39.69351
39.60368
39.74398
39.64619
39.76875
39.68352
39.80542
39.7163
39.83264
39.76044
39.88227
39.7979
39.90344
39.82795
39.93224
39.86898
39.96958
39.90983
40.01316
39.96011
40.06318
40.00998
40.11302
40.05963
40.16322
40.10618
40.21363
40.15658
40.2639
40.20662
40.31411
40.25644
40.36419
40.3063
40.41405
40.35624
40.46437
40.40635
40.51443
40.45628
40.56458
40.50657
40.61475
40.55648
40.66443
40.60693
40.71561
40.65682
40.76463
40.70722
40.81424
40.75694
40.86425
40.80681
40.9143
40.85705
40.96425
40.90676
41.01427
40.95709
41.0639
41.00703
41.11383
41.05688
41.16371
41.10695
41.21363
41.15708
41.26371
41.2072
41.31334
41.25701
41.34958
41.29959
41.39984
41.34952
41.45008
41.39987
41.5002
41.44979
41.55048
41.49978
41.6006
41.55005
41.65103
41.59974
41.70147
41.64992
41.75167
41.70042
41.80183
41.75081
41.85181
41.80087
41.90173
41.85122
41.95216
41.90095
42.00227
41.95114
42.05201
42.00153
42.102
42.05154
42.1521
42.10161
42.20179
42.15168
42.25194
42.20157
42.30165
42.25168
42.35199
42.30153
42.402
42.35183
42.45245
42.40217
42.50213
42.45216
42.55233
42.5023
42.60218
42.55239
42.65249
42.60244
42.70272
42.65218
42.75284
42.7024
42.80255
42.75212
42.85292
42.80246
42.90298
42.85265
42.95347
42.90239
43.00348
42.95284
43.05318
43.00249
43.10352
43.05286
43.1534
43.10297
43.20387
43.15279
43.25421
43.20319
43.30391
43.25365
43.3542
43.30362
43.40444
43.35403
43.45436
43.40401
43.50446
43.45401
43.55479
43.50417
43.60519
43.55442
43.65564
43.60462
43.70572
43.65478
43.75577
43.70498
43.80593
43.75529
43.85626
43.80516
43.90644
43.85478
43.95618
43.90498
44.00611
43.95531
44.05663
44.00501
44.10673
44.05471
44.15693
44.10445
44.20692
44.15477
44.25633
44.20525
44.30659
44.25493
44.35653
44.3054
44.40664
44.35464
44.45651
44.40495
44.50612
44.45529
44.55655
44.50502
44.6061
44.55511
44.65602
44.60519
44.70589
44.6548
44.75602
44.70521
44.80577
44.75529
44.85584
44.80547
44.90581
44.85556
44.9555
44.90556
45.00587
44.95592
45.05597
45.00592
45.10583
45.05554
45.15614
45.10595
45.20635
45.15615
45.25597
45.25674
45.30628
45.30695
45.35591
45.35688
45.40554
45.40685
45.4556
45.45676
45.50562
45.50654
45.55551
45.55652
45.60548
45.60667
45.65568
45.65671
45.70603
45.70664
45.75619
45.75687
45.85599
45.8066
45.9063
45.85694
45.95634
45.9068
46.0062
45.95693
46.05616
46.00739
46.1066
46.05706
46.15623
46.10695
46.20615
46.15661
46.256
46.20685
46.30568
46.25694
46.35547
46.30688
46.4052
46.35714
46.45542
46.40693
46.50515
46.45693
46.55561
46.50726
46.60526
46.55765
46.65508
46.60726
46.70493
46.65706
46.75515
46.70726
46.80505
46.75704
46.85474
46.8073
46.90469
46.85707
46.95507
46.90742
47.00514
46.95753
47.05553
47.00777
47.10555
47.05816
47.15544
47.10792
47.20586
47.15838
47.25554
47.20877
47.3056
47.25872
47.35604
47.30865
47.40613
47.3587
47.4567
47.40851
47.50692
47.45845
47.55701
47.5089
47.60674
47.55901
47.65701
47.60933
47.707
47.65896
47.75717
47.7089
47.80677
47.75918
47.8566
47.80929
47.90651
47.85929
47.95689
47.90929
48.00729
47.95923
48.057
48.00961
48.10673
48.05962
48.1572
48.10992
48.20753
48.16031
48.25726
48.21061
48.3069
48.26044
48.35653
48.31005
48.40625
48.36051
48.45652
48.41017
48.50671
48.46056
48.5565
48.51034
48.60639
48.56013
48.65684
48.6099
48.70649
48.65963
48.75681
48.70961
48.80698
48.76004
48.85679
48.8098
48.90691
48.85959
48.95669
48.91002
49.00652
48.96045
49.05621
49.01077
49.10638
49.06042
49.15643
49.11081
49.20611
49.16103
49.25584
49.21109
49.30563
49.26142
49.35557
49.31114
49.40544
49.36147
49.45514
49.41129
49.50544
49.46167
49.55553
49.51178
49.60521
49.56142
49.65502
49.61188
49.70519
49.66235
49.75484
49.71273
49.80456
49.76322
49.85422
49.86348
49.90463
49.91312
49.95507
49.96305
50.00494
50.01286
50.05473
50.06259
50.1047
50.11234
50.15432
50.16231
50.20477
50.21257
50.25512
50.26238
50.305
50.31211
50.3554
50.36227
50.40509
50.41246
50.45488
50.46284
50.50523
50.51245
50.55541
50.56271
50.60558
50.61273
50.65587
50.66299
50.7054
50.71327
50.75559
50.76374
50.80602
50.81394
50.85644
50.8636
50.90675
50.91364
50.95698
50.96333
51.00692
51.0137
51.05715
51.06399
51.10719
51.1143
51.1573
51.16446
51.20754
51.21466
51.25768
51.26511
51.30766
51.31499
51.35754
51.36529
51.45719
51.41557
51.50758
51.46524
51.55727
51.51545
51.60699
51.56579
51.65687
51.61552
51.70733
51.66526
51.75751
51.71496
51.85834
51.76535
51.90851
51.81503
51.95852
51.86478
52.0087
51.91517
52.05877
51.96505
52.1084
52.01477
52.15845
52.065
52.20891
52.11483
52.25857
52.16525
52.3089
52.21502
52.35866
52.26542
52.40844
52.31511
52.45864
52.36522
52.50858
52.41527
52.55883
52.46564
52.60918
52.51608
52.65926
52.5665
52.70912
52.61689
52.75937
52.66718
52.80919
52.71689
52.85902
52.76662
52.90951
52.81623
52.95984
52.86663
53.01025
52.917
53.06031
52.96684
53.11041
53.01729
53.16075
53.06756
53.21062
53.11783
53.26094
53.16825
53.31074
53.21793
53.36068
53.25506
53.4104
53.30536
53.46056
53.35526
53.51101
53.40546
53.5615
53.45556
53.61195
53.5052
53.66193
53.55481
53.71207
53.60522
53.76214
53.65561
53.81271
53.70594
53.86297
53.75625
53.91352
53.85702
53.96337
53.90668
54.01316
53.95721
54.06316
54.00705
54.11296
54.05715
54.16286
54.10673
54.21281
54.15646
54.26261
54.20626
54.31268
54.25594
54.36255
54.30627
54.41219
54.35608
54.46228
54.40624
54.51199
54.45601
54.56211
54.50586
54.6118
54.55579
54.66209
54.60586
54.71248
54.65601
54.76237
54.70624
54.81278
54.75653
54.86315
54.80627
54.91313
54.8567
54.96281
54.907
55.01261
54.95671
55.06301
55.00711
55.11265
55.05699
55.16313
55.10678
55.21347
55.15667
55.2631
55.20698
55.3133
55.2568
55.36368
55.30658
55.41386
55.35682
55.46426
55.40645
55.51433
55.45685
55.56443
55.50713
55.6147
55.55704
55.66504
55.60715
55.71504
55.65742
55.7654
55.70753
55.81507
55.75785
55.8653
55.80762
55.91566
55.85783
55.96566
55.90797
56.01571
55.95817
56.06551
56.00796
56.11587
56.05798
56.16631
56.10769
56.2161
56.15772
56.26632
56.20804
56.31597
56.25808
56.36585
56.30851
56.41618
56.3585
56.46618
56.40863
56.51589
56.45903
56.56571
56.50923
56.61533
56.55947
56.66508
56.60983
56.71475
56.6598
56.76437
56.70951
56.86425
56.75914
56.91444
56.80954
56.96422
56.85997
57.01565
56.9103
57.06437
56.96054
57.09938
57.01035
57.14915
57.06017
57.19929
57.11033
57.24927
57.16047
57.29905
57.21056
57.34925
57.2609
57.39967
57.31143
57.45002
57.36176
57.50027
57.41116
57.55064
57.46095
57.60037
57.51126
57.65047
57.56163
57.70058
57.61136
57.75021
57.66168
57.80036
57.71194
57.85034
57.76229
57.90041
57.81255
57.95053
57.86238
58.00077
57.91248
58.05103
57.96232
58.10109
58.01215
58.1513
58.06187
58.20157
58.11212
58.25174
58.16214
58.30201
58.21201
58.35223
58.26199
58.40225
58.31228
58.45266
58.36258
58.50286
58.41228
58.55249
58.46251
58.60268
58.51274
58.65294
58.56319
58.70335
58.61347
58.75373
58.66373
58.80396
58.7136
58.85373
58.76379
58.90365
58.81386
58.95382
58.86392
59.00409
58.91426
59.05414
58.96437
59.10439
59.01404
59.15452
59.06384
59.20448
59.11359
59.25478
59.16397
59.30447
59.214
59.3542
59.26377
59.40393
59.31416
59.45387
59.36405
59.50415
59.41446
59.55391
59.46432
59.60366
59.51476
59.65394
59.56476
59.70385
59.61506
59.75352
59.66509
59.80346
59.71539
59.8536
59.76526
59.90324
59.81557
59.95332
59.86552
60.00352
59.91579
60.05327
60.01565
60.10312
60.06605
60.15347
60.11652
60.20391
60.16685
60.25416
60.21704
60.30383
60.26715
60.35418
60.31701
60.40471
60.36751
60.45442
60.41721
60.50459
60.46704
60.55451
60.51688
60.60442
60.56668
60.65419
60.61716
60.70423
60.66754
60.75408
60.71729
60.8037
60.76664
60.8541
60.81695
60.90425
60.86721
60.95418
60.91746
61.00438
60.96707
61.05457
61.0169
61.10465
61.06736
61.15491
61.117
61.20502
61.16743
61.25536
61.21776
61.30584
61.2674
61.35557
61.31713
61.40522
61.36695
61.45562
61.41723
61.50583
61.46694
61.55544
61.51712
61.60588
61.56701
61.65627
61.61742
61.70594
61.6678
61.7561
61.71748
61.80648
61.76768
61.85684
61.818
61.90731
61.86834
61.95764
61.91882
62.00777
61.96907
62.05777
62.01949
62.10794
62.06914
62.15759
62.11954
62.2072
62.16945
62.2569
62.21918
62.30659
62.26885
62.35626
62.31893
62.40626
62.36928
62.45625
62.41954
62.50615
62.46939
62.55609
62.51958
62.606
62.56981
62.65587
62.6197
62.70587
62.67012
62.7556
62.71981
62.80561
62.77013
62.85593
62.81997
62.90621
62.87026
62.9566
62.92059
63.00655
62.97099
63.05653
63.02069
63.10666
63.0704
63.15712
63.12086
63.20687
63.17066
63.25654
63.22057
63.30641
63.2702
63.35671
63.32023
63.40711
63.37
63.45755
63.4203
63.50747
63.4706
63.55773
63.52039
63.60812
63.57077
63.65786
63.62102
63.70814
63.6707
63.75865
63.72044
63.80863
63.77017
63.85834
63.82059
63.90874
63.87028
63.95887
63.92046
64.00906
63.97072
64.0593
64.02056
64.10947
64.07009
64.15964
64.12058
64.20997
64.17032
64.26013
64.22076
64.30984
64.27116
64.3595
64.32079
64.40926
64.37051
64.45898
64.42091
64.50938
64.47061
64.55917
64.52055
64.60958
64.57072
64.65939
64.62107
64.70969
64.67113
64.75939
64.7215
64.80899
64.7557
64.84496
64.80283
64.88429
64.84128
64.92204
64.89124
64.96391
64.93177
65.01356
64.98164
65.06348
65.0319
65.1133
65.08152
65.16338
65.13135
65.21369
65.18127
65.2633
65.23097
65.31303
65.28079
65.3635
65.33052
65.41391
65.38055
65.46402
65.43045
65.51404
65.48073
65.56444
65.5308
65.61469
65.58109
65.66443
65.63125
65.71427
65.66941
65.76009
65.70694
65.81051
65.75068
65.85468
65.80102
65.90498
65.8508
65.95531
65.90083
66.00562
65.95103
66.05573
66.0014
66.10582
66.05122
66.15591
66.10152
66.20602
66.15182
66.25602
66.20178
66.30629
66.25227
66.35672
66.30234
66.40636
66.3528
66.45633
66.40305
66.50607
66.45305
66.55628
66.50268
66.60589
66.55298
66.65562
66.60291
66.7058
66.65334
66.75546
66.70341
66.80539
66.75317
66.8554
66.80321
66.90562
66.85281
66.95601
66.90244
67.00594
66.95238
67.05631
67.0027
67.10611
67.05272
67.15593
67.10297
67.20567
67.15298
67.25565
67.20292
67.30555
67.25103
67.35605
67.30083
67.40587
67.3507
67.45573
67.40072
67.50574
67.4511
67.55554
67.50118
67.60522
67.55112
67.65561
67.60136
67.70599
67.65162
67.75639
67.70172
67.80684
67.75216
67.85713
67.80212
67.90694
67.85183
67.95731
67.9017
68.007
67.95148
68.05736
68.00112
68.1073
68.05152
68.15765
68.10125
68.20737
68.15115
68.25761
68.20164
68.3073
68.25151
68.35767
68.30131
68.40737
68.35171
68.45706
68.40218
68.50665
68.45222
68.55633
68.50249
68.60611
68.55237
68.65598
68.60278
68.70596
68.65282
68.75591
68.70289
68.80636
68.75334
68.85608
68.8037
68.90569
68.85414
68.9557
68.90411
69.00597
68.95373
69.05632
69.00401
69.10596
69.0544
69.15638
69.104
69.20607
69.15403
69.25616
69.20369
69.30665
69.25367
69.35674
69.30396
69.40678
69.35402
69.45705
69.40424
69.50681
69.45415
69.5568
69.50428
69.60683
69.55233
69.6568
69.60221
69.70638
69.65232
69.75643
69.70256
69.80636
69.75214
69.84951
69.80228
69.89942
69.85199
69.94974
69.90168
69.9994
69.95153
70.0491
70.00122
70.09882
70.10106
70.14917
70.15155
70.19961
70.20141
70.24988
70.25121
70.29949
70.30093
70.34921
70.35075
70.39901
70.40038
70.44933
70.45006
70.49902
70.50018
70.54926
70.55011
70.59928
70.59994
70.64955
70.65034
70.69972
70.70007
70.74821
70.7504
70.79828
70.80021
70.84798
70.85026
70.89811
70.90019
70.94782
70.95043
70.99766
71.00031
71.04803
71.05073
71.09814
71.1003
71.14794
71.15083
71.19777
71.2005
71.24818
71.25034
71.29855
71.30004
71.34898
71.34993
71.39882
71.40015
71.449
71.45049
71.4988
71.50029
71.549
71.55056
71.59867
71.60098
71.64845
71.65072
71.69834
71.70073
71.74832
71.75037
71.79871
71.8005
71.84858
71.85016
71.89594
71.89991
71.94627
71.94855
71.9966
71.99835
72.04654
72.04858
72.09659
72.09846
72.14647
72.14857
72.1963
72.19888
72.24637
72.24857
72.29681
72.2989
72.34672
72.34895
72.39686
72.39857
72.44699
72.44862
72.49665
72.49897
72.54637
72.54877
72.59605
72.59838
72.64651
72.64815
72.69633
72.69801
72.74596
72.74797
72.79589
72.79829
72.84631
72.84863
72.89605
72.89867
72.94619
72.94903
72.99625
72.99937
73.04672
73.04955
73.09717
73.09935
73.14766
73.14904
73.1973
73.19904
73.24742
73.24944
73.29754
73.29942
73.34723
73.3492
73.39708
73.39915
73.44734
73.44877
73.49703
73.49908
73.5467
73.54916
73.59717
73.59895
73.64748
73.64859
73.69717
73.69888
73.74698
73.74915
73.79661
73.79925
73.84704
73.84956
73.89684
73.8997
73.9465
73.95
73.99669
73.99966
74.047
74.05008
74.09667
74.10049
74.14656
74.15028
74.1963
74.20001
74.24664
74.25046
74.29674
74.30089
74.34636
74.35102
74.39658
74.40141
74.44679
74.45171
74.4971
74.50188
74.5471
74.55217
74.5971
74.60402
74.6468
74.65298
74.69716
74.70328
74.74689
74.75308
74.79682
74.80272
74.84714
74.85321
74.89742
74.9034
74.94711
74.95378
74.99748
75.00407
75.04729
75.05431
75.09695
75.10406
75.14673
75.15384
75.19721
75.20377
75.24768
75.25379
75.29745
75.30392
75.34788
75.35385
75.39774
75.40377
75.44754
75.50364
75.49799
75.55346
75.54766
75.60387
75.59737
75.65425
75.64712
75.70431
75.69681
75.7545
75.74702
75.80415
75.79745
75.85426
75.84787
75.90443
75.89801
75.95488
75.94832
76.00446
75.99833
76.05421
76.04819
76.10452
76.09791
76.15429
76.14793
76.20404
76.19786
76.25397
76.24804
76.30363
76.29817
76.35341
76.34811
76.40319
76.39785
76.45303
76.44753
76.50334
76.49778
76.55302
76.54742
76.6033
76.59757
76.65337
76.64731
76.70303
76.69699
76.75336
76.74691
76.80302
76.79738
76.85323
76.84733
76.90291
76.89718
76.95313
76.94738
77.0029
76.99716
77.05261
77.04704
77.10297
77.09717
77.15315
77.14745
77.25271
77.19753
77.30295
77.24744
77.35309
77.29778
77.40304
77.34798
77.4529
77.39791
77.50262
77.44822
77.55227
77.50032
77.60202
77.54865
77.65193
77.59848
77.70189
77.64825
77.75362
77.69822
77.80225
77.74822
77.85253
77.79829
77.90225
77.84845
77.95208
77.89827
78.0023
77.9481
78.05239
77.99774
78.10276
78.04736
78.15295
78.09773
78.20272
78.14814
78.25253
78.198
78.30228
78.24773
78.35212
78.29781
78.40253
78.33059
78.43507
78.38028
78.47873
78.42995
78.57913
78.48
78.62914
78.52997
78.67963
78.57976
78.72937
78.62946
78.77957
78.6798
78.82968
78.73013
78.87994
78.78017
78.9287
78.82661
78.97898
78.87643
79.02937
78.92687
79.07973
78.97651
79.13007
79.02625
79.18027
79.0762
79.23032
79.12626
79.28027
79.17589
79.33039
79.22605
79.38026
79.27576
79.43071
79.32573
79.48064
79.37547
79.53079
79.42516
79.58046
79.47555
79.68084
79.526
79.73049
79.57615
79.7804
79.62587
79.83066
79.67599
79.88038
79.72624
79.93056
79.77658
79.98069
79.827
80.03062
79.87705
80.08096
79.92725
80.13099
79.97711
80.18098
80.02699
80.23116
80.07664
80.28128
80.12696
80.3313
80.17667
80.38169
80.22687
80.43188
80.27654
80.48192
80.32684
80.53185
80.37682
80.5817
80.42659
80.63208
80.47639
80.68197
80.52624
80.73211
80.5764
80.78191
80.62699
80.83221
80.67683
80.88236
80.72713
80.93247
80.77704
80.98203
80.82723
81.0319
80.87729
81.08176
80.92748
81.13161
80.97757
81.23169
81.02792
81.28167
81.07784
81.3316
81.12824
81.38123
81.1779
81.43097
81.22762
81.48093
81.27728
81.5308
81.32764
81.58101
81.37754
81.61455
81.42797
81.66475
81.4777
81.71449
81.52737
81.76469
81.57784
81.81453
81.62828
81.86428
81.67831
81.91407
81.7283
81.96409
81.77835
82.01382
81.82851
82.06349
81.87894
82.11393
81.92921
82.16401
81.97897
82.21372
82.02885
82.26365
82.07863
82.31355
82.12827
82.36339
82.17815
82.41344
82.22858
82.46394
82.27834
82.51385
82.32816
82.56378
82.37815
82.61373
82.42854
82.66379
82.47823
82.71365
82.52863
82.76398
82.57849
82.81405
82.62843
82.86391
82.67816
82.91395
82.728
82.96426
82.77812
83.0145
82.82801
83.06479
82.87788
83.1151
82.92776
83.16499
82.97793
83.21464
83.02773
83.26454
83.07761
83.31432
83.12732
83.36393
83.17728
83.41397
83.22754
83.46378
83.27795
83.5135
83.32838
83.56332
83.3784
83.61303
83.42846
83.66279
83.47836
83.71243
83.52876
83.76286
83.57852
83.81272
83.62821
83.86263
83.67825
83.91273
83.72797
83.963
83.7777
84.01284
83.82732
84.06263
83.87713
84.11242
83.92714
84.16225
84.02683
84.21255
84.07657
84.26243
84.12627
84.31221
84.17599
84.3625
84.22626
84.41251
84.2762
84.46255
84.37553
84.51257
84.47559
84.56251
84.52598
84.61258
84.57586
84.66234
84.67638
84.71223
84.72652
84.762
84.77646
84.8121
84.82623
84.86184
84.87597
84.91174
84.92596
84.9617
84.97582
85.01214
85.02551
85.0623
85.07553
85.11194
85.12556
85.16245
85.17525
85.21276
85.22504
85.26306
85.27476
85.31277
85.32491
85.36319
85.37505
85.41363
85.42545
85.46387
85.47542
85.51361
85.52536
85.5633
85.57551
85.61354
85.62585
85.66362
85.67602
85.71341
85.72609
85.76329
85.77597
85.81343
85.82595
85.86341
85.87531
85.91316
85.92554
85.96316
86.00378
86.01296
86.05304
86.05696
86.1029
86.1069
86.14517
86.15682
86.17546
86.19471
86.21513
86.23975
86.25317
86.27755
86.31883
86.31048
86.34032
86.34682
86.35586
86.36486
86.37396
86.38735
86.39114
86.4114
86.41347
86.43575
86.42731
86.45562
86.4593
86.47736
86.47822
86.50102
86.50059
86.52862
86.53675
86.55468
86.55046
86.57808
86.57983
86.59815
86.60794
86.62167
86.63419
86.6432
86.65137
86.65979
86.66403
86.67589
86.6779
86.68941
86.69256
86.70426
86.70576
86.72074
86.72857
86.73397
86.7407
86.74694
86.75497
86.76182
86.76936
86.77728
86.78015
86.79168
86.80889
86.80737
86.82195
86.82477
86.83624
86.84295
86.8493
86.85861
86.86333
86.87263
86.87473
86.88892
86.88919
86.896
86.9054
86.91513
86.92163
86.92919
86.93697
86.94746
86.95068
86.95847
86.96279
86.97233
86.97573
86.98606
86.99243
87.00021
87.00475
87.01441
87.0202
87.02928
87.03699
87.04115
87.05896
87.05701
87.07649
87.06688
87.09143
87.07957
87.10909
87.09194
87.12463
87.10735
87.17998
87.12086
87.19513
87.12981
87.28374
87.1448
87.29634
87.15858
87.30367
87.17047
87.36842
87.18601
87.38998
87.19887
87.40495
87.21325
87.41889
87.22774
87.46667
87.23981
87.4762
87.25578
87.49375
87.26854
87.50346
87.2837
87.51438
87.29859
87.52662
87.31087
87.54031
87.3243
87.55209
87.34032
87.56337
87.35747
87.57295
87.36963
87.58775
87.38097
87.60195
87.39026
87.61279
87.40017
87.62782
87.41014
87.64105
87.41754
87.65163
87.42683
87.66206
87.43973
87.67348
87.4512
87.68278
87.4634
87.69569
87.47697
87.70593
87.48759
87.71909
87.50219
87.72654
87.51144
87.73579
87.52487
87.74505
87.53663
87.75248
87.54922
87.76431
87.55654
87.77583
87.56794
87.78755
87.57825
87.79681
87.58694
87.80605
87.60016
87.81528
87.60939
87.82553
87.61893
87.83573
87.62617
87.8431
87.63641
87.85339
87.64362
87.86528
87.65284
87.87681
87.66211
87.89201
87.67227
87.91135
87.68147
87.92308
87.68887
87.93652
87.70245
87.94719
87.7116
87.96219
87.72462
87.96953
87.73714
87.97874
87.74435
87.98899
87.75607
87.99641
87.76577
88.00566
87.775
88.01678
87.78847
88.02419
87.80109
88.03344
87.81344
88.04504
87.82349
88.05534
87.83271
88.0656
87.84007
88.07484
87.9566
88.08654
87.98886
88.10017
87.9992
88.11043
88.00672
88.11967
88.01712
88.1314
88.02763
88.13877
88.04166
88.14581
88.05173
88.15304
88.06216
88.1633
88.07151
88.17252
88.08116
88.18176
88.11333
88.1945
88.12659
88.20728
88.14993
88.21678
88.16085
88.23244
88.17356
88.24334
88.18743
88.2545
88.23979
88.26907
88.25377
88.28164
88.26839
88.29674
88.28706
88.30596
88.31152
88.32039
88.32349
88.33167
88.33691
88.34196
88.34724
88.35116
88.36501
88.36287
88.37726
88.37309
88.38963
88.38213
88.4031
88.3922
88.41582
88.3996
88.43039
88.41237
88.44364
88.42924
88.45994
88.43909
88.49072
88.45323
88.50331
88.47104
88.52996
88.48432
88.54935
88.50037
88.57144
88.51292
88.58212
88.53311
88.59474
88.56094
88.61336
88.57362
88.6237
88.59974
88.64319
88.61427
88.6601
88.65173
88.67292
88.67027
88.68814
88.69064
88.70022
88.70313
88.71056
88.71849
88.72424
88.72713
88.73687
88.73452
88.74625
88.74383
88.75802
88.75977
88.77196
88.77009
88.78707
88.78347
88.80416
88.80727
88.82198
88.81526
88.83498
88.84173
88.8632
88.856
88.87916
88.88929
88.90145
88.91643
88.92178
88.94558
88.94421
88.96166
88.9696
88.98637
88.99408
89.00415
89.0089
89.02289
89.03458
89.03635
89.04294
89.0499
89.06424
89.06236
89.07541
89.07417
89.08262
89.08698
89.1023
89.10046
89.11404
89.11386
89.12677
89.1275
89.136
89.1392
89.14628
89.14845
89.15544
89.15757
89.16271
89.17189
89.17295
89.18182
89.18317
89.18903
89.19343
89.20344
89.20979
89.21262
89.21695
89.21996
89.22415
89.22919
89.23333
89.24171
89.24069
89.25199
89.25022
89.26543
89.26302
89.27876
89.28871
89.29125
89.30218
89.30666
89.3158
89.31778
89.32921
89.32704
89.33981
89.3363
89.34718
89.3503
89.35448
89.35956
89.36851
89.37132
89.37778
89.38163
89.39114
89.39561
89.40147
89.40591
89.41071
89.41866
89.41998
89.42892
89.43213
89.43818
89.44137
89.44957
89.45164
89.45683
89.46098
89.46604
89.47343
89.47326
89.48679
89.48351
89.49604
89.49081
89.50344
89.50385
89.5127
89.51708
89.52197
89.53072
89.53329
89.54472
89.54501
89.55725
89.55693
89.56651
89.56622
89.57806
89.57545
89.58836
89.59244
89.60104
89.60272
89.61137
89.6237
89.62472
89.64021
89.6339
89.65051
89.64709
89.66228
89.65939
89.67492
89.67489
89.68519
89.68974
89.69554
89.69729
89.70803
89.71442
89.7219
89.72427
89.7354
89.73765
89.74567
89.75085
89.75495
89.76301
89.7695
89.77888
89.78133
89.78719
89.79317
89.80225
89.80177
89.81449
89.81441
89.83134
89.82475
89.83855
89.83988
89.85358
89.8549
89.86761
89.87067
89.87881
89.88316
89.89225
89.89563
89.90327
89.90942
89.91485
89.91867
89.92803
89.93134
89.93802
89.93873
89.94968
89.94798
89.96148
89.9583
89.97418
89.97092
89.98479
89.98016
89.99571
89.9919
