0.007697955
0.007453964
0.02409742
0.02032019
0.03154962
0.03490721
0.04207017
0.04731973
0.05401584
0.06122965
0.06561946
0.07291914
0.07855064
0.08690616
0.09089547
0.101385
0.09754995
0.1138532
0.1102623
0.125749
0.1236036
0.1343717
0.1339617
0.1465488
0.1434051
0.1604128
0.1557966
0.1696985
0.1649257
0.1822079
0.1788087
0.1953181
0.1917209
0.2067013
0.2005288
0.2182802
0.2142266
0.2272115
0.227751
0.2403565
0.2343279
0.2517045
0.2407591
0.2654268
0.2526755
0.2740058
0.2645611
0.28657
0.2759335
0.2979029
0.2885998
0.3044866
0.3004184
0.3131008
0.3102496
0.3276319
0.3220511
0.3374484
0.3335507
0.3498813
0.3460777
0.3594934
0.3587396
0.3744742
0.367804
0.3865991
0.3798102
0.3990757
0.3884912
0.4126652
0.3993264
0.423115
0.4120031
0.4353688
0.4250779
0.4440201
0.4371569
0.4506266
0.4460898
0.4632305
0.4582145
0.4796345
0.468783
0.4915736
0.4802098
0.5002444
0.4920887
0.5149584
0.5031553
0.5268456
0.5117551
0.5363787
0.5225465
0.5494016
0.531221
0.5590449
0.544677
0.5683484
0.5565373
0.5749779
0.5707453
0.58874
0.5845384
0.6013523
0.5967279
0.609977
0.6111735
0.6245581
0.6241421
0.6567759
0.6386103
0.671334
0.6532869
0.6817316
0.6673951
0.6947083
0.6814177
0.7080815
0.6919445
0.7214723
0.7054421
0.734947
0.7167813
0.7480947
0.7298851
0.7605922
0.738589
0.7691755
0.7503034
0.7794629
0.7630571
0.7890418
0.7741862
0.8015934
0.7837504
0.8113744
0.7927316
0.825895
0.8042169
0.8399071
0.8167811
0.8536049
0.830483
0.8665732
0.84167
0.8817458
0.8502594
0.8929247
0.8588825
0.9033642
0.86748
0.9162095
0.8799423
0.9292988
0.8931271
0.9422964
0.902125
0.9533316
0.917581
0.9641981
0.9301866
0.978562
0.9402826
0.9905347
0.9547216
1.004562
0.9680526
1.017036
0.9814148
1.030142
0.9938144
1.042354
1.002414
1.0532
1.014966
1.064129
1.027176
1.07636
1.041111
1.087291
1.051936
1.099503
1.065167
1.110857
1.073783
1.123367
1.086104
1.135232
1.098512
1.145289
1.113324
1.153937
1.12643
1.165601
1.139565
1.174214
1.155115
1.180822
1.166852
1.19092
1.176612
1.199557
1.18667
1.208833
1.196193
1.215461
1.202785
1.227733
1.211378
1.236358
1.220674
1.242935
1.229313
1.249362
1.240144
1.258833
1.248698
1.270137
1.255277
1.280699
1.263849
1.294008
1.270766
1.300759
1.277377
1.309365
1.290276
1.31839
1.301028
1.327008
1.313142
1.335598
1.326465
1.342358
1.333248
1.353407
1.341873
1.360032
1.350874
1.370682
1.357445
1.377266
1.364072
1.386942
1.375407
1.395588
1.381982
1.406232
1.38854
1.417031
1.394988
1.426014
1.403607
1.432585
1.41234
1.439164
1.421313
1.450897
1.429939
1.459582
1.436512
1.467148
1.443072
1.473723
1.449664
1.48249
1.458566
1.493629
1.465339
1.505229
1.473919
1.516791
1.480657
1.523562
1.487067
1.529961
1.495719
1.536554
1.504234
1.545538
1.513129
1.552094
1.522035
1.558694
1.531339
1.565113
1.53792
1.57408
1.54652
1.584093
1.553072
1.590715
1.559649
1.601071
1.56627
1.610003
1.576204
1.61896
1.582792
1.62919
1.591605
1.638599
1.604844
1.648892
1.61346
1.66046
1.622039
1.667044
1.63067
1.67615
1.63927
1.68475
1.647843
1.69342
1.654426
1.702073
1.665769
1.711266
1.672715
1.72292
1.682969
1.731559
1.689535
1.74099
1.699358
1.747552
1.705933
1.754127
1.714516
1.762692
1.721106
1.771339
1.732601
1.777939
1.741178
1.788656
1.747924
1.797524
1.756467
1.806947
1.763067
1.81553
1.769638
1.822272
1.776033
1.830957
1.782437
1.841673
1.791116
1.850277
1.797729
1.859739
1.806268
1.866316
1.81482
1.874945
1.824266
1.883518
1.830865
1.892142
1.837463
1.898707
1.84709
1.905482
1.855642
1.91604
1.8624
1.924688
1.8688
1.931256
1.8752
1.937821
1.883799
1.949258
1.89091
1.956187
1.899533
1.964753
1.908114
1.971339
1.918528
1.980003
1.927363
1.986793
1.937642
1.999142
1.944198
2.011515
1.95079
2.020888
1.962494
2.029806
1.97246
2.038399
1.98097
2.050541
1.987731
2.061772
1.996305
2.070886
2.004916
2.07748
2.013907
2.08607
2.022582
2.094995
2.035494
2.103609
2.046177
2.113396
2.052814
2.12285
2.063589
2.131418
2.073852
2.13798
2.083026
2.144381
2.09318
2.152976
2.101842
2.163818
2.108426
2.170415
2.118613
2.179684
2.125196
2.186417
2.13504
2.193017
2.146569
2.201617
2.158195
2.211875
2.169422
2.220416
2.175995
2.229416
2.184569
2.235982
2.191305
2.242389
2.197759
2.251015
2.209127
2.261034
2.215717
2.269659
2.2243
2.278309
2.233379
2.286929
2.244179
2.293727
2.252766
2.304121
2.261393
2.312744
2.270088
2.321374
2.281374
2.330016
2.291106
2.340999
2.297894
2.351259
2.30648
2.360082
2.316412
2.368738
2.327231
2.378532
2.338058
2.387173
2.346645
2.397748
2.355226
2.404337
2.362178
2.414381
2.370715
2.42547
2.377642
2.435605
2.387242
2.446251
2.395817
2.454879
2.402573
2.4615
2.412287
2.471012
2.421656
2.479564
2.432583
2.48631
2.441174
2.496593
2.449828
2.505518
2.458524
2.514111
2.467167
2.520676
2.475857
2.527299
2.484813
2.536256
2.493506
2.543005
2.502612
2.552785
2.516297
2.559383
2.52322
2.565788
2.532161
2.574543
2.540755
2.586343
2.547511
2.593139
2.558572
2.603866
2.567184
2.612536
2.575765
2.621077
2.584362
2.627677
2.59092
2.636231
2.597345
2.642806
2.60372
2.651458
2.610145
2.660189
2.61932
2.667129
2.62792
2.679376
2.637038
2.686128
2.645605
2.695407
2.654213
2.704453
2.662829
2.711188
2.674319
2.719742
2.682891
2.728735
2.689647
2.738675
2.699584
2.748989
2.706341
2.757605
2.715784
2.764176
2.725297
2.773133
2.734284
2.783474
2.740919
2.794673
2.749744
2.80433
2.756304
2.812992
2.762718
2.821579
2.769119
2.828371
2.777749
2.838787
2.787622
2.848268
2.799084
2.854837
2.807678
2.863464
2.816223
2.874703
2.822777
2.881263
2.829215
2.887851
2.838017
2.899459
2.846583
2.908404
2.853154
2.916931
2.861754
2.923723
2.870347
2.934139
2.878976
2.940708
2.885536
2.949472
2.891936
2.956049
2.898551
2.964626
2.907167
2.971186
2.915715
2.977565
2.924306
2.984138
2.930907
2.993159
2.939433
3.001737
2.946175
3.008498
2.955972
3.019454
2.962559
3.028093
2.969137
3.034832
2.979046
3.043376
2.985972
3.052066
2.99498
3.061467
3.001742
3.068021
3.012736
3.07459
3.021333
3.083225
3.027912
3.091916
3.034312
3.098469
3.040876
3.107202
3.047428
3.115776
3.05398
3.122335
3.060612
3.131289
3.072099
3.139868
3.078646
3.151119
3.085046
3.157821
3.093632
3.166386
3.102208
3.174984
3.108775
3.1835
3.117612
3.190121
3.130696
3.200498
3.139214
3.211979
3.147776
3.222599
3.156488
3.229201
3.165148
3.237836
3.171711
3.244401
3.180275
3.252963
3.186844
3.264583
3.195596
3.273519
3.204494
3.282525
3.213098
3.297723
3.224537
3.306633
3.233109
3.315232
3.239667
3.323798
3.246232
3.330369
3.252621
3.336767
3.259022
3.345386
3.267842
3.355318
3.274423
3.361932
3.283004
3.374237
3.289556
3.380997
3.296375
3.39059
3.310241
3.397158
3.318756
3.405714
3.327359
3.414215
3.335907
3.420797
3.34484
3.43189
3.355944
3.440419
3.366208
3.446992
3.372775
3.455498
3.381341
3.462116
3.387908
3.471493
3.3965
3.482691
3.405143
3.493976
3.411691
3.505975
3.418264
3.512527
3.429142
3.521044
3.435707
3.530927
3.444558
3.539498
3.451146
3.548958
3.462538
3.557514
3.471683
3.566062
3.481879
3.576882
3.490687
3.588653
3.500795
3.597513
3.509305
3.604084
3.518996
3.612655
3.527538
3.622479
3.539356
3.632358
3.547967
3.640826
3.558158
3.647393
3.570089
3.659149
3.578616
3.670626
3.588945
3.684176
3.601059
3.692775
3.611745
3.703381
3.6228
3.709925
3.634
3.716365
3.642467
3.727371
3.649035
3.735972
3.660568
3.748991
3.669101
3.760622
3.677637
3.771705
3.690022
3.780257
3.698603
3.790502
3.708226
3.801856
3.719836
3.81079
3.728463
3.819852
3.740391
3.828789
3.749302
3.839162
3.762395
3.852038
3.773955
3.861675
3.7837
3.868246
3.795096
3.876771
3.802034
3.885304
3.814994
3.897625
3.823967
3.90615
3.836016
3.917479
3.844529
3.926655
3.853739
3.93588
3.867333
3.947416
3.877738
3.956151
3.886265
3.970213
3.895211
3.978788
3.905875
3.988082
3.914408
3.998514
3.927189
4.007454
3.941297
4.015974
3.951095
4.02452
3.96303
4.033153
3.969604
4.045692
3.976601
4.055021
3.991677
4.066165
4.000185
4.077408
4.006765
4.089543
4.016829
4.099118
4.027431
4.107682
4.037354
4.116276
4.04828
4.12603
4.056763
4.134607
4.065351
4.144369
4.075538
4.15285
4.084069
4.159308
4.092584
4.169385
4.101796
4.180652
4.110495
4.193374
4.123495
4.204651
4.134628
4.215641
4.144797
4.227496
4.154804
4.236242
4.161461
4.248502
4.175067
4.258508
4.186527
4.270704
4.198866
4.283243
4.209426
4.300305
4.221683
4.312286
4.235942
4.326165
4.24908
4.339836
4.260013
4.351706
4.274394
4.364048
4.288815
4.376564
4.302616
4.390141
4.31116
4.402242
4.325551
4.41714
4.339413
4.425771
4.354338
4.43997
4.368781
4.453712
4.379345
4.465874
4.391195
4.479864
4.404147
4.493638
4.419022
4.509033
4.435442
4.520113
4.447248
4.533545
4.461792
4.548968
4.479608
4.562084
4.494022
4.572778
4.507909
4.586176
4.519782
4.602615
4.537488
4.619279
4.548787
4.633699
4.561133
4.648476
4.573991
4.662137
4.588686
4.675224
4.59842
4.683959
4.612454
4.697375
4.626787
4.710492
4.641271
4.725931
4.65342
4.739793
4.66862
4.751569
4.682934
4.767865
4.695753
4.780432
4.710188
4.794708
4.725864
4.804633
4.739885
4.81966
4.759518
4.835391
4.771484
4.846826
4.784076
4.857086
4.798921
4.874482
4.812083
4.900627
4.827183
4.907893
4.845851
4.922259
4.866401
4.937426
4.878917
4.947202
4.896802
4.963504
4.907197
4.980371
4.92157
4.995141
4.940393
5.008836
4.952738
5.024163
4.965442
5.040011
4.979015
5.057877
4.994792
5.073135
5.010945
5.087482
5.026407
5.101189
5.046044
5.118163
5.060546
5.132565
5.084279
5.154814
5.098134
5.168435
5.113801
5.189924
5.129134
5.203211
5.144278
5.220253
5.158563
5.237219
5.179577
5.258687
5.194997
5.277555
5.214601
5.295738
5.235736
5.318669
5.251429
5.337558
5.2629
5.356291
5.280777
5.377823
5.300307
5.400156
5.316299
5.418158
5.33573
5.436131
5.349608
5.451851
5.364466
5.472422
5.383474
5.486867
5.400474
5.505625
5.417921
5.526954
5.445048
5.543555
5.466166
5.561626
5.490738
5.58555
5.50945
5.601856
5.529071
5.647982
5.55456
5.665956
5.574228
5.684885
5.59824
5.754086
5.6247
5.775123
5.664937
5.813003
5.696636
5.843867
5.731176
5.86935
5.763584
5.892595
5.787659
5.932688
5.829953
5.956621
5.862661
5.993415
5.890258
6.01639
5.921355
6.042261
5.95053
6.077282
5.985577
6.109588
6.037486
6.142075
6.061566
6.179613
6.083043
6.210482
6.126684
6.239616
6.187861
6.269518
6.250194
6.293473
6.411186
6.335848
6.442904
6.367082
6.47638
6.417456
6.522783
6.462471
6.546643
6.511722
6.63431
6.562144
6.665078
6.612043
6.715151
6.661969
6.765284
6.711784
6.81547
6.762142
6.865583
6.81154
6.915845
6.861806
6.965447
6.911938
7.015617
6.961871
7.065878
7.011911
7.115575
7.062043
7.16582
7.111802
7.26615
7.162265
7.316411
7.212396
7.366696
7.262688
7.416706
7.313041
7.466413
7.362784
7.516304
7.412579
7.566632
7.462323
7.616737
7.512715
7.666369
7.562575
7.716763
7.612987
7.767015
7.662775
7.81672
7.712426
7.866627
7.762212
7.916322
7.812023
7.966403
7.862456
8.016223
7.912832
8.066259
7.962572
8.116223
8.062634
8.165883
8.112302
8.215817
8.16218
8.265811
8.212543
8.315625
8.262318
8.365551
8.311982
8.415158
8.361895
8.465086
8.411712
8.514777
8.461446
8.564884
8.511086
8.615329
8.610746
8.665285
8.660637
8.715734
8.710865
8.76619
8.810773
8.81658
8.860741
8.866212
8.91124
8.915946
8.961555
8.965926
9.011868
9.016117
9.06156
9.115879
9.111901
9.165611
9.16208
9.21541
9.211812
9.265509
9.261476
9.315246
9.311095
9.36498
9.361547
9.414649
9.411292
9.464519
9.461483
9.51483
9.511357
9.565231
9.561152
9.615111
9.661333
9.665027
9.711085
9.715936
9.76087
9.765268
9.811796
9.815913
9.861147
9.865121
9.911475
9.914852
10.01185
9.965132
10.06214
10.01517
10.11252
10.06513
10.16235
10.115
10.26234
10.16498
10.31271
10.21522
10.3628
10.26564
10.41313
10.31526
10.46299
10.3657
10.51337
10.41566
10.56359
10.4661
10.61393
10.51639
10.66377
10.5661
10.7134
10.66619
10.76341
10.71658
10.81327
10.76625
10.86351
10.81662
10.91326
10.91628
10.96372
10.96602
11.0137
11.01642
11.06354
11.06649
11.11316
11.11694
11.16347
11.16704
11.21317
11.21684
11.26337
11.26698
11.31347
11.31723
11.36322
11.36754
11.41344
11.41727
11.46316
11.46708
11.51345
11.51737
11.56333
11.56711
11.61318
11.61749
11.66356
11.6679
11.71332
11.71794
11.76319
11.76834
11.81312
11.81814
11.8631
11.86788
11.9129
11.91775
11.96296
11.96802
12.01331
12.01774
12.06365
12.05221
12.10196
12.10239
12.15197
12.15226
12.20234
12.20262
12.25261
12.25305
12.30282
12.30349
12.35257
12.35358
12.40229
12.45302
12.45267
12.50302
12.50269
12.55345
12.55244
12.59992
12.60234
12.64989
12.65278
12.69988
12.70322
12.75035
12.75349
12.80008
12.80389
12.85037
12.8536
12.90065
12.90384
12.95115
12.95369
13.00139
13.00404
13.05182
13.05408
13.10221
13.10414
13.15173
13.1545
13.20153
13.2049
13.25137
13.25515
13.30112
13.30463
13.35094
13.35501
13.40065
13.40549
13.451
13.45532
13.50137
13.50502
13.5518
13.55486
13.60204
13.60533
13.6524
13.65529
13.7524
13.70559
13.8028
13.75602
13.85251
13.80566
13.90299
13.85593
13.95277
13.90576
14.00251
13.95581
14.05232
14.00628
14.10203
14.05627
14.15216
14.10632
14.2019
14.15672
14.25238
14.20632
14.30252
14.25665
14.35275
14.30691
14.40302
14.35731
14.45336
14.40759
14.50369
14.45724
14.55385
14.50746
14.60392
14.55781
14.65399
14.60808
14.70378
14.65848
14.75381
14.70843
14.80387
14.75883
14.85356
14.80856
14.90361
14.85841
14.95361
14.90834
15.00394
14.95878
15.05437
15.00913
15.10422
15.05918
15.15435
15.10921
15.20473
15.15925
15.25445
15.20934
15.30411
15.25959
15.35402
15.30967
15.40413
15.35986
15.45429
15.40963
15.5044
15.45956
15.55478
15.50945
15.60446
15.60983
15.6546
15.66024
15.70487
15.70991
15.75529
15.75973
15.8057
15.80937
15.85608
15.85917
15.90641
15.90921
15.95607
15.95938
16.00587
16.05962
16.05555
16.10997
16.1055
16.16005
16.15514
16.26032
16.20481
16.3103
16.2552
16.36077
16.30492
16.41115
16.35512
16.46155
16.40513
16.51191
16.45529
16.56211
16.50464
16.61198
16.55469
16.66181
16.60515
16.71148
16.65505
16.76128
16.70493
16.8109
16.75471
16.86114
16.80505
16.91161
16.85551
16.9613
16.90593
17.01154
16.95601
17.06193
17.00594
17.11182
17.0562
17.16201
17.10614
17.2122
17.15582
17.26266
17.20595
17.3129
17.25619
17.36308
17.30631
17.41303
17.35238
17.46275
17.40237
17.50282
17.45253
17.55301
17.5025
17.60306
17.55217
17.65296
17.60234
17.7034
17.65266
17.75353
17.70231
17.80393
17.75265
17.85426
17.85287
17.90475
17.90264
17.95499
17.95265
18.00514
18.00265
18.05538
18.05272
18.10538
18.10263
18.15514
18.15284
18.205
18.20305
18.25481
18.25352
18.30467
18.35392
18.35439
18.4037
18.40468
18.45362
18.45481
18.50343
18.50508
18.55359
18.55542
18.60372
18.60508
18.70425
18.65479
18.75414
18.70465
18.80434
18.75505
18.85468
18.80488
18.90482
18.85524
18.95532
18.90499
19.00529
18.95547
19.05045
19.00559
19.10063
19.0558
19.15082
19.10612
19.20044
19.15634
19.25084
19.20654
19.30134
19.25647
19.35175
19.30656
19.4014
19.35646
19.45153
19.40677
19.50161
19.45673
19.55204
19.50682
19.60209
19.55716
19.65256
19.60742
19.70263
19.65718
19.75255
19.70762
19.8025
19.75778
19.8527
19.80779
19.90282
19.85793
19.95264
19.90829
20.00236
19.95886
20.05261
20.00872
20.10275
20.05877
20.15283
20.10816
20.20321
20.15796
20.25363
20.20824
20.30393
20.25831
20.35402
20.30861
20.40379
20.35875
20.45367
20.40924
20.50341
20.45917
20.55334
20.50882
20.60373
20.55907
20.65375
20.60949
20.70392
20.65947
20.75407
20.70961
20.80372
20.75934
20.85399
20.80971
20.90425
20.85941
20.95438
20.90929
21.00471
20.95975
21.05454
21.06004
21.10468
21.11041
21.1544
21.16076
21.20468
21.21077
21.25439
21.26074
21.30474
21.31056
21.35437
21.36057
21.40421
21.41053
21.45391
21.4602
21.50414
21.5107
21.5542
21.56059
21.60427
21.61085
21.65454
21.6611
21.70481
21.7109
21.75487
21.76055
21.80517
21.81075
21.85537
21.86061
21.90553
21.91102
21.95579
21.96106
22.00616
22.0108
22.05593
22.06083
22.10613
22.11102
22.15633
22.16129
22.20604
22.21141
22.25645
22.26159
22.30685
22.31195
22.35683
22.36166
22.40723
22.41191
22.45696
22.46205
22.50693
22.51233
22.55724
22.56208
22.60725
22.61248
22.6573
22.66238
22.70708
22.71261
22.75715
22.76299
22.80732
22.81311
22.84051
22.86333
22.89055
22.9088
22.98158
22.95917
23.03161
23.00913
23.0815
23.05937
23.13141
23.10937
23.18131
23.15919
23.23162
23.20907
23.28174
23.25937
23.33165
23.30952
23.38122
23.35923
23.43104
23.40796
23.46983
23.45958
23.51975
23.5087
23.56977
23.55887
23.61937
23.60873
23.66948
23.65809
23.71928
23.70773
23.76941
23.75772
23.8194
23.80775
23.8692
23.85744
23.9189
23.90759
23.96888
23.95805
24.01916
24.00435
24.0695
24.05451
24.11982
24.10472
24.16962
24.15511
24.21935
24.20511
24.26975
24.25543
24.31979
24.30517
24.36966
24.35557
24.41948
24.40572
24.46933
24.45591
24.51933
24.50621
24.56975
24.55589
24.62001
24.60582
24.67039
24.65608
24.72041
24.70591
24.77028
24.75611
24.82042
24.80591
24.87049
24.85636
24.92055
24.90676
24.97027
24.9564
25.0206
25.00663
25.07084
25.05697
25.12099
25.10669
25.17127
25.1572
25.22146
25.20756
25.27119
25.25754
25.32088
25.30739
25.37135
25.35759
25.42113
25.40801
25.4714
25.45824
25.52108
25.50863
25.57112
25.55883
25.62111
25.60862
25.67156
25.65874
25.72201
25.70896
25.7721
25.75875
25.82172
25.80906
25.87134
25.85948
25.92171
25.90945
25.97174
25.95936
26.02177
26.00972
26.07203
26.0596
26.12224
26.10933
26.1725
26.15956
26.22271
26.25959
26.27237
26.30993
26.32258
26.35954
26.37244
26.41
26.42284
26.45995
26.47266
26.51
26.5229
26.56008
26.57279
26.60972
26.62246
26.65972
26.67238
26.70982
26.72275
26.75946
26.77299
26.80973
26.82339
26.85983
26.87348
26.90977
26.92332
26.96015
26.97375
27.00974
27.02418
27.05937
27.07462
27.1096
27.12462
27.15974
27.17482
27.20996
27.22498
27.26026
27.27502
27.31033
27.3253
27.36047
27.37541
27.41011
27.42511
27.46006
27.47535
27.51033
27.52502
27.56064
27.57501
27.6107
27.62495
27.66093
27.67535
27.71057
27.72495
27.7608
27.77466
27.81126
27.82486
27.86097
27.87523
27.91085
27.92553
27.96058
27.97597
28.01089
28.026
28.06137
28.07633
28.11141
28.12622
28.16151
28.17653
28.21137
28.2262
28.26184
28.27665
28.31171
28.32686
28.36195
28.37727
28.41212
28.42732
28.4624
28.47748
28.51254
28.52789
28.56297
28.57792
28.61141
28.62012
28.66152
28.67048
28.7113
28.71963
28.76128
28.76973
28.81163
28.81995
28.86164
28.87006
28.9113
28.91994
28.96155
28.96986
29.01188
29.02011
29.06224
29.07048
29.11197
29.12045
29.16188
29.17035
29.21224
29.22052
29.26223
29.2708
29.31241
29.32092
29.36249
29.37066
29.4122
29.42046
29.46233
29.47072
29.51222
29.52093
29.56253
29.57138
29.61227
29.62119
29.66222
29.67138
29.71194
29.72177
29.76199
29.77217
29.81241
29.82221
29.86239
29.8691
29.91179
29.91897
29.96186
29.96906
30.01161
30.01877
30.06143
30.06889
30.10143
30.11912
30.14547
30.16292
30.19024
30.21334
30.23239
30.2633
30.28224
30.31366
30.33234
30.36411
30.3824
30.41373
30.43264
30.46324
30.4847
30.51368
30.53355
30.56386
30.58358
30.61393
30.63375
30.66413
30.68408
30.71459
30.73375
30.76432
30.78408
30.81446
30.83379
30.86421
30.88359
30.91445
30.93332
30.96419
30.98371
31.01418
31.03415
31.0645
31.08458
31.11415
31.13507
31.16457
31.18477
31.21492
31.23479
31.26456
31.28492
31.3143
31.33529
31.36463
31.3852
31.41498
31.43514
31.46531
31.48531
31.5155
31.53531
31.5653
31.58524
31.61511
31.63551
31.66474
31.68591
31.71438
31.7364
31.76454
31.78684
31.81484
31.83706
31.86448
31.88679
31.91414
31.93696
31.95773
31.98711
32.00753
32.03677
32.05688
32.08373
32.10546
32.11484
32.15566
32.16497
32.20576
32.21486
32.25607
32.26529
32.30613
32.31515
32.35649
32.36541
32.40615
32.41534
32.45616
32.51505
32.50629
32.56531
32.55653
32.61557
32.60688
32.6655
32.65654
32.71537
32.7068
32.76515
32.75715
32.86544
32.80743
32.91562
32.85708
32.96589
32.90702
33.01558
32.95701
33.06561
33.00734
33.11551
33.05735
33.16544
33.10728
33.21547
33.15699
33.26583
33.207
33.316
33.25733
33.36634
33.30745
33.41641
33.35775
33.46652
33.40805
33.51642
33.45847
33.56612
33.50852
33.61649
33.55894
33.66668
33.60905
33.71696
33.65898
33.76714
33.70961
33.81776
33.75947
33.86772
33.80984
33.91806
33.85928
33.96774
33.90898
34.01782
33.95947
34.06786
34.00924
34.11772
34.05886
34.1676
34.10892
34.21748
34.15876
34.26794
34.20856
34.31774
34.30851
34.36756
34.35759
34.41789
34.40738
34.46778
34.45704
34.51814
34.50673
34.56859
34.55656
34.61821
34.60626
34.66845
34.65611
34.71867
34.70573
34.76838
34.75602
34.81815
34.80605
34.86859
34.85583
34.91886
34.90557
34.96919
34.95561
35.01953
35.00558
35.06992
35.05544
35.11959
35.10578
35.16945
35.15565
35.2194
35.20579
35.26984
35.25588
35.32007
35.30631
35.37044
35.35595
35.42007
35.40557
35.47027
35.4559
35.52026
35.5057
35.57053
35.5559
35.62094
35.60571
35.67097
35.65589
35.72138
35.70556
35.7711
35.75535
35.82073
35.80571
35.8708
35.85571
35.92113
35.90613
35.97091
35.95602
36.02065
36.00589
36.07053
36.05561
36.1203
36.10549
36.17025
36.1554
36.22025
36.20517
36.27062
36.25526
36.32082
36.30568
36.37063
36.35537
36.42086
36.40554
36.47062
36.45528
36.52098
36.50561
36.57103
36.55527
36.6207
36.60576
36.67099
36.65616
36.72129
36.70587
36.77118
36.75566
36.82131
36.80529
36.87129
36.85563
36.9216
36.90529
36.97129
36.95489
37.02111
37.00549
37.07109
37.05562
37.12116
37.10522
37.17109
37.15533
37.22083
37.2052
37.27117
37.25554
37.32116
37.30578
37.37154
37.3562
37.42194
37.40658
37.47209
37.45644
37.52227
37.50694
37.57189
37.55734
37.62236
37.60779
37.67207
37.65828
37.72216
37.70805
37.77226
37.75774
37.82267
37.80738
37.87279
37.85766
37.92254
37.90784
37.9729
37.95804
38.02301
38.00797
38.07263
38.05779
38.12255
38.10799
38.17249
38.15782
38.22255
38.20751
38.27262
38.25784
38.32261
38.3078
38.37233
38.35753
38.4222
38.40778
38.47188
38.45743
38.52169
38.50709
38.57214
38.55745
38.62245
38.60769
38.67265
38.65813
38.72285
38.70839
38.77298
38.7583
38.8232
38.80839
38.87321
38.85866
38.92292
38.90859
38.97333
38.95842
39.02371
39.00871
39.07399
39.05876
39.12364
39.10865
39.17385
39.15884
39.22391
39.20927
39.27398
39.25948
39.32398
39.30072
39.37373
39.3507
39.40847
39.38382
39.45825
39.43398
39.5081
39.48357
39.55797
39.53323
39.60805
39.58365
39.65794
39.63394
39.69351
39.67507
39.74398
39.72531
39.76875
39.75195
39.80542
39.7926
39.83264
39.82834
39.88227
39.87622
39.90344
39.8982
39.93224
39.94178
39.96958
39.98466
40.01316
40.03035
40.06318
40.08007
40.11302
40.12974
40.16322
40.17813
40.21363
40.22775
40.2639
40.27813
40.31411
40.3279
40.36419
40.3781
40.41405
40.42808
40.46437
40.47849
40.51443
40.52896
40.56458
40.57913
40.61475
40.62883
40.66443
40.67956
40.71561
40.72992
40.76463
40.77969
40.81424
40.82943
40.86425
40.87988
40.9143
40.92974
40.96425
40.9796
41.01427
41.02967
41.0639
41.07942
41.11383
41.12949
41.16371
41.17911
41.21363
41.22931
41.26371
41.27938
41.31334
41.32172
41.34958
41.37213
41.39984
41.42191
41.45008
41.47198
41.5002
41.52225
41.55048
41.5724
41.6006
41.62213
41.65103
41.67204
41.70147
41.72199
41.75167
41.77247
41.80183
41.82265
41.85181
41.87268
41.90173
41.92311
41.95216
41.97353
42.00227
42.0233
42.05201
42.07365
42.102
42.12339
42.1521
42.17324
42.20179
42.22337
42.25194
42.27323
42.30165
42.32296
42.35199
42.37287
42.402
42.42252
42.45245
42.4729
42.50213
42.52283
42.55233
42.57305
42.60218
42.6235
42.65249
42.6736
42.70272
42.72353
42.75284
42.77325
42.80255
42.8236
42.85292
42.87365
42.90298
42.92339
42.95347
42.97323
43.00348
43.02356
43.05318
43.07372
43.10352
43.12385
43.1534
43.17365
43.20387
43.22385
43.25421
43.27354
43.30391
43.32397
43.3542
43.37362
43.40444
43.42401
43.45436
43.47405
43.50446
43.52381
43.55479
43.57375
43.60519
43.62362
43.65564
43.6741
43.70572
43.72444
43.75577
43.77444
43.80593
43.82469
43.85626
43.87508
43.90644
43.92482
43.95618
43.97444
44.00611
44.02518
44.05663
44.07529
44.10673
44.12595
44.15693
44.17569
44.20692
44.2261
44.25633
44.27623
44.30659
44.376
44.35653
44.42612
44.40664
44.47601
44.45651
44.52641
44.50612
44.57609
44.55655
44.62595
44.6061
44.67629
44.65602
44.72669
44.70589
44.77639
44.75602
44.82626
44.80577
44.87674
44.85584
44.92686
44.90581
44.97703
44.9555
45.02709
45.00587
45.07709
45.05597
45.12741
45.10583
45.17765
45.15614
45.22809
45.20635
45.2778
45.25597
45.32762
45.30628
45.37727
45.35591
45.4276
45.40554
45.47799
45.4556
45.52813
45.50562
45.57811
45.55551
45.62798
45.60548
45.67805
45.65568
45.72772
45.70603
45.77799
45.75619
45.82825
45.8059
45.87861
45.85599
45.92852
45.95634
45.97877
46.0062
46.02867
46.05616
46.0787
46.1066
46.1291
46.15623
46.17878
46.20615
46.22887
46.256
46.27911
46.30568
46.3292
46.35547
46.37959
46.4052
46.4299
46.45542
46.47952
46.50515
46.52957
46.55561
46.57975
46.60526
46.62945
46.65508
46.67979
46.70493
46.72956
46.75515
46.77977
46.80505
46.83016
46.85474
46.88045
46.90469
46.93078
46.95507
46.981
47.00514
47.03084
47.05553
47.08116
47.10555
47.13095
47.15544
47.18111
47.20586
47.23125
47.25554
47.28134
47.3056
47.33125
47.35604
47.38144
47.40613
47.43179
47.4567
47.48162
47.50692
47.53175
47.55701
47.58132
47.60674
47.63129
47.65701
47.68108
47.707
47.73068
47.75717
47.78043
47.80677
47.83077
47.8566
47.8811
47.90651
47.93121
47.95689
47.98122
48.00729
48.03111
48.057
48.08078
48.10673
48.13082
48.1572
48.18081
48.20753
48.23106
48.25726
48.28099
48.35653
48.33136
48.40625
48.38096
48.45652
48.43129
48.50671
48.48166
48.5565
48.53153
48.60639
48.58163
48.65684
48.63135
48.70649
48.68116
48.75681
48.73149
48.80698
48.78138
48.85679
48.83174
48.90691
48.88174
48.95669
48.9316
49.00652
48.98135
49.05621
49.0312
49.10638
49.08092
49.15643
49.13132
49.20611
49.18122
49.25584
49.2312
49.30563
49.2816
49.35557
49.33202
49.40544
49.38237
49.45514
49.43242
49.50544
49.48228
49.55553
49.53275
49.60521
49.58249
49.65502
49.63288
49.70519
49.73253
49.75484
49.78228
49.80456
49.83192
49.85422
49.88165
49.90463
49.93138
49.95507
49.98133
50.00494
50.03134
50.05473
50.13091
50.1047
50.18079
50.15432
50.23086
50.20477
50.28058
50.25512
50.33106
50.305
50.38153
50.3554
50.43124
50.40509
50.48086
50.45488
50.53098
50.50523
50.58126
50.55541
50.63131
50.60558
50.6816
50.65587
50.73159
50.7054
50.78144
50.75559
50.83158
50.80602
50.88165
50.85644
50.93177
50.90675
50.98172
50.95698
51.03163
51.00692
51.08158
51.05715
51.13196
51.10719
51.18185
51.1573
51.23156
51.20754
51.28125
51.25768
51.33115
51.30766
51.38155
51.35754
51.43185
51.40748
51.48215
51.45719
51.53249
51.50758
51.58262
51.55727
51.63305
51.60699
51.68311
51.65687
51.73284
51.70733
51.78315
51.75751
51.83358
51.80801
51.88396
51.85834
51.93363
51.90851
51.9833
51.95852
52.03347
52.0087
52.08396
52.05877
52.13436
52.1084
52.18454
52.20891
52.23494
52.25857
52.28497
52.3089
52.33543
52.35866
52.38526
52.40844
52.43553
52.45864
52.48555
52.50858
52.53576
52.55883
52.58623
52.60918
52.63657
52.65926
52.68708
52.70912
52.73695
52.75937
52.78712
52.80919
52.8369
52.85902
52.88734
52.90951
52.93719
52.95984
52.98693
53.01025
53.03688
53.06031
53.0866
53.16075
53.13635
53.21062
53.18621
53.26094
53.23628
53.31074
53.28612
53.36068
53.33609
53.4104
53.38647
53.46056
53.43648
53.51101
53.48675
53.5615
53.53649
53.61195
53.58668
53.66193
53.63639
53.71207
53.68601
53.76214
53.73639
53.81271
53.78681
53.86297
53.8373
53.91352
53.8876
53.96337
53.93755
54.01316
53.98701
54.06316
54.03699
54.11296
54.08707
54.16286
54.13725
54.21281
54.18699
54.26261
54.2369
54.31268
54.33646
54.36255
54.3869
54.41219
54.43732
54.46228
54.48766
54.51199
54.53812
54.56211
54.58774
54.6118
54.63792
54.66209
54.68805
54.71248
54.7383
54.76237
54.78812
54.81278
54.83852
54.86315
54.88826
54.91313
54.93824
54.96281
54.98812
55.01261
55.0379
55.06301
55.08815
55.11265
55.13864
55.16313
55.18877
55.21347
55.23893
55.2631
55.2887
55.3133
55.33862
55.36368
55.38832
55.41386
55.43872
55.46426
55.48904
55.51433
55.5389
55.56443
55.58894
55.6147
55.63914
55.66504
55.68937
55.71504
55.73951
55.7654
55.78981
55.81507
55.83943
55.8653
55.88924
55.91566
55.93895
55.96566
55.98864
56.01571
56.03829
56.06551
56.08791
56.11587
56.13824
56.16631
56.18848
56.2161
56.23883
56.26632
56.28888
56.31597
56.33894
56.36585
56.38874
56.41618
56.43869
56.46618
56.48902
56.51589
56.53913
56.56571
56.58963
56.61533
56.64006
56.66508
56.69037
56.71475
56.74008
56.76437
56.78975
56.81415
56.83988
56.86425
56.88961
56.91444
56.93927
57.01565
56.98912
57.06437
57.03934
57.09938
57.07799
57.14915
57.13032
57.19929
57.17853
57.24927
57.22901
57.29905
57.27916
57.34925
57.32927
57.39967
57.37975
57.45002
57.43001
57.50027
57.47994
57.55064
57.52975
57.60037
57.57974
57.65047
57.63007
57.70058
57.67986
57.75021
57.72951
57.80036
57.77917
57.85034
57.82952
57.90041
57.87993
57.95053
57.92954
58.00077
57.97956
58.05103
58.02925
58.10109
58.07951
58.1513
58.12986
58.20157
58.17971
58.25174
58.22934
58.30201
58.27959
58.35223
58.32921
58.40225
58.37931
58.45266
58.4294
58.50286
58.47904
58.55249
58.52913
58.60268
58.57951
58.65294
58.62959
58.70335
58.6798
58.75373
58.73004
58.80396
58.7803
58.85373
58.83038
58.90365
58.88069
58.95382
58.93053
59.00409
58.9803
59.05414
59.03012
59.10439
59.08046
59.15452
59.13018
59.20448
59.17983
59.25478
59.23022
59.30447
59.28057
59.3542
59.33043
59.40393
59.38076
59.45387
59.43052
59.50415
59.48059
59.55391
59.53088
59.60366
59.58132
59.65394
59.63178
59.70385
59.68172
59.75352
59.73197
59.80346
59.78202
59.8536
59.83228
59.90324
59.88258
59.95332
59.93303
60.00352
59.98265
60.05327
60.08285
60.10312
60.13295
60.15347
60.18289
60.20391
60.23268
60.25416
60.28247
60.30383
60.33274
60.35418
60.3824
60.40471
60.43394
60.45442
60.4822
60.50459
60.53215
60.55451
60.58164
60.60442
60.632
60.65419
60.68235
60.70423
60.73246
60.75408
60.78217
60.8037
60.83186
60.8541
60.88149
60.90425
60.93179
60.95418
60.98203
61.00438
61.03175
61.05457
61.08153
61.10465
61.1314
61.15491
61.18107
61.20502
61.23109
61.25536
61.28136
61.30584
61.33153
61.35557
61.38151
61.40522
61.43196
61.45562
61.48154
61.50583
61.53173
61.55544
61.58148
61.60588
61.63173
61.65627
61.68222
61.70594
61.73197
61.7561
61.78175
61.80648
61.83199
61.85684
61.88175
61.90731
61.93219
61.95764
61.98193
62.00777
62.03172
62.05777
62.08185
62.10794
62.13215
62.15759
62.18204
62.2072
62.23221
62.2569
62.28197
62.30659
62.33217
62.35626
62.38191
62.40626
62.43227
62.45625
62.48234
62.50615
62.53263
62.55609
62.583
62.606
62.63318
62.65587
62.68367
62.70587
62.73331
62.7556
62.78318
62.80561
62.8335
62.85593
62.88398
62.90621
62.93403
62.9566
62.9842
63.00655
63.03419
63.05653
63.08447
63.10666
63.13415
63.15712
63.18399
63.20687
63.23439
63.25654
63.28483
63.30641
63.33523
63.35671
63.38504
63.40711
63.43543
63.45755
63.48543
63.50747
63.53545
63.55773
63.58509
63.60812
63.63476
63.65786
63.68455
63.70814
63.73481
63.75865
63.78494
63.80863
63.83512
63.85834
63.88462
63.90874
63.93425
63.95887
63.98391
64.00906
64.03416
64.0593
64.08422
64.10947
64.13387
64.15964
64.1841
64.20997
64.23387
64.26013
64.28354
64.30984
64.33389
64.3595
64.38427
64.40926
64.43447
64.45898
64.48414
64.50938
64.53442
64.55917
64.58421
64.60958
64.63397
64.65939
64.68377
64.70969
64.7339
64.75939
64.78364
64.80899
64.8159
64.84496
64.85721
64.88429
64.90656
64.92204
64.95634
64.96391
65.00636
65.01356
65.0562
65.06348
65.10582
65.1133
65.15563
65.16338
65.20528
65.21369
65.2552
65.2633
65.30512
65.31303
65.35487
65.3635
65.40522
65.41391
65.45548
65.46402
65.50529
65.51404
65.55508
65.56444
65.60515
65.61469
65.65481
65.66443
65.70512
65.71427
65.74445
65.76009
65.77785
65.81051
65.82685
65.85468
65.86929
65.90498
65.91925
65.95531
65.96975
66.00562
66.02007
66.05573
66.07054
66.10582
66.121
66.15591
66.17067
66.20602
66.221
66.25602
66.27147
66.30629
66.32178
66.35672
66.37183
66.40636
66.42194
66.45633
66.47233
66.50607
66.52277
66.55628
66.5724
66.60589
66.62256
66.65562
66.67233
66.7058
66.72229
66.75546
66.77252
66.80539
66.82281
66.8554
66.8729
66.90562
66.92329
66.95601
66.97356
67.00594
67.02338
67.05631
67.07369
67.10611
67.12371
67.15593
67.17405
67.20567
67.22416
67.25565
67.27378
67.30555
67.32389
67.35605
67.37357
67.40587
67.42419
67.45573
67.47463
67.50574
67.52428
67.55554
67.57399
67.60522
67.62439
67.65561
67.67451
67.70599
67.72419
67.75639
67.77441
67.80684
67.82469
67.85713
67.87476
67.90694
67.92499
67.95731
67.97523
68.007
68.02489
68.05736
68.07452
68.1073
68.12416
68.15765
68.17393
68.20737
68.22354
68.25761
68.27375
68.3073
68.32364
68.35767
68.37409
68.40737
68.42414
68.45706
68.47456
68.50665
68.52447
68.55633
68.57442
68.60611
68.62447
68.65598
68.67456
68.70596
68.72491
68.75591
68.77519
68.80636
68.82484
68.85608
68.87473
68.90569
68.92497
68.9557
68.97527
69.00597
69.02569
69.05632
69.07549
69.10596
69.12587
69.15638
69.17602
69.20607
69.2258
69.25616
69.27556
69.30665
69.32569
69.35674
69.37582
69.40678
69.42615
69.45705
69.47581
69.50681
69.52601
69.5568
69.57632
69.60683
69.6764
69.6568
69.71552
69.70638
69.76565
69.75643
69.813
69.80636
69.86285
69.84951
69.91325
69.89942
69.96354
69.94974
70.01395
69.9994
70.06367
70.0491
70.11328
70.09882
70.16332
70.14917
70.2131
70.19961
70.26292
70.24988
70.31261
70.29949
70.36227
70.34921
70.41196
70.39901
70.46233
70.44933
70.51207
70.49902
70.562
70.54926
70.61217
70.59928
70.66214
70.64955
70.71046
70.69972
70.7606
70.74821
70.8105
70.79828
70.8604
70.84798
70.90999
70.89811
70.95983
70.94782
71.01027
70.99766
71.06078
71.04803
71.11144
71.09814
71.16058
71.14794
71.21039
71.19777
71.26019
71.24818
71.31065
71.29855
71.36104
71.34898
71.4109
71.39882
71.46113
71.449
71.51124
71.4988
71.56106
71.549
71.61086
71.59867
71.66063
71.64845
71.71032
71.74832
71.76079
71.79871
71.81052
71.84858
71.86021
71.89594
71.91051
71.94627
71.96068
71.9966
72.01062
72.04654
72.06087
72.09659
72.11088
72.14647
72.1608
72.1963
72.21037
72.24637
72.26022
72.29681
72.3105
72.34672
72.36023
72.39686
72.41
72.44699
72.45975
72.49665
72.5101
72.54637
72.55975
72.59605
72.60995
72.64651
72.6601
72.69633
72.71049
72.74596
72.7603
72.79589
72.81049
72.84631
72.86044
72.89605
72.91022
72.94619
72.96066
72.99625
73.01028
73.04672
73.06064
73.09717
73.11066
73.14766
73.16039
73.1973
73.21076
73.24742
73.26043
73.29754
73.3104
73.34723
73.36027
73.39708
73.40999
73.44734
73.45961
73.49703
73.50981
73.5467
73.56008
73.59717
73.61025
73.64748
73.66013
73.69717
73.71046
73.74698
73.76069
73.79661
73.81075
73.84704
73.86062
73.89684
73.91052
73.9465
73.96042
73.99669
74.0106
74.047
74.06088
74.09667
74.11074
74.14656
74.16122
74.1963
74.21101
74.24664
74.26074
74.29674
74.31111
74.34636
74.36148
74.39658
74.41178
74.44679
74.46218
74.4971
74.51247
74.5471
74.56243
74.5971
74.6124
74.6468
74.66238
74.69716
74.71274
74.74689
74.76241
74.79682
74.8121
74.84714
74.86186
74.89742
74.96171
74.94711
75.01151
74.99748
75.06133
75.04729
75.11151
75.09695
75.16138
75.14673
75.21106
75.19721
75.26093
75.24768
75.31078
75.29745
75.36062
75.34788
75.41039
75.39774
75.46016
75.44754
75.51011
75.49799
75.56004
75.54766
75.61005
75.59737
75.66008
75.64712
75.71019
75.69681
75.76066
75.74702
75.81075
75.79745
75.86046
75.84787
75.91087
75.89801
75.96052
75.94832
76.01017
75.99833
76.0601
76.04819
76.11004
76.09791
76.15983
76.14793
76.20952
76.19786
76.25922
76.24804
76.30903
76.29817
76.35871
76.34811
76.40845
76.39785
76.45824
76.44753
76.50851
76.49778
76.55897
76.54742
76.60903
76.59757
76.65917
76.64731
76.70943
76.69699
76.75948
76.74691
76.80914
76.79738
76.85949
76.84733
76.90923
76.89718
76.95927
76.94738
77.00914
76.99716
77.05934
77.04704
77.10961
77.09717
77.20924
77.14745
77.25914
77.19753
77.30893
77.24744
77.35889
77.29778
77.40929
77.34798
77.45975
77.39791
77.5099
77.44822
77.56207
77.50032
77.61082
77.54865
77.66074
77.59848
77.70989
77.64825
77.75999
77.69822
77.81005
77.74822
77.90985
77.79829
77.95964
77.84845
78.00985
77.89827
78.06037
77.9481
78.11019
77.99774
78.16
78.04736
78.21047
78.09773
78.26091
78.14814
78.31052
78.198
78.36089
78.24773
78.41059
78.29781
78.45132
78.33059
78.50143
78.38028
78.55152
78.42995
78.60159
78.48
78.65174
78.52997
78.70141
78.57976
78.75105
78.62946
78.80091
78.6798
78.85113
78.73013
78.90132
78.78017
78.95163
78.82661
79.00131
78.87643
79.05165
78.92687
79.10157
78.97651
79.15123
79.02625
79.20097
79.0762
79.25076
79.12626
79.30079
79.17589
79.35052
79.22605
79.40053
79.27576
79.45086
79.32573
79.5009
79.37547
79.55059
79.42516
79.65065
79.47555
79.70044
79.526
79.75011
79.57615
79.7999
79.62587
79.85018
79.67599
79.89984
79.72624
79.94962
79.77658
79.99957
79.827
80.04942
79.87705
80.09977
79.92725
80.14967
79.97711
80.19984
80.02699
80.24975
80.07664
80.29951
80.12696
80.34929
80.17667
80.39896
80.22687
80.44888
80.27654
80.49891
80.32684
80.54898
80.37682
80.59901
80.42659
80.64886
80.47639
80.69842
80.52624
80.74839
80.5764
80.79834
80.62699
80.84878
80.67683
80.89899
80.72713
80.94942
80.77704
80.99921
80.82723
81.04916
80.87729
81.09921
80.92748
81.14927
80.97757
81.19889
81.02792
81.24879
81.07784
81.29886
81.12824
81.34885
81.1779
81.39882
81.22762
81.4488
81.27728
81.49874
81.32764
81.54854
81.37754
81.57892
81.42797
81.62934
81.4777
81.67928
81.52737
81.72961
81.57784
81.77935
81.62828
81.82928
81.67831
81.87923
81.7283
81.92932
81.77835
81.97961
81.82851
82.02972
81.87894
82.07935
81.92921
82.12965
81.97897
82.18005
82.02885
82.27991
82.07863
82.32979
82.12827
82.37981
82.17815
82.42997
82.22858
82.47991
82.27834
82.52965
82.32816
82.57963
82.37815
82.62928
82.42854
82.67911
82.47823
82.72874
82.52863
82.7784
82.57849
82.82877
82.62843
82.87844
82.67816
82.92879
82.728
82.97898
82.77812
83.02911
82.82801
83.07925
82.87788
83.1296
82.92776
83.17937
82.97793
83.22929
83.02773
83.27917
83.07761
83.32906
83.12732
83.37943
83.17728
83.42917
83.22754
83.47906
83.27795
83.53095
83.32838
83.58003
83.3784
83.62983
83.42846
83.68018
83.47836
83.73003
83.52876
83.77977
83.57852
83.82946
83.62821
83.87915
83.67825
83.92879
83.72797
83.9791
83.7777
84.02877
83.82732
84.07902
83.87713
84.12892
83.92714
84.17857
84.02683
84.22897
84.07657
84.27923
84.12627
84.32889
84.17599
84.37917
84.22626
84.42911
84.2762
84.47908
84.37553
84.52892
84.42534
84.5792
84.47559
84.62908
84.57586
84.6793
84.62622
84.72896
84.67638
84.77936
84.72652
84.82909
84.77646
84.8795
84.82623
84.92944
84.87597
84.97909
84.92596
85.02929
84.97582
85.07949
85.02551
85.12955
85.12556
85.17943
85.17525
85.22922
85.22504
85.2794
85.27476
85.32946
85.32491
85.37926
85.37505
85.42966
85.42545
85.47928
85.47542
85.52901
85.52536
85.62968
85.57551
85.68007
85.62585
85.7304
85.67602
85.78063
85.72609
85.831
85.77597
85.88127
85.82595
85.93147
85.87531
85.98127
85.96365
86.03116
86.00378
86.07048
86.05304
86.11176
86.1029
86.15487
86.14517
86.19682
86.17546
86.24252
86.21513
86.28488
86.29203
86.32202
86.31883
86.35577
86.34032
86.37808
86.37396
86.39789
86.39114
86.42562
86.41347
86.44289
86.42731
86.46715
86.4405
86.4879
86.47822
86.51111
86.50059
86.53358
86.5213
86.55687
86.53675
86.57014
86.55046
86.58605
86.56184
86.59868
86.57983
86.61024
86.59253
86.62448
86.60794
86.63857
86.62343
86.65251
86.63419
86.66618
86.65137
86.68067
86.66403
86.69321
86.6779
86.70714
86.69256
86.72031
86.70576
86.73341
86.71777
86.74677
86.72857
86.75601
86.7407
86.76305
86.75497
86.77737
86.76936
86.78911
86.78015
86.80347
86.79459
86.82086
86.80889
86.83047
86.82195
86.84788
86.83624
86.8643
86.8493
86.87741
86.86333
86.88764
86.87473
86.90034
86.88919
86.91547
86.9054
86.92605
86.92163
86.9538
86.93697
86.9703
86.95068
86.98341
86.96279
86.99834
86.97573
87.0107
86.99243
87.02745
87.00475
87.03929
87.0202
87.0529
87.03699
87.06014
87.05896
87.08217
87.07649
87.09477
87.09143
87.10807
87.10909
87.1153
87.12463
87.13091
87.13591
87.14625
87.15433
87.16034
87.16589
87.17498
87.17998
87.19036
87.19513
87.2052
87.21226
87.21745
87.22443
87.23098
87.23838
87.24474
87.25429
87.26294
87.26979
87.27599
87.28374
87.28954
87.29634
87.30259
87.30367
87.31887
87.31342
87.33267
87.3274
87.34753
87.34093
87.35934
87.35566
87.3746
87.36842
87.3886
87.38998
87.40218
87.40495
87.41824
87.41889
87.43523
87.43582
87.4499
87.45092
87.46544
87.46667
87.4814
87.4762
87.49666
87.49375
87.51796
87.50346
87.53406
87.51438
87.55067
87.52662
87.56673
87.54031
87.58536
87.55209
87.59991
87.56337
87.613
87.57295
87.6272
87.58775
87.63889
87.60195
87.64816
87.61279
87.65812
87.62782
87.66989
87.64105
87.68257
87.65163
87.696
87.66206
87.70824
87.67348
87.71999
87.68278
87.73093
87.69569
87.74492
87.70593
87.7542
87.71909
87.76806
87.72654
87.78015
87.73579
87.78991
87.74505
87.80002
87.75248
87.8103
87.76431
87.81952
87.77583
87.82632
87.78755
87.83588
87.79681
87.84311
87.83573
87.85675
87.8431
87.87112
87.85339
87.88879
87.86528
87.90295
87.87681
87.91026
87.89201
87.9261
87.91135
87.93623
87.92308
87.94546
87.93652
87.95499
87.94719
87.96226
87.96219
87.97146
87.96953
87.97868
87.97874
87.98788
87.98899
87.99528
87.99641
88.00455
88.00566
88.01626
88.01678
88.02549
88.02419
88.03472
88.03344
88.04496
88.04504
88.05232
88.05534
88.05952
88.0656
88.06876
88.07484
88.07797
88.08654
88.08718
88.10017
88.09444
88.11043
88.10365
88.11967
88.11388
88.1314
88.1211
88.13877
88.13036
88.14581
88.14212
88.15304
88.15652
88.1633
88.16578
88.17252
88.17609
88.18176
88.19148
88.1945
88.20435
88.20728
88.21512
88.21678
88.22619
88.23244
88.24147
88.24334
88.25455
88.2545
88.26183
88.26907
88.2763
88.28164
88.28296
88.29674
88.2941
88.30596
88.30328
88.31316
88.31065
88.32039
88.31985
88.33167
88.3417
88.34196
88.34904
88.35116
88.35822
88.36287
88.36912
88.37309
88.38544
88.38213
88.39582
88.3922
88.41365
88.3996
88.43864
88.41237
88.45485
88.42924
88.46225
88.43909
88.47739
88.45323
88.49781
88.47104
88.51035
88.48432
88.52374
88.50037
88.54918
88.51292
88.56048
88.53311
88.57732
88.56094
88.59689
88.57362
88.60861
88.59974
88.62389
88.61427
88.6357
88.65173
88.65125
88.67027
88.66429
88.69064
88.68378
88.70313
88.69587
88.71849
88.70509
88.72713
88.71245
88.73452
88.71975
88.74383
88.73601
88.75977
88.74789
88.77009
88.76434
88.78347
88.77805
88.80727
88.79033
88.81526
88.80582
88.84173
88.83649
88.856
88.8612
88.88929
88.89615
88.91643
88.9174
88.94558
88.94391
88.96166
88.96348
88.98637
88.98311
89.00415
89.01214
89.02289
89.03003
89.03635
89.05286
89.06236
89.06974
89.07417
89.08624
89.08698
89.09542
89.10046
89.10807
89.11386
89.11864
89.1275
89.12893
89.1392
89.13914
89.14845
89.14633
89.15757
89.15656
89.17189
89.16677
89.18182
89.17414
89.18903
89.18437
89.20344
89.19607
89.21262
89.2063
89.21996
89.21806
89.22919
89.2273
89.24171
89.23995
89.25199
89.25347
89.26543
89.26602
89.27876
89.28048
89.29125
89.29563
89.30666
89.30984
89.31778
89.32381
89.32704
89.33117
89.3363
89.34044
89.3503
89.35072
89.35956
89.36104
89.37132
89.37029
89.38163
89.38054
89.39561
89.38776
89.40591
89.4112
89.41866
89.4211
89.42892
89.43377
89.43818
89.4437
89.44957
89.45637
89.45683
89.46883
89.46604
89.47621
89.47326
89.48541
89.48351
89.49263
89.49081
89.5019
89.50385
89.51214
89.51708
89.52881
89.53072
89.53806
89.54472
89.54836
89.55725
89.55759
89.56651
89.56686
89.57806
89.58575
89.58836
89.59502
89.60104
89.61356
89.61137
89.62666
89.62472
89.6375
89.6339
89.65013
89.64709
89.6628
89.65939
89.67313
89.67489
89.6982
89.68974
89.70851
89.69729
89.72033
89.71442
89.7348
89.72427
89.74647
89.73765
89.75918
89.75085
89.77302
89.76301
89.7823
89.77888
89.79778
89.78719
89.80705
89.80225
89.82349
89.81449
89.83433
89.83134
89.84986
89.83855
89.863
89.85358
89.87708
89.86761
89.89141
89.87881
89.89947
89.89225
89.91122
89.90327
89.92153
89.91485
89.93185
89.92803
89.94362
89.93802
89.95631
89.94968
89.96376
89.96148
89.97298
89.97418
89.99209
89.98479
89.99954
89.99571
