0.02163054
0.007459623
0.03342414
0.0201611
0.04642823
0.03340494
0.05919018
0.04345657
0.07068773
0.05429588
0.08251455
0.06588096
0.09528731
0.07535182
0.1083599
0.08660966
0.1211347
0.0984783
0.1337864
0.1098113
0.142334
0.1222798
0.1517338
0.1344795
0.1637546
0.1432938
0.1747066
0.1522145
0.1883997
0.1656578
0.2020575
0.1782096
0.2154283
0.1893595
0.2241155
0.1960157
0.2391859
0.2083258
0.2518525
0.2235275
0.2618667
0.2322916
0.2718414
0.2468145
0.2847765
0.2611848
0.2965326
0.2763866
0.3069926
0.2880781
0.315532
0.2997566
0.3274404
0.3110421
0.3401626
0.319623
0.3527084
0.3325351
0.3657725
0.3465809
0.3777868
0.3550892
0.3868179
0.3664908
0.3954633
0.3750446
0.4078631
0.3836797
0.4181546
0.3968232
0.4307564
0.4100021
0.4401668
0.4211997
0.4536561
0.4335872
0.464516
0.4422221
0.4765804
0.4570217
0.4895844
0.4701339
0.5035151
0.4786841
0.5138397
0.4907898
0.5267271
0.5032082
0.5379289
0.5144727
0.5530493
0.5284597
0.5672284
0.5413428
0.5762176
0.5479529
0.5885028
0.5608863
0.5994481
0.5698069
0.6093126
0.5826066
0.6211852
0.5949416
0.6342598
0.6046179
0.6454471
0.6112475
0.6587241
0.62292
0.6690361
0.6357429
0.6784297
0.6511216
0.6922565
0.6647233
0.7037563
0.6759689
0.7159809
0.6866851
0.7246351
0.7016369
0.7332453
0.7154847
0.7437594
0.7275197
0.7575884
0.7398173
0.774492
0.7503504
0.7832564
0.7668731
0.7972185
0.7789161
0.810562
0.7855494
0.8230454
0.7990719
0.8355786
0.8057386
0.8510526
0.8202008
0.8651651
0.8328817
0.877777
0.846263
0.8890477
0.8601915
0.9019142
0.8727828
0.9140763
0.8864619
0.9283676
0.9003363
0.9387115
0.9097176
0.9495837
0.9189132
0.9593001
0.9334794
0.9691874
0.9448126
0.9827518
0.9565395
0.9919869
0.9681994
1.005751
0.9819971
1.01577
0.9940133
1.028312
1.010465
1.037919
1.02385
1.049875
1.036868
1.063185
1.04806
1.076424
1.057397
1.087308
1.068878
1.099739
1.082311
1.113117
1.094936
1.124228
1.104701
1.135881
1.11981
1.149277
1.132175
1.161018
1.144925
1.172335
1.158508
1.185551
1.172769
1.194145
1.184742
1.202784
1.194896
1.213965
1.206187
1.222683
1.214787
1.231284
1.223541
1.242035
1.230341
1.24861
1.236766
1.257316
1.246183
1.267316
1.257541
1.276116
1.266184
1.284734
1.27734
1.293367
1.286273
1.29994
1.292873
1.30654
1.299466
1.316346
1.305875
1.329356
1.315368
1.338047
1.326607
1.348037
1.335174
1.365309
1.34177
1.373905
1.353119
1.383346
1.359738
1.395738
1.368308
1.411379
1.374873
1.420219
1.386458
1.432082
1.395052
1.438666
1.40372
1.449778
1.410272
1.456645
1.416672
1.471613
1.425236
1.481931
1.431826
1.48854
1.441405
1.495112
1.451671
1.50154
1.463775
1.513262
1.474373
1.523153
1.482987
1.529737
1.489537
1.539557
1.495989
1.548178
1.502555
1.554978
1.50897
1.564965
1.520441
1.573577
1.531453
1.583823
1.538055
1.590435
1.549869
1.599022
1.556467
1.605773
1.565069
1.614358
1.577489
1.623028
1.586899
1.629768
1.593495
1.638363
1.599899
1.646953
1.608447
1.653576
1.615038
1.662167
1.626842
1.670708
1.638061
1.67729
1.647736
1.685906
1.659723
1.692485
1.668299
1.701077
1.674868
1.710155
1.683441
1.719108
1.690001
1.727701
1.69863
1.736405
1.707228
1.744994
1.719169
1.753615
1.725786
1.760192
1.734375
1.76904
1.740933
1.777625
1.747333
1.786241
1.755933
1.792822
1.762551
1.799401
1.771103
1.80804
1.777665
1.815007
1.784265
1.827092
1.797449
1.838546
1.80785
1.845129
1.814427
1.854106
1.822998
1.866304
1.831646
1.878624
1.840193
1.888239
1.846931
1.897074
1.855566
1.903828
1.865184
1.913569
1.873778
1.920349
1.884297
1.929104
1.896063
1.939571
1.902982
1.950366
1.911506
1.95897
1.918085
1.967535
1.928312
1.974103
1.936855
1.982636
1.943643
1.989255
1.956709
1.997826
1.96332
2.00643
1.971886
2.01501
1.978446
2.022006
1.984848
2.034992
1.993462
2.044035
2.000029
2.055033
2.006593
2.06361
2.012995
2.074605
2.024262
2.084101
2.035768
2.096569
2.048299
2.103142
2.057553
2.109721
2.066367
2.118333
2.074927
2.126943
2.081688
2.133518
2.092158
2.14396
2.103846
2.154568
2.112454
2.163145
2.12106
2.171759
2.129776
2.183567
2.141574
2.196553
2.153642
2.205192
2.162258
2.216869
2.168988
2.227814
2.175381
2.234566
2.181792
2.246595
2.191391
2.253366
2.202045
2.262286
2.211368
2.270945
2.221774
2.27954
2.228565
2.288327
2.237126
2.297333
2.245722
2.306286
2.257904
2.315452
2.266518
2.324026
2.273258
2.330582
2.282387
2.337147
2.292924
2.34373
2.301524
2.354267
2.31022
2.366146
2.319384
2.374855
2.328036
2.383562
2.338573
2.390188
2.350708
2.398829
2.357301
2.405399
2.363714
2.414006
2.373456
2.423599
2.382153
2.432539
2.388897
2.441155
2.39776
2.452082
2.411356
2.460738
2.418103
2.469362
2.426721
2.47596
2.438504
2.484983
2.445073
2.491755
2.453918
2.498162
2.462787
2.509138
2.471439
2.515695
2.480139
2.522128
2.488741
2.528895
2.497374
2.540079
2.505919
2.546659
2.512513
2.555613
2.524711
2.564329
2.534306
2.572931
2.542902
2.579494
2.551482
2.588154
2.558272
2.597118
2.568095
2.605724
2.576703
2.614324
2.586452
2.621282
2.593084
2.631292
2.605243
2.63808
2.613827
2.65061
2.624052
2.657225
2.632555
2.667879
2.639118
2.678556
2.646036
2.690205
2.652616
2.699599
2.662945
2.706328
2.672743
2.712728
2.679317
2.721332
2.689069
2.732254
2.695688
2.738996
2.706881
2.747625
2.71542
2.758558
2.722149
2.767151
2.728583
2.773718
2.737155
2.780278
2.743711
2.786712
2.750116
2.795478
2.758738
2.805357
2.765493
2.813956
2.775415
2.82601
2.784279
2.834619
2.790877
2.841176
2.799466
2.847908
2.806037
2.854522
2.815375
2.863141
2.824629
2.872139
2.835428
2.881909
2.844016
2.891601
2.856603
2.900192
2.865332
2.90675
2.874975
2.913323
2.885869
2.921992
2.897581
2.930523
2.90657
2.939201
2.917413
2.945781
2.924047
2.95492
2.932615
2.965744
2.939372
2.972307
2.950069
2.980867
2.956815
2.989485
2.96549
2.996219
2.976227
3.004787
2.984818
3.011345
2.996412
3.017905
3.005045
3.024339
3.01373
3.033005
3.023536
3.041662
3.030311
3.050243
3.038965
3.059286
3.05074
3.071071
3.061552
3.07764
3.06811
3.086219
3.076683
3.092785
3.083268
3.101418
3.094176
3.108346
3.106176
3.117485
3.112763
3.128928
3.123243
3.135505
3.131842
3.145712
3.138411
3.157063
3.147002
3.163617
3.155619
3.17035
3.164241
3.17678
3.172812
3.18844
3.179377
3.197004
3.187907
3.207324
3.19471
3.213883
3.208176
3.222708
3.214736
3.234709
3.221292
3.241278
3.227709
3.249844
3.234286
3.256615
3.242881
3.265448
3.249442
3.272181
3.258139
3.278748
3.268903
3.287333
3.275641
3.297974
3.284236
3.304547
3.290826
3.314391
3.297211
3.321003
3.303611
3.329576
3.312155
3.338165
3.322746
3.344881
3.331354
3.351471
3.339881
3.360402
3.351287
3.370867
3.359895
3.379799
3.368753
3.388453
3.377639
3.396947
3.386142
3.40353
3.392745
3.414001
3.401286
3.421167
3.412069
3.432046
3.422238
3.441115
3.430944
3.447679
3.44337
3.458462
3.449938
3.466983
3.456334
3.473535
3.464897
3.479935
3.473553
3.488574
3.482055
3.501765
3.492932
3.510345
3.504346
3.518878
3.513704
3.527392
3.523668
3.535939
3.532207
3.547373
3.53877
3.555987
3.547364
3.566076
3.557551
3.572641
3.569419
3.581241
3.575996
3.593743
3.585996
3.602592
3.594531
3.611188
3.6011
3.620404
3.609902
3.626992
3.62402
3.638722
3.632568
3.645314
3.64432
3.657639
3.655538
3.669122
3.66655
3.681259
3.678525
3.689809
3.687067
3.698313
3.695996
3.704875
3.704499
3.715706
3.71307
3.725073
3.726614
3.733941
3.737365
3.742581
3.749872
3.751674
3.758486
3.764074
3.770098
3.770826
3.780689
3.781984
3.791219
3.790561
3.804756
3.799061
3.815032
3.805629
3.827872
3.8144
3.836382
3.827785
3.842951
3.836491
3.851663
3.847589
3.861481
3.856174
3.872935
3.86883
3.883004
3.880715
3.893862
3.892702
3.902426
3.905204
3.912386
3.915904
3.920872
3.924772
3.929488
3.931333
3.940079
3.937736
3.952962
3.946836
3.964895
3.953457
3.971495
3.96347
3.983741
3.9724
3.99247
3.981329
4.004339
3.992727
4.018138
4.004804
4.027953
4.023464
4.03996
4.031986
4.048783
4.040578
4.060058
4.054003
4.069528
4.062536
4.076137
4.071766
4.088676
4.078496
4.097317
4.08491
4.108211
4.093931
4.116827
4.102446
4.123402
4.113847
4.129863
4.122445
4.140477
4.132103
4.155386
4.140397
4.162004
4.153867
4.172006
4.16339
4.181426
4.173225
4.191859
4.187766
4.203801
4.198989
4.216731
4.212399
4.229402
4.223155
4.236006
4.234859
4.248995
4.260264
4.261024
4.270464
4.275015
4.286255
4.290392
4.298028
4.297151
4.308865
4.312413
4.324025
4.324934
4.337492
4.339853
4.350388
4.349089
4.362718
4.364996
4.37651
4.379348
4.385664
4.396988
4.39953
4.412193
4.413148
4.425718
4.427704
4.439412
4.442654
4.451717
4.458693
4.464607
4.471291
4.475354
4.484581
4.484413
4.498976
4.498154
4.512654
4.514787
4.526233
4.526872
4.541183
4.540707
4.554651
4.553815
4.564417
4.569371
4.578524
4.585131
4.598829
4.600674
4.612377
4.613618
4.626679
4.626457
4.639079
4.642417
4.651526
4.655671
4.663505
4.666921
4.677957
4.677837
4.693325
4.692016
4.705225
4.699476
4.720503
4.71401
4.734095
4.726911
4.749457
4.742011
4.763913
4.755683
4.782323
4.766389
4.796281
4.778793
4.808983
4.792945
4.822039
4.805716
4.836172
4.815347
4.856676
4.829253
4.87009
4.843521
4.884881
4.859281
4.897623
4.874637
4.910049
4.890168
4.924172
4.905996
4.934916
4.927333
4.948509
4.941466
4.963423
4.955139
4.97855
4.969589
4.99252
4.98658
5.005713
5.000165
5.014624
5.015604
5.028565
5.027477
5.049084
5.042848
5.065044
5.05806
5.081337
5.073141
5.095241
5.088505
5.109492
5.103736
5.122336
5.120069
5.136486
5.131231
5.149546
5.147735
5.163356
5.163136
5.176491
5.177932
5.191439
5.195842
5.209582
5.211587
5.232773
5.230537
5.247239
5.254597
5.262466
5.273463
5.280882
5.295592
5.297546
5.3101
5.319011
5.328041
5.335743
5.346771
5.351047
5.36734
5.370678
5.393243
5.38678
5.411995
5.403042
5.431524
5.419373
5.447576
5.438177
5.472292
5.45302
5.494576
5.467512
5.51511
5.484138
5.53093
5.499425
5.548977
5.51264
5.570304
5.531412
5.593468
5.545005
5.625571
5.559674
5.645246
5.5741
5.671664
5.589827
5.689795
5.60331
5.717234
5.617637
5.735325
5.632966
5.770531
5.650263
5.79286
5.671615
5.82339
5.688745
5.839052
5.712816
5.856237
5.739638
5.88283
5.789329
5.906059
5.817701
5.935902
5.911136
5.954028
5.932357
5.990181
5.970268
6.037247
5.995036
6.061436
6.045502
6.104098
6.076801
6.13692
6.098209
6.175369
6.140475
6.207185
6.168033
6.24499
6.196634
6.2821
6.234343
6.31672
6.269678
6.347967
6.305961
6.384831
6.340562
6.417101
6.390819
6.467427
6.434
6.508501
6.484408
6.558552
6.534695
6.608647
6.584894
6.659116
6.634868
6.709432
6.684591
6.758934
6.734424
6.809275
6.783956
6.909287
6.83368
6.953164
6.884072
7.003219
6.934487
7.05324
6.984776
7.10287
7.03505
7.153175
7.085382
7.20342
7.135817
7.253562
7.185948
7.303241
7.236196
7.353552
7.286596
7.403353
7.336243
7.45301
7.386079
7.502891
7.436326
7.552808
7.486254
7.602682
7.536192
7.652883
7.636048
7.702761
7.685739
7.752872
7.735528
7.803
7.834973
7.852715
7.885372
7.902874
7.935725
7.953253
7.986202
8.003674
8.036506
8.05409
8.086448
8.10428
8.136183
8.154023
8.186513
8.203691
8.236164
8.253613
8.286587
8.30354
8.336855
8.353477
8.387169
8.403402
8.436886
8.453465
8.486958
8.503284
8.536692
8.55322
8.586505
8.602936
8.636625
8.653401
8.686614
8.703071
8.736515
8.752748
8.786278
8.852482
8.836041
8.90268
8.886009
8.952517
8.93572
9.002243
8.985588
9.052602
9.035433
9.102276
9.085652
9.152069
9.136044
9.201779
9.18625
9.252002
9.235845
9.302114
9.286096
9.35196
9.336493
9.402106
9.386847
9.451974
9.436646
9.502071
9.486899
9.552238
9.537158
9.602027
9.586899
9.652057
9.636619
9.702362
9.686347
9.804055
9.736262
9.853332
9.787817
9.903922
9.836372
9.953694
9.886905
10.00405
9.936428
10.05379
9.986491
10.1041
10.03637
10.15381
10.08683
10.20363
10.13669
10.25352
10.18656
10.30326
10.23617
10.35329
10.28659
10.40357
10.33682
10.45395
10.43756
10.50375
10.48795
10.55339
10.53776
10.60325
10.58816
10.6535
10.63848
10.70383
10.68813
10.75363
10.7378
10.80391
10.78772
10.85428
10.83739
10.90401
10.88713
10.95374
10.9368
11.00336
10.98646
11.05375
11.03641
11.10413
11.08615
11.15391
11.13574
11.20357
11.18565
11.25337
11.23567
11.30364
11.28548
11.35331
11.33579
11.40302
11.38595
11.45314
11.4362
11.50327
11.48605
11.5529
11.53579
11.60321
11.58618
11.65317
11.68686
11.7035
11.73666
11.75373
11.78713
11.80367
11.83727
11.85373
11.88763
11.9041
11.93798
11.95392
11.98839
12.00403
12.03887
12.05446
12.089
12.1048
12.13869
12.15523
12.17356
12.20223
12.22122
12.25168
12.2714
12.30209
12.32112
12.35246
12.37139
12.40254
12.42177
12.45296
12.47146
12.50339
12.5219
12.55309
12.5723
12.60315
12.62265
12.65332
12.6725
12.7036
12.72298
12.75347
12.77324
12.80315
12.82336
12.85301
12.87379
12.90335
12.92348
12.95306
12.97312
13.00346
13.02312
13.0531
13.0739
13.1033
13.12391
13.15318
13.17348
13.20366
13.22316
13.25324
13.27297
13.30346
13.32337
13.40334
13.37311
13.45331
13.42278
13.50321
13.47277
13.55314
13.52262
13.60358
13.57251
13.65407
13.62298
13.70377
13.67337
13.75426
13.72375
13.80459
13.77423
13.85484
13.82443
13.90471
13.87468
13.95445
13.92504
14.00459
13.97474
14.05436
14.02514
14.10398
14.07497
14.15432
14.12482
14.20466
14.17488
14.25472
14.22529
14.30485
14.27548
14.35529
14.3253
14.40512
14.37522
14.50524
14.42486
14.55529
14.47461
14.60531
14.52503
14.65552
14.57527
14.70585
14.62538
14.75608
14.67572
14.80612
14.72533
14.85621
14.77571
14.90596
14.82536
14.9564
14.87527
15.0062
14.92574
15.05663
14.97542
15.10708
15.02561
15.1571
15.07595
15.20721
15.12599
15.25717
15.17573
15.30763
15.27647
15.35809
15.32666
15.40822
15.37658
15.45844
15.41771
15.50842
15.46739
15.5583
15.51767
15.6085
15.61767
15.65869
15.66808
15.70843
15.71847
15.7587
15.76884
15.80835
15.81847
15.85848
15.86894
15.9089
15.91867
15.95886
15.96913
16.00914
16.01947
16.05927
16.06914
16.1095
16.11949
16.15919
16.1693
16.20956
16.21972
16.25976
16.26971
16.31014
16.31985
16.35974
16.37006
16.40982
16.4206
16.45978
16.47087
16.51026
16.52011
16.56079
16.56979
16.61088
16.62004
16.66062
16.66991
16.71032
16.72038
16.75995
16.77079
16.81038
16.8205
16.86078
16.87039
16.91112
16.92037
16.96082
16.97043
17.01097
17.02072
17.06128
17.07081
17.11146
17.12127
17.16154
17.17156
17.21191
17.22176
17.26232
17.27175
17.31267
17.32212
17.36271
17.37173
17.4124
17.42138
17.46247
17.47112
17.5125
17.52123
17.56277
17.57107
17.61297
17.62103
17.66333
17.67151
17.7133
17.7217
17.76366
17.77148
17.81372
17.82177
17.86357
17.87189
17.91384
17.92188
17.96383
17.97217
18.01418
18.0225
18.06445
18.07264
18.11428
18.12282
18.1643
18.1729
18.21469
18.22301
18.26445
18.27283
18.31436
18.32275
18.36462
18.37306
18.41432
18.42334
18.46421
18.47337
18.51464
18.52356
18.56432
18.57322
18.66497
18.62365
18.71463
18.67327
18.76436
18.72354
18.81469
18.77316
18.86444
18.82352
18.91443
18.87322
18.96462
18.92293
19.01458
18.97326
19.06465
19.02309
19.11496
19.07309
19.16508
19.12306
19.21497
19.17342
19.26524
19.2234
19.31544
19.27348
19.36588
19.32372
19.41581
19.37354
19.4661
19.42342
19.5159
19.4732
19.56636
19.52341
19.61683
19.57374
19.66653
19.62339
19.71657
19.6736
19.76687
19.72358
19.81669
19.77691
19.86694
19.82359
19.91706
19.87361
19.96721
19.92361
20.01735
19.97357
20.0672
20.02332
20.1168
20.07352
20.16675
20.12343
20.21643
20.1734
20.26645
20.22373
20.31679
20.27379
20.36709
20.3242
20.41673
20.37398
20.46641
20.42378
20.51639
20.4742
20.56678
20.52415
20.61705
20.57384
20.66739
20.62405
20.71749
20.6742
20.76751
20.72412
20.81778
20.77385
20.86787
20.82411
20.91775
20.87388
20.96814
20.97438
21.01853
21.0245
21.0687
21.0749
21.11888
21.12452
21.16859
21.17499
21.21872
21.22519
21.2689
21.27516
21.3192
21.32535
21.36913
21.37517
21.41933
21.42565
21.46938
21.47545
21.5196
21.52558
21.56991
21.57585
21.61965
21.62625
21.67013
21.67636
21.72051
21.72668
21.77077
21.77701
21.82076
21.82668
21.87099
21.87681
21.92132
21.92648
21.97104
21.97668
22.02106
22.0263
22.07075
22.12615
22.12086
22.17631
22.17111
22.22663
22.22071
22.27664
22.27032
22.32679
22.32065
22.37645
22.37105
22.4267
22.42136
22.47696
22.47151
22.52737
22.52133
22.57779
22.57096
22.62799
22.62062
22.6783
22.67103
22.72812
22.72137
22.77768
22.77138
22.82779
22.82164
22.87788
22.86622
22.92801
22.91637
22.97121
22.96165
23.02115
23.01205
23.07113
23.0625
23.12135
23.11257
23.1712
23.16251
23.22089
23.21269
23.27049
23.26257
23.32051
23.31246
23.37032
23.36249
23.42071
23.41283
23.47124
23.4628
23.52072
23.51497
23.57074
23.56347
23.62099
23.61371
23.67088
23.66327
23.72095
23.71283
23.77101
23.76269
23.82128
23.81284
23.8712
23.86269
23.92101
23.91294
23.9707
23.96329
24.021
24.01308
24.07111
24.06296
24.12152
24.11299
24.17177
24.16341
24.22162
24.21328
24.27134
24.26333
24.32174
24.31359
24.3717
24.36348
24.42185
24.41336
24.47153
24.46382
24.5217
24.514
24.57159
24.56448
24.6219
24.6144
24.67217
24.71527
24.72204
24.76548
24.7721
24.81575
24.82239
24.86588
24.87253
24.91618
24.92215
24.9666
24.97188
25.01684
25.02237
25.06722
25.07215
25.11735
25.12191
25.16712
25.1719
25.21717
25.22223
25.26737
25.27259
25.31706
25.32284
25.36674
25.37315
25.41646
25.42335
25.46687
25.47349
25.51714
25.52318
25.56717
25.57305
25.61691
25.62298
25.66719
25.67302
25.71754
25.72303
25.76731
25.7731
25.81774
25.82324
25.86784
25.87357
25.9179
25.92394
25.96779
25.97376
26.01786
26.02407
26.06756
26.07417
26.11737
26.12397
26.16746
26.17442
26.21742
26.22413
26.26772
26.27397
26.31778
26.32396
26.36817
26.37384
26.41832
26.4239
26.46859
26.47354
26.51864
26.52349
26.56826
26.57313
26.61836
26.62295
26.66836
26.6732
26.71826
26.72286
26.76821
26.77296
26.81854
26.82334
26.86832
26.87383
26.91803
26.92386
26.96781
26.97383
27.01825
27.02366
27.06858
27.07336
27.11868
27.12353
27.16818
27.17402
27.21836
27.22415
27.26848
27.27388
27.31864
27.32377
27.36887
27.37411
27.4185
27.42401
27.46895
27.47421
27.5193
27.52427
27.56908
27.57442
27.61935
27.62407
27.66903
27.67443
27.7189
27.7244
27.76855
27.77458
27.8189
27.82473
27.86933
27.87433
27.919
27.92474
27.96935
27.97446
28.01902
28.02433
28.06923
28.07421
28.11954
28.12417
28.16982
28.17417
28.22023
28.22459
28.27039
28.27471
28.32046
28.32506
28.37049
28.37538
28.42012
28.42579
28.47039
28.47616
28.52008
28.52374
28.55485
28.57371
28.60485
28.61153
28.64488
28.66147
28.69528
28.71166
28.74519
28.76152
28.79535
28.81143
28.84548
28.86132
28.89513
28.91156
28.94542
28.96184
28.99539
29.0121
29.04581
29.06217
29.09622
29.11178
29.14657
29.16163
29.19667
29.21188
29.24632
29.26219
29.29637
29.31182
29.3464
29.36215
29.39611
29.41184
29.44624
29.46197
29.49674
29.51218
29.5466
29.56242
29.59644
29.61204
29.64657
29.66245
29.69686
29.71258
29.7467
29.76248
29.79706
29.81228
29.84667
29.8576
29.89636
29.90754
29.94658
29.95794
29.99685
30.00809
30.04703
30.05796
30.09692
30.09454
30.14725
30.14443
30.19519
30.19483
30.24512
30.24474
30.29492
30.29504
30.34466
30.34517
30.39438
30.397
30.4443
30.44564
30.49405
30.49605
30.54376
30.54593
30.59509
30.59583
30.64421
30.6461
30.69439
30.69643
30.7441
30.74682
30.79384
30.79699
30.84418
30.84707
30.89438
30.89733
30.94409
30.94767
30.99389
30.99735
31.04364
31.04699
31.09334
31.09723
31.14301
31.14734
31.19303
31.19701
31.2431
31.24735
31.29348
31.29766
31.34387
31.34765
31.39421
31.39802
31.44461
31.44849
31.4945
31.49819
31.54448
31.54861
31.59473
31.59835
31.64503
31.64879
31.69467
31.69918
31.74477
31.74946
31.7949
31.79995
31.84474
31.84958
31.89499
31.89994
31.94508
31.94806
31.99533
31.99846
32.04146
32.0485
32.09167
32.0988
32.14189
32.14917
32.19199
32.19958
32.24194
32.25
32.29197
32.30025
32.34196
32.35037
32.39228
32.40059
32.44212
32.45026
32.49234
32.5003
32.54222
32.55059
32.59255
32.60051
32.64282
32.65013
32.74295
32.70006
32.79299
32.74978
32.84306
32.79966
32.89308
32.84983
32.94287
32.8998
32.99275
32.95
33.04285
32.99963
33.09299
33.04938
33.14266
33.09898
33.19247
33.14931
33.24253
33.19966
33.29301
33.24998
33.34292
33.30019
33.39301
33.35022
33.44337
33.40023
33.49341
33.44992
33.54367
33.49982
33.59332
33.54963
33.64365
33.64962
33.69387
33.69978
33.74419
33.74992
33.79407
33.80025
33.84433
33.85055
33.89399
33.90018
33.94364
33.99942
33.99702
34.04938
34.0438
34.0994
34.09414
34.14916
34.14387
34.19942
34.19409
34.2494
34.24385
34.3498
34.29406
34.3995
34.34406
34.44976
34.39406
34.4994
34.44389
34.54977
34.49416
34.59948
34.54453
34.6496
34.5949
34.69948
34.64457
34.74976
34.69432
34.79996
34.74466
34.85023
34.79456
34.90055
34.84425
34.95087
34.89438
35.00122
34.94436
35.05089
34.99405
35.10131
35.04452
35.15128
35.09482
35.20116
35.19462
35.25082
35.24474
35.30115
35.29491
35.35152
35.34484
35.40187
35.39497
35.45212
35.44514
35.50252
35.49548
35.55249
35.54522
35.6026
35.59555
35.65301
35.64562
35.7032
35.69535
35.75291
35.74563
35.80259
35.79542
35.85241
35.8452
35.90226
35.89531
35.95213
35.94571
36.00241
35.99606
36.05228
36.04587
36.10254
36.09588
36.15244
36.14622
36.20274
36.19642
36.25254
36.24614
36.30227
36.29655
36.35274
36.34669
36.40233
36.39669
36.45284
36.44703
36.50325
36.49716
36.55356
36.54756
36.60378
36.59796
36.65416
36.64783
36.70409
36.69748
36.75413
36.7474
36.80438
36.79769
36.85446
36.848
36.90473
36.8984
36.95504
36.94802
37.00482
36.99779
37.05608
37.04771
37.10493
37.09768
37.15519
37.1474
37.20543
37.19724
37.25524
37.247
37.3049
37.29711
37.35462
37.34732
37.40475
37.39688
37.45519
37.44683
37.50531
37.49681
37.55524
37.54684
37.60502
37.59726
37.65504
37.64745
37.70481
37.69711
37.75522
37.74746
37.8052
37.79766
37.8549
37.84751
37.90488
37.89765
37.9551
37.9473
38.00523
37.99706
38.05563
38.04697
38.10568
38.09686
38.15563
38.14697
38.2061
38.19732
38.25655
38.24697
38.30642
38.29709
38.35611
38.34726
38.40603
38.39725
38.45636
38.44756
38.50648
38.49726
38.5566
38.54753
38.60647
38.59791
38.65674
38.64772
38.70675
38.69785
38.7566
38.74798
38.80646
38.79819
38.85643
38.84803
38.90636
38.89832
38.95667
38.94812
39.0066
38.99804
39.05666
39.04839
39.10693
39.09882
39.15695
39.14922
39.20685
39.19921
39.25313
39.24948
39.29692
39.2949
39.33859
39.33668
39.38886
39.38667
39.43852
39.43678
39.48818
39.48645
39.53813
39.5369
39.57935
39.57935
39.62951
39.62051
39.67744
39.65653
39.70331
39.68506
39.74195
39.72318
39.77286
39.75873
39.80899
39.79473
39.83539
39.83155
39.86764
39.85989
39.90257
39.90853
39.95295
39.94955
40.00299
39.98686
40.04266
40.03687
40.09266
40.0868
40.14299
40.13647
40.19284
40.18676
40.24308
40.23697
40.29308
40.2869
40.3433
40.33677
40.39354
40.38697
40.44366
40.43697
40.49351
40.48699
40.54393
40.53715
40.59365
40.58756
40.64337
40.63728
40.6968
40.687
40.74436
40.73675
40.79397
40.78645
40.84363
40.83674
40.89345
40.88649
40.94376
40.93645
40.99346
40.98674
41.04331
41.03702
41.09299
41.08714
41.14273
41.13674
41.19291
41.18662
41.29329
41.23638
41.33035
41.28662
41.38035
41.33665
41.43062
41.38295
41.48088
41.43268
41.53077
41.48306
41.58077
41.53333
41.63108
41.58332
41.68107
41.63372
41.73112
41.68407
41.78118
41.73401
41.83101
41.784
41.88097
41.83424
41.93064
41.88407
41.98095
41.93452
42.03122
41.98427
42.08106
42.03409
42.13117
42.08424
42.18155
42.13451
42.23116
42.18449
42.28093
42.23483
42.33069
42.28503
42.38086
42.33522
42.43115
42.38518
42.48133
42.43491
42.53147
42.48471
42.5812
42.53496
42.63141
42.58526
42.68174
42.63565
42.7314
42.68553
42.78168
42.73578
42.83189
42.78551
42.88235
42.83518
42.93216
42.88485
42.98229
42.93459
43.03276
42.98448
43.08302
43.03462
43.13319
43.08498
43.18345
43.13516
43.23345
43.18484
43.28368
43.23529
43.33346
43.28548
43.38387
43.33552
43.43361
43.3859
43.48343
43.43572
43.53242
43.48571
43.58202
43.53534
43.63199
43.58534
43.68225
43.63544
43.73206
43.68521
43.78225
43.73557
43.83235
43.78591
43.88228
43.83622
43.93259
43.88624
43.98288
43.93664
44.03321
43.98711
44.08381
44.03697
44.13359
44.08675
44.18357
44.13661
44.23293
44.1867
44.28332
44.23709
44.33371
44.2872
44.3838
44.34083
44.43359
44.3879
44.48324
44.4375
44.53312
44.48734
44.58284
44.53758
44.63249
44.58762
44.68273
44.63783
44.73299
44.68799
44.7833
44.73822
44.83353
44.78809
44.88325
44.83853
44.9332
44.88821
44.98355
44.93852
45.03329
44.98845
45.08298
45.03852
45.13329
45.08831
45.18296
45.13807
45.2326
45.23858
45.28263
45.28834
45.33252
45.33821
45.38219
45.3884
45.43184
45.43867
45.48222
45.48866
45.52993
45.53858
45.62976
45.58833
45.67952
45.6383
45.72997
45.68799
45.78005
45.73808
45.8297
45.78808
45.87936
45.83808
45.92908
45.88824
45.97897
45.93831
46.02895
45.98859
46.07904
46.03888
46.12901
46.08904
46.17869
46.13866
46.22911
46.18864
46.2793
46.2388
46.32909
46.28883
46.37937
46.33923
46.4291
46.38897
46.47896
46.43938
46.52863
46.48956
46.57903
46.54005
46.62864
46.5897
46.67909
46.64002
46.72922
46.6899
46.77926
46.73986
46.8291
46.78966
46.87877
46.83979
46.92862
46.88989
46.9786
46.94011
47.02873
46.99057
47.07899
47.04036
47.12873
47.09072
47.17895
47.14042
47.22882
47.1901
47.27909
47.23985
47.32919
47.28999
47.37935
47.33965
47.43009
47.38995
47.48034
47.43983
47.5308
47.48997
47.58021
47.53975
47.63051
47.59011
47.68074
47.64021
47.73066
47.69017
47.78028
47.74184
47.83008
47.79047
47.87974
47.84056
47.92954
47.89042
47.97925
47.93997
48.02926
47.99035
48.07895
48.04031
48.12939
48.08995
48.17951
48.14034
48.22921
48.19044
48.27967
48.24022
48.32961
48.28984
48.37987
48.33996
48.42953
48.38969
48.47927
48.44008
48.5292
48.48976
48.57883
48.5401
48.6292
48.59023
48.67906
48.64066
48.72871
48.69049
48.77844
48.7404
48.82867
48.79015
48.87884
48.83995
48.92918
48.88992
48.97887
48.93976
49.02916
48.98969
49.07902
49.03993
49.12896
49.08989
49.17926
49.13953
49.2295
49.18979
49.27919
49.23988
49.32883
49.28975
49.37882
49.33994
49.42915
49.38959
49.4795
49.43985
49.52979
49.49028
49.57943
49.54057
49.62914
49.59055
49.67889
49.64079
49.72903
49.69078
49.77917
49.74059
49.82936
49.79033
49.87984
49.84081
49.93005
49.89074
49.98029
49.94045
50.03062
49.99034
50.08025
50.04004
50.12991
50.08992
50.17977
50.13977
50.23003
50.19012
50.27975
50.23997
50.32947
50.28999
50.3797
50.33966
50.42967
50.39006
50.47994
50.43993
50.53153
50.5407
50.58038
50.59089
50.63091
50.6405
50.68029
50.6908
50.73029
50.74118
50.78003
50.79086
50.82987
50.84126
50.87967
50.89163
50.9295
50.94312
50.9799
50.99189
51.03003
51.04217
51.07995
51.09176
51.12993
51.14212
51.17989
51.19243
51.23009
51.24263
51.28003
51.29243
51.33049
51.34257
51.38016
51.39239
51.43041
51.44244
51.48003
51.49282
51.53049
51.54245
51.58082
51.59217
51.63048
51.64191
51.68039
51.69215
51.73026
51.74191
51.78019
51.79154
51.83009
51.84181
51.88053
51.89138
51.93077
51.94107
51.98074
51.99144
52.03074
52.0412
52.08112
52.09155
52.1316
52.14133
52.18187
52.19151
52.23166
52.24169
52.28178
52.292
52.33161
52.34234
52.38205
52.39277
52.43181
52.44276
52.48181
52.4931
52.53146
52.54307
52.58194
52.5934
52.63167
52.64332
52.68159
52.69323
52.73191
52.74323
52.78205
52.79289
52.83167
52.84325
52.88203
52.89367
52.93174
52.94402
52.98193
52.99389
53.03237
53.04356
53.08267
53.09318
53.13253
53.143
53.18279
53.19312
53.23271
53.24314
53.28233
53.29332
53.33223
53.34349
53.38245
53.39325
53.43229
53.44368
53.48192
53.49355
53.53178
53.54324
53.5821
53.59346
53.6319
53.6437
53.68159
53.69398
53.73191
53.74398
53.78245
53.79367
53.83292
53.8433
53.88323
53.89347
53.93291
53.94315
53.98272
53.99314
54.0327
54.04358
54.0831
54.09404
54.13285
54.14387
54.18303
54.19394
54.23298
54.2439
54.28308
54.29436
54.33295
54.34378
54.38278
54.39384
54.43241
54.44377
54.48243
54.4934
54.53227
54.54325
54.5821
54.643
54.63242
54.69285
54.68235
54.74318
54.73216
54.7935
54.78188
54.84372
54.83215
54.89391
54.8825
54.94372
54.9323
54.9941
54.98223
55.04391
55.03203
55.09356
55.0824
55.1929
55.13258
55.2433
55.18299
55.2937
55.23281
55.34361
55.28282
55.39377
55.33295
55.44344
55.3828
55.4935
55.43321
55.54356
55.48299
55.59327
55.53294
55.64352
55.58294
55.69374
55.63333
55.74368
55.68359
55.7936
55.73375
55.84388
55.78415
55.89423
55.83399
55.94436
55.88435
55.99464
55.93453
56.0444
55.9844
56.09478
56.03446
56.14467
56.08455
56.19437
56.13424
56.24404
56.18424
56.2937
56.28418
56.3441
56.33424
56.39408
56.38431
56.44428
56.43391
56.49408
56.48401
56.54443
56.5343
56.59414
56.58464
56.64375
56.63488
56.69402
56.6845
56.7442
56.73499
56.79435
56.78466
56.84461
56.88499
56.89494
56.9348
56.94512
56.98483
56.99545
57.03497
57.04552
57.08627
57.09514
57.13512
57.13646
57.18509
57.18626
57.23544
57.23595
57.28539
57.28564
57.33526
57.33606
57.38499
57.38573
57.43536
57.43565
57.48572
57.48548
57.53585
57.53521
57.58633
57.58519
57.63676
57.63493
57.68637
57.68535
57.73611
57.73495
57.78657
57.78445
57.83659
57.83472
57.8869
57.88507
57.93704
57.93518
57.98703
57.9856
58.03737
58.03553
58.08716
58.08567
58.13721
58.13587
58.18758
58.1861
58.23731
58.23638
58.28738
58.2862
58.33749
58.3366
58.38798
58.43744
58.43817
58.4878
58.48845
58.538
58.53811
58.58826
58.5878
58.63873
58.63751
58.68891
58.68718
58.73893
58.73748
58.78924
58.78784
58.83945
58.83813
58.88985
58.88802
58.94011
58.93769
58.99035
58.98803
59.04025
59.0383
59.08999
59.08863
59.1396
59.13861
59.18935
59.18876
59.23922
59.2392
59.28916
59.28883
59.33889
59.33846
59.38871
59.38886
59.43851
59.43935
59.48884
59.4894
59.53929
59.53982
59.58904
59.5901
59.63876
59.64034
59.68912
59.69075
59.73875
59.74093
59.78872
59.79107
59.83878
59.84102
59.88907
59.89142
59.93921
59.94122
59.98931
59.9914
60.03978
60.04149
60.08944
60.09129
60.13909
60.14168
60.18942
60.19173
60.23909
60.24208
60.2895
60.29251
60.33993
60.34265
60.39023
60.39667
60.44047
60.44348
60.49023
60.49363
60.54067
60.54321
60.59097
60.59285
60.64136
60.64327
60.6918
60.69312
60.74205
60.74332
60.79233
60.79352
60.8423
60.84346
60.89223
60.89325
60.94326
60.943
60.9919
60.99326
61.04247
61.0431
61.09209
61.09304
61.1424
61.14279
61.19209
61.24284
61.24213
61.29258
61.292
61.34266
61.34169
61.39293
61.39147
61.44326
61.44159
61.49306
61.49137
61.54293
61.54162
61.59299
61.59159
61.64339
61.64188
61.69319
61.69217
61.74305
61.74231
61.79283
61.79268
61.8427
61.84292
61.89259
61.89297
61.9423
61.94312
61.99279
61.99292
62.04252
62.04254
62.09275
62.0929
62.14308
62.14318
62.19311
62.1928
62.24356
62.24266
62.29388
62.29251
62.34355
62.34232
62.39335
62.39202
62.44377
62.44184
62.49344
62.4922
62.54316
62.54244
62.59297
62.59243
62.64278
62.64293
62.69251
62.69337
62.74289
62.79386
62.79322
62.84418
62.84321
62.89404
62.89309
62.94372
62.94269
62.9934
62.99294
63.04363
63.04268
63.09404
63.0929
63.14406
63.14299
63.19452
63.19323
63.24485
63.24347
63.29456
63.29376
63.34428
63.34407
63.39472
63.39399
63.44506
63.44427
63.49548
63.49435
63.54591
63.54448
63.59618
63.59423
63.64611
63.6449
63.69638
63.69481
63.74603
63.74445
63.79648
63.79376
63.84614
63.84338
63.89582
63.89319
63.94622
63.94302
63.99657
63.99346
64.04671
64.04395
64.09637
64.0944
64.14615
64.14465
64.19601
64.19476
64.2466
64.24519
64.29695
64.29558
64.34669
64.34565
64.39646
64.39606
64.44643
64.44638
64.49623
64.49608
64.54614
64.5459
64.59603
64.59624
64.64586
64.64664
64.69573
64.69653
64.74548
64.7467
64.79534
64.79704
64.84507
64.84671
64.89222
64.88898
64.9378
64.93893
64.98743
64.98771
65.03043
65.03767
65.07942
65.08739
65.12949
65.13747
65.17994
65.18733
65.22961
65.23776
65.27959
65.28764
65.32966
65.38736
65.38015
65.43757
65.43056
65.48734
65.48088
65.53737
65.53087
65.58722
65.58101
65.63744
65.63148
65.68771
65.68127
65.73744
65.731
65.78431
65.76787
65.82491
65.81641
65.86578
65.85513
65.91561
65.9054
65.9659
65.95528
66.01605
66.00568
66.0659
66.05574
66.11558
66.10617
66.16577
66.15614
66.21582
66.20657
66.26604
66.25626
66.31582
66.30627
66.3661
66.35638
66.41625
66.4064
66.46664
66.45619
66.51652
66.50584
66.56642
66.5556
66.61681
66.60592
66.6667
66.65612
66.71702
66.70604
66.76704
66.75603
66.81738
66.80625
66.8677
66.85609
66.91795
66.9065
66.96842
66.95686
67.01883
67.0065
67.0686
67.05682
67.11862
67.10697
67.16849
67.15691
67.22021
67.20605
67.26867
67.25584
67.3191
67.30555
67.369
67.35549
67.41817
67.40585
67.46835
67.45618
67.51853
67.50652
67.56886
67.55618
67.61929
67.60635
67.66888
67.65621
67.71925
67.70607
67.76895
67.75605
67.81865
67.80577
67.86909
67.85558
67.91873
67.90584
67.96854
67.95776
68.01827
68.0067
68.068
68.05678
68.11786
68.10628
68.16808
68.15569
68.21821
68.20535
68.26854
68.25521
68.31825
68.30503
68.36787
68.35551
68.41792
68.40577
68.46786
68.45596
68.51771
68.50613
68.56797
68.55614
68.61797
68.60589
68.66793
68.65607
68.71806
68.70606
68.7681
68.75646
68.81806
68.80646
68.86773
68.85629
68.91811
68.90633
68.9684
68.95637
69.01826
69.00661
69.06847
69.05707
69.11817
69.1068
69.16846
69.15695
69.21886
69.20709
69.26923
69.25756
69.31933
69.30802
69.36957
69.35807
69.41993
69.40829
69.47016
69.45827
69.51977
69.50847
69.56544
69.5588
69.61544
69.60927
69.66518
69.65958
69.71511
69.70927
69.75902
69.74878
69.80875
69.79909
69.85836
69.84943
69.90876
69.89948
69.95864
69.94967
70.00829
69.99938
70.05805
70.04905
70.10783
70.09885
70.15833
70.14895
70.20822
70.19926
70.25823
70.2495
70.30845
70.29971
70.35876
70.34934
70.40838
70.39925
70.45868
70.44913
70.50888
70.49877
70.55903
70.54857
70.60934
70.5983
70.65933
70.64839
70.70924
70.69836
70.75941
70.74879
70.80991
70.79852
70.85978
70.84835
70.91024
70.89799
70.96017
70.94823
71.00984
70.99857
71.0597
71.04884
71.1095
71.09853
71.15943
71.14823
71.20911
71.19862
71.25901
71.24899
71.30926
71.29939
71.35887
71.34958
71.40857
71.3997
71.4583
71.44939
71.50273
71.49934
71.55302
71.54948
71.60268
71.60134
71.65316
71.65017
71.7028
71.70045
71.75279
71.74981
71.80254
71.80023
71.85256
71.8502
71.89121
71.90022
71.94155
71.95058
71.99162
72.00047
72.04126
72.05077
72.09152
72.10049
72.14165
72.15034
72.19192
72.19997
72.24001
72.24528
72.29014
72.29503
72.34014
72.34508
72.39059
72.39497
72.44077
72.44461
72.49081
72.49444
72.54102
72.5447
72.59141
72.59495
72.64181
72.64467
72.69147
72.69501
72.74171
72.7454
72.79134
72.79582
72.84113
72.84626
72.89094
72.89642
72.94093
72.94666
72.99087
72.99687
73.04058
73.04727
73.09107
73.09776
73.14086
73.14821
73.19114
73.19833
73.24087
73.24799
73.29073
73.298
73.34058
73.3484
73.39073
73.39814
73.4407
73.44861
73.49063
73.49867
73.54092
73.54835
73.59056
73.59798
73.64098
73.64772
73.69129
73.69785
73.74171
73.74765
73.79212
73.79808
73.84177
73.84807
73.89196
73.89845
73.94183
73.9486
73.99155
73.99899
74.04198
74.04865
74.09229
74.09838
74.14265
74.14867
74.19271
74.19847
74.24311
74.24895
74.29504
74.29852
74.34368
74.349
74.39404
74.39941
74.44368
74.44965
74.49301
74.50001
74.54327
74.55032
74.59351
74.60018
74.64398
74.64987
74.69375
74.69954
74.74405
74.74927
74.79371
74.7992
74.84411
74.8496
74.89389
74.89984
74.94431
74.94952
74.99409
74.99923
75.04371
75.04952
75.09351
75.09982
75.14317
75.14976
75.19341
75.19955
75.2432
75.24947
75.29343
75.29955
75.3438
75.34938
75.3942
75.39925
75.44469
75.44965
75.49468
75.49964
75.54461
75.54998
75.59449
75.59963
75.6446
75.64998
75.69492
75.69992
75.74461
75.75024
75.79434
75.80064
75.84399
75.85094
75.89387
75.90058
75.94376
75.95031
75.99355
76.00058
76.04366
76.05104
76.09364
76.10109
76.14368
76.15089
76.19339
76.20084
76.2432
76.25076
76.29292
76.30043
76.34274
76.35023
76.39259
76.39995
76.44294
76.44976
76.49259
76.49947
76.54307
76.54996
76.59279
76.60001
76.64306
76.64973
76.69319
76.70015
76.74285
76.74997
76.79285
76.8
76.8425
76.85033
76.89266
76.90044
76.9425
76.9503
76.99245
77.00029
77.0424
77.05019
77.09227
77.10017
77.1424
77.15057
77.19231
77.20087
77.24239
77.25052
77.2921
77.30042
77.34177
77.3501
77.39376
77.40015
77.44216
77.45042
77.49207
77.50009
77.54207
77.54996
77.59206
77.60029
77.64196
77.65007
77.69223
77.70005
77.7421
77.75002
77.79185
77.80012
77.84205
77.85018
77.89232
77.90022
77.94228
77.94998
77.99203
78.00024
78.04202
78.05011
78.09206
78.09974
78.14224
78.14951
78.19255
78.20142
78.24297
78.24988
78.29302
78.30036
78.34268
78.34993
78.3931
78.39996
78.44345
78.43906
78.49383
78.48903
78.54369
78.53899
78.59401
78.589
78.64411
78.63931
78.69395
78.68919
78.74371
78.73914
78.79364
78.7888
78.84371
78.83857
78.89381
78.88877
78.9442
78.93709
78.99429
78.98673
79.04467
79.03683
79.09502
79.08646
79.14464
79.1361
79.1947
79.18639
79.24454
79.23633
79.29465
79.28625
79.34453
79.33605
79.39447
79.38651
79.44437
79.43637
79.49448
79.4863
79.5443
79.53635
79.5945
79.58657
79.64477
79.63652
79.69449
79.68658
79.74428
79.73664
79.79462
79.78648
79.84456
79.83685
79.89483
79.88691
79.94447
79.9371
79.99481
79.98758
80.04455
80.03804
80.09449
80.08836
80.14462
80.13835
80.19452
80.18877
80.24492
80.23838
80.2948
80.28883
80.34482
80.33875
80.39467
80.38908
80.44489
80.43949
80.49514
80.48947
80.54486
80.53944
80.59486
80.58923
80.64466
80.63908
80.69455
80.68935
80.74465
80.73898
80.79458
80.78904
80.84434
80.83876
80.89438
80.88896
80.94437
80.93909
80.99439
80.98893
81.04459
81.03902
81.09457
81.08909
81.14491
81.13883
81.19506
81.18866
81.24506
81.23849
81.29492
81.28857
81.34459
81.33876
81.39432
81.3884
81.44445
81.43832
81.49454
81.48828
81.54489
81.53838
81.59456
81.58805
81.63844
81.62587
81.6881
81.67567
81.73819
81.72588
81.7883
81.77586
81.83796
81.82599
81.88796
81.87626
81.93792
81.92631
81.98823
81.97628
82.03815
82.02618
82.08823
82.07595
82.13851
82.12567
82.18819
82.17582
82.23802
82.22625
82.28845
82.27661
82.33816
82.32631
82.38814
82.37627
82.43815
82.42648
82.48788
82.47686
82.53815
82.52723
82.58838
82.57684
82.63862
82.6272
82.68878
82.67693
82.73869
82.72671
82.78838
82.7771
82.83831
82.82726
82.88821
82.87711
82.93835
82.92693
82.98829
82.97663
83.03802
83.02707
83.08784
83.07671
83.13757
83.12659
83.18784
83.17652
83.23753
83.22677
83.28796
83.27652
83.33762
83.3266
83.38811
83.37632
83.4384
83.42619
83.48897
83.47609
83.53869
83.52595
83.58829
83.57569
83.63794
83.62604
83.68836
83.72601
83.73822
83.77591
83.7886
83.82599
83.83849
83.87592
83.88846
83.92564
83.93826
83.9753
83.98796
84.02568
84.03819
84.07537
84.08831
84.12565
84.13809
84.17602
84.23792
84.22615
84.28829
84.27635
84.33847
84.32646
84.38886
84.37615
84.43905
84.42786
84.48914
84.47661
84.53877
84.52644
84.58854
84.57626
84.63824
84.6261
84.68826
84.6761
84.73818
84.72653
84.78837
84.7764
84.83807
84.82637
84.88815
84.87614
84.9379
84.92582
84.98773
84.97569
85.0381
85.02592
85.08779
85.07606
85.13805
85.12656
85.18781
85.17683
85.23759
85.22701
85.28806
85.27744
85.33831
85.3277
85.38859
85.37787
85.43906
85.42809
85.489
85.47807
85.53944
85.52828
85.58963
85.57863
85.6394
85.62873
85.68974
85.67913
85.73936
85.72942
85.78979
85.77989
85.83978
85.82996
85.88979
85.88021
85.93973
85.93015
85.98978
85.97422
86.03473
86.02399
86.07719
86.06742
86.12068
86.1172
86.16331
86.15929
86.21165
86.20055
86.25082
86.24414
86.28793
86.2805
86.32171
86.31155
86.35271
86.34488
86.37001
86.36639
86.38923
86.38702
86.41171
86.40867
86.43412
86.42867
86.45238
86.45048
86.47408
86.4712
86.50278
86.48681
86.52611
86.51024
86.54188
86.52854
86.56285
86.54771
86.5801
86.56427
86.59818
86.58323
86.62141
86.60227
86.63801
86.6487
86.65459
86.66251
86.66994
86.6783
86.68501
86.6903
86.70741
86.70554
86.71961
86.71796
86.73532
86.73614
86.74905
86.74963
86.76158
86.76218
86.7767
86.7794
86.78957
86.78965
86.80402
86.80567
86.8206
86.8213
86.83884
86.83559
86.85461
86.84865
86.86974
86.86425
86.88337
86.8788
86.89573
86.89307
86.90703
86.90634
86.9216
86.92049
86.93557
86.9314
86.95173
86.94474
86.96571
86.95911
86.97887
86.98289
86.98916
86.99654
87.00411
87.01003
87.01794
87.02293
87.03056
87.03467
87.0441
87.0482
87.05904
87.06083
87.08211
87.08612
87.08968
87.09362
87.10518
87.11957
87.11676
87.13171
87.12869
87.14416
87.14191
87.15443
87.15638
87.16936
87.17041
87.18246
87.18511
87.194
87.19791
87.21037
87.20844
87.21857
87.22237
87.24444
87.23835
87.2582
87.25121
87.36723
87.2679
87.40923
87.28017
87.42307
87.28761
87.48163
87.29807
87.4958
87.31174
87.50829
87.32098
87.51793
87.33228
87.53129
87.34737
87.54052
87.35481
87.5508
87.36758
87.56171
87.37691
87.57233
87.3913
87.58406
87.40355
87.59333
87.41675
87.60259
87.43214
87.61596
87.44044
87.62339
87.45341
87.63586
87.46751
87.64506
87.48086
87.65244
87.49934
87.65969
87.51144
87.66691
87.52724
87.6761
87.54204
87.68529
87.55531
87.69268
87.56583
87.70191
87.57859
87.71359
87.5938
87.72279
87.60579
87.73004
87.6162
87.74179
87.62797
87.75203
87.64179
87.76126
87.65096
87.7715
87.66115
87.78319
87.67036
87.79038
87.67776
87.79961
87.68703
87.81018
87.69624
87.8219
87.70362
87.83266
87.71084
87.83999
87.72115
87.84715
87.73041
87.85435
87.74213
87.86605
87.75323
87.87978
87.76246
87.89578
87.7717
87.91179
87.78332
87.92687
87.7926
87.93459
87.80617
87.94377
87.82003
87.95294
87.82722
87.96215
87.83443
87.96932
87.84362
87.97992
87.85094
87.98911
87.94563
87.99934
87.95488
88.00852
87.9672
88.01569
87.9764
88.02288
87.98561
88.0331
87.9948
88.04028
88.00401
88.05051
88.01506
88.05772
88.0253
88.06689
88.03449
88.07404
88.04375
88.08123
88.05553
88.09225
88.06581
88.10143
88.07763
88.10861
88.08689
88.1156
88.09856
88.1226
88.10777
88.13178
88.117
88.13896
88.12728
88.14614
88.13755
88.15534
88.14493
88.16272
88.15213
88.17195
88.16402
88.18459
88.17125
88.19378
88.18153
88.20803
88.19182
88.21937
88.20502
88.23115
88.21786
88.24785
88.23106
88.25583
88.25606
88.26308
88.26867
88.27012
88.2804
88.27931
88.29214
88.28664
88.30134
88.29385
88.31049
88.30407
88.3177
88.31329
88.32694
88.32552
88.33849
88.33271
88.34569
88.33991
88.35296
88.34996
88.36711
88.36163
88.37875
88.36896
88.39635
88.37817
88.40565
88.38844
88.42173
88.42941
88.44967
88.44585
88.46235
88.46016
88.48548
88.48278
88.53082
88.50802
88.54599
88.53725
88.56548
88.55176
88.57806
88.56951
88.59059
88.58154
88.61156
88.60948
88.6244
88.61911
88.65149
88.64711
88.66932
88.66058
88.69035
88.68269
88.70375
88.69791
88.71806
88.71315
88.72892
88.72958
88.74341
88.74444
88.75795
88.75177
88.77307
88.76357
88.79508
88.78094
88.81364
88.79594
88.82741
88.81369
88.85391
88.82986
88.86572
88.85977
88.88848
88.87413
88.90005
88.8989
88.92572
88.9109
88.94092
88.93164
88.95308
88.94808
88.96767
88.96693
88.98212
88.9774
89.00417
88.9999
89.01848
89.01197
89.03288
89.02604
89.04504
89.0379
89.06035
89.05813
89.07532
89.07214
89.08652
89.0797
89.10127
89.0969
89.11177
89.11806
89.12466
89.12849
89.13381
89.13736
89.14719
89.14463
89.15644
89.154
89.16567
89.16344
89.17821
89.17737
89.1915
89.1867
89.19872
89.19856
89.21067
89.20795
89.2179
89.21837
89.23055
89.22581
89.23772
89.23296
89.24693
89.24046
89.25867
89.25496
89.26784
89.26482
89.28061
89.2801
89.29067
89.28762
89.30781
89.30161
89.31966
89.31496
89.33218
89.3268
89.34141
89.33729
89.35312
89.35053
89.36243
89.35806
89.37577
89.37209
89.38506
89.37952
89.39763
89.3911
89.4109
89.40135
89.42018
89.40862
89.43108
89.42023
89.44137
89.43048
89.44874
89.43772
89.45804
89.44696
89.46958
89.45876
89.47697
89.46796
89.4885
89.4752
89.49771
89.48443
89.50696
89.49369
89.5162
89.51215
89.52647
89.52141
89.53574
89.52868
89.54746
89.53899
89.55674
89.54642
89.56596
89.55672
89.57524
89.56596
89.58839
89.57523
89.59571
89.58551
89.60317
89.59487
89.61707
89.60938
89.62453
89.61666
89.63379
89.62701
89.64412
89.63735
89.65744
89.65072
89.67136
89.65813
89.68166
89.66739
89.69193
89.67773
89.70117
89.69102
89.7086
89.70222
89.72207
89.71672
89.73698
89.72412
89.75303
89.73686
89.76791
89.75158
89.7832
89.76423
89.7906
89.77606
89.8056
89.79005
89.8206
89.80012
89.83379
89.82935
89.84722
89.84319
89.86314
89.85607
89.87531
89.86858
89.8908
89.88033
89.90193
89.89349
89.91813
89.90086
89.92843
89.91339
89.94018
89.92796
89.95189
89.9366
89.95917
89.95662
89.96947
89.96835
89.97993
89.97862
89.9872
89.98602
89.99644
89.99532
