0.009277788
0.007465146
0.0221318
0.01933121
0.03145649
0.03213084
0.04421063
0.04503695
0.05405812
0.05440929
0.0663786
0.06863415
0.07849932
0.08019198
0.08891123
0.08679012
0.1013091
0.09918132
0.1128608
0.1115956
0.1268645
0.1204768
0.1380602
0.1360764
0.1495934
0.144941
0.1614658
0.1550302
0.1736613
0.1687068
0.184661
0.1803796
0.1972088
0.1928293
0.2086022
0.2054601
0.2215771
0.2192328
0.2317397
0.2322948
0.2411971
0.2441967
0.2497408
0.2558072
0.2627321
0.2686732
0.2783631
0.2792064
0.2899224
0.2896728
0.2988064
0.3012601
0.3083978
0.3121015
0.3214579
0.32447
0.3300723
0.3371926
0.3439845
0.347911
0.3572532
0.3565732
0.3659404
0.3685646
0.3802377
0.3808413
0.3920729
0.3906348
0.4007397
0.3995392
0.4146061
0.408272
0.431593
0.4232992
0.4427261
0.4364567
0.4542607
0.4482628
0.460892
0.4575267
0.4730567
0.4641168
0.4857
0.4738352
0.4989564
0.4871868
0.5075932
0.4957908
0.5219235
0.5084572
0.5285196
0.5214279
0.5371592
0.5344692
0.5493216
0.5446481
0.5622357
0.5573164
0.5740957
0.5674018
0.5869289
0.5769349
0.5979118
0.5864868
0.6117238
0.599376
0.6244009
0.6079631
0.6369524
0.617592
0.6506668
0.6299876
0.6606604
0.6413331
0.6749851
0.6564475
0.6862305
0.6663806
0.69872
0.6750262
0.7105154
0.689224
0.7238296
0.6994547
0.7369815
0.7114546
0.7497901
0.7204563
0.7647623
0.7327957
0.7801307
0.7418226
0.7975883
0.7530555
0.8105882
0.7653864
0.8227673
0.7747759
0.8350999
0.7908254
0.8481013
0.803632
0.8547118
0.8137855
0.86437
0.8277078
0.8772883
0.8364642
0.8839073
0.8512492
0.8924966
0.8643968
0.9041066
0.877059
0.9133959
0.8901713
0.9220942
0.901965
0.9321957
0.9151956
0.9461953
0.9283246
0.9583637
0.9409782
0.972124
0.9495782
0.9834361
0.9626297
0.9980544
0.9717941
1.008096
0.9868484
1.02131
0.9982456
1.030825
1.007441
1.042637
1.022697
1.053224
1.037655
1.066394
1.052117
1.079986
1.064128
1.093352
1.077094
1.105037
1.085727
1.1165
1.098097
1.125032
1.111793
1.131683
1.120458
1.144255
1.131683
1.156725
1.140288
1.163346
1.152425
1.172365
1.165579
1.187554
1.175585
1.199494
1.18511
1.208045
1.194049
1.214624
1.204057
1.221053
1.21398
1.231058
1.22059
1.240444
1.229913
1.247036
1.23649
1.256428
1.242905
1.265232
1.25305
1.278443
1.261679
1.28519
1.270287
1.293768
1.278856
1.303491
1.28742
1.312037
1.29628
1.318616
1.308724
1.327238
1.317959
1.335986
1.330017
1.344721
1.33659
1.353302
1.345225
1.361891
1.355508
1.368694
1.364056
1.379573
1.372655
1.388153
1.379412
1.396776
1.387968
1.403387
1.396643
1.411922
1.405176
1.418505
1.413809
1.427122
1.422521
1.43615
1.433566
1.442721
1.44014
1.451773
1.448706
1.46031
1.455253
1.471889
1.46172
1.480512
1.470786
1.489084
1.477378
1.495676
1.485986
1.506636
1.49262
1.515218
1.504008
1.526071
1.510586
1.532684
1.519452
1.541167
1.528083
1.54976
1.534816
1.558354
1.541427
1.567943
1.552318
1.574518
1.561203
1.58308
1.570436
1.589646
1.580947
1.596051
1.589692
1.604648
1.598235
1.611213
1.604827
1.617819
1.616229
1.629679
1.62301
1.638252
1.631647
1.644831
1.641687
1.654975
1.652235
1.663537
1.662249
1.67217
1.670805
1.678745
1.679421
1.687317
1.691894
1.694096
1.700625
1.706366
1.711704
1.712957
1.720306
1.724368
1.732582
1.73095
1.739151
1.739916
1.745736
1.748476
1.754882
1.75811
1.763497
1.764755
1.772049
1.773343
1.780629
1.781967
1.789277
1.791819
1.798674
1.798434
1.805247
1.807033
1.815555
1.818206
1.824164
1.824948
1.832888
1.833639
1.839474
1.840381
1.850292
1.850682
1.861313
1.857246
1.870045
1.863647
1.876618
1.872219
1.883202
1.87914
1.892293
1.887692
1.899045
1.894271
1.910074
1.902899
1.916645
1.909445
1.927445
1.915845
1.935944
1.922247
1.942504
1.930835
1.948913
1.940039
1.957579
1.94858
1.968287
1.955152
1.976818
1.961559
1.983379
1.970177
1.991953
1.976913
1.998712
1.985446
2.009903
1.994227
2.018845
2.003156
2.029944
2.009741
2.038463
2.021372
2.047044
2.029972
2.053617
2.038682
2.062304
2.045267
2.071306
2.053823
2.082031
2.062413
2.090576
2.071017
2.099241
2.079635
2.109266
2.108203
2.117975
2.116772
2.130942
2.127175
2.137508
2.14621
2.146087
2.159175
2.154739
2.167939
2.166241
2.180501
2.17543
2.189728
2.187088
2.201878
2.193886
2.213107
2.204494
2.219692
2.213017
2.228707
2.221629
2.235334
2.232058
2.244137
2.244593
2.250877
2.254333
2.259414
2.260941
2.266006
2.268995
2.272574
2.27774
2.282549
2.286295
2.297809
2.296903
2.30443
2.305804
2.315824
2.312366
2.324407
2.318773
2.334707
2.327398
2.347806
2.338429
2.356764
2.350838
2.365728
2.357439
2.37229
2.366172
2.378699
2.377932
2.389326
2.386961
2.395938
2.399073
2.40934
2.4086
2.416304
2.41557
2.429818
2.429735
2.436435
2.440153
2.447735
2.45033
2.454303
2.459032
2.465724
2.467569
2.474284
2.474303
2.482878
2.482856
2.491436
2.489636
2.498015
2.498214
2.506533
2.511016
2.513089
2.517568
2.519494
2.524005
2.528325
2.530568
2.539723
2.537168
2.559636
2.545793
2.566257
2.554346
2.583486
2.560959
2.594765
2.571567
2.603435
2.580302
2.611987
2.592235
2.629218
2.598799
2.637835
2.605368
2.646484
2.613945
2.653034
2.622501
2.659615
2.631034
2.674767
2.637624
2.681165
2.648655
2.696262
2.659158
2.704833
2.669992
2.713416
2.678564
2.740432
2.685131
2.747397
2.691567
2.760086
2.700099
2.768698
2.708728
2.775269
2.717276
2.783831
2.723878
2.794697
2.732663
2.801316
2.741338
2.807718
2.750364
2.816266
2.756964
2.835732
2.763543
2.842296
2.769939
2.85101
2.776533
2.857606
2.787818
2.866247
2.794791
2.872829
2.805897
2.882416
2.812465
2.890941
2.818871
2.897533
2.827515
2.909097
2.839096
2.918073
2.848406
2.924813
2.857029
2.933357
2.867387
2.939942
2.875948
2.971783
2.884497
2.978354
2.894413
2.986923
2.902995
2.995534
2.911597
3.004207
2.923488
3.010761
2.93005
3.01734
2.936625
3.028779
2.94521
3.035382
2.954025
3.044007
2.964737
3.0526
2.976228
3.05916
2.982962
3.068472
2.991592
3.075047
2.998161
3.085006
3.006761
3.102453
3.015294
3.109207
3.022063
3.119892
3.031
3.128467
3.03956
3.135065
3.048826
3.163135
3.055393
3.171759
3.063978
3.178313
3.072511
3.193538
3.079082
3.200292
3.087661
3.206685
3.094261
3.221943
3.10285
3.228491
3.109558
3.235091
3.116146
3.241525
3.127491
3.253204
3.136045
3.261799
3.145
3.26839
3.156403
3.274949
3.162957
3.28149
3.17154
3.29793
3.181416
3.306823
3.191121
3.316377
3.200959
3.322935
3.209662
3.335751
3.216393
3.342156
3.223004
3.350741
3.231591
3.360442
3.238156
3.367215
3.246691
3.376057
3.255259
3.386331
3.263824
3.392877
3.272424
3.399308
3.280988
3.405687
3.289602
3.412087
3.296156
3.423954
3.302556
3.432549
3.311089
3.441753
3.319643
3.454038
3.331057
3.462582
3.339664
3.471148
3.348269
3.479686
3.360667
3.490511
3.369244
3.497077
3.378258
3.505621
3.389154
3.514254
3.395718
3.522872
3.402287
3.531591
3.410866
3.541709
3.421487
3.551082
3.433086
3.564
3.441592
3.570615
3.450286
3.581592
3.463004
3.590456
3.471525
3.599351
3.481869
3.606084
3.492939
3.612484
3.504153
3.618932
3.510724
3.631332
3.519247
3.642551
3.527853
3.651065
3.536717
3.659592
3.543113
3.668279
3.551602
3.676771
3.561717
3.68755
3.570462
3.696083
3.583304
3.704991
3.592539
3.713482
3.602572
3.726328
3.611076
3.735749
3.62072
3.745986
3.63095
3.757663
3.641056
3.768373
3.647454
3.774947
3.655977
3.785814
3.667458
3.798682
3.676012
3.811101
3.688482
3.823549
3.695114
3.8363
3.706261
3.847329
3.713007
3.858881
3.724149
3.869264
3.734615
3.87808
3.744736
3.884681
3.754054
3.897241
3.760662
3.905786
3.76917
3.916196
3.778193
3.927279
3.789453
3.933919
3.799655
3.944212
3.809532
3.952789
3.819456
3.962322
3.826081
3.974772
3.834913
3.983278
3.843391
3.996246
3.851879
4.002878
3.861347
4.015927
3.872747
4.026011
3.881213
4.03501
3.890186
4.046847
3.90219
4.055343
3.914638
4.066409
3.927079
4.077705
3.937466
4.089303
3.946341
4.095876
3.957478
4.105321
3.966012
4.117256
3.977611
4.12384
3.984211
4.13021
3.99744
4.137008
4.007877
4.14341
4.020375
4.152191
4.030789
4.160644
4.043326
4.167449
4.054965
4.176911
4.064853
4.188124
4.075246
4.196606
4.086808
4.203202
4.093465
4.209608
4.105991
4.219275
4.11821
4.231274
4.131385
4.23791
4.139899
4.248124
4.151455
4.258969
4.160496
4.271173
4.173704
4.283192
4.182202
4.295704
4.194977
4.307852
4.203583
4.320458
4.214529
4.332968
4.225863
4.343724
4.237378
4.358181
4.249128
4.371531
4.262594
4.384398
4.271667
4.396646
4.2836
4.408589
4.296927
4.422226
4.311805
4.432339
4.329844
4.447271
4.349257
4.45965
4.36238
4.47536
4.375495
4.488931
4.38765
4.505556
4.401899
4.519965
4.417822
4.526603
4.430995
4.539569
4.442258
4.553373
4.454671
4.570596
4.479902
4.583623
4.492866
4.59771
4.507324
4.612857
4.523003
4.625622
4.536303
4.638655
4.551727
4.652984
4.565108
4.665233
4.574239
4.683037
4.589232
4.696384
4.603103
4.709848
4.618444
4.726859
4.628365
4.741643
4.641867
4.7482
4.658193
4.760987
4.676316
4.776973
4.692456
4.793988
4.704792
4.805046
4.722832
4.819365
4.737523
4.834162
4.751233
4.850929
4.767324
4.870359
4.783453
4.88239
4.796649
4.895915
4.817192
4.917898
4.831256
4.928639
4.847797
4.944295
4.864192
4.959905
4.88103
4.97178
4.892719
4.989227
4.909787
5.006915
4.926856
5.089927
4.940755
5.10486
4.96865
5.120624
4.9831
5.133837
5.00756
5.149117
5.025245
5.161901
5.047386
5.175321
5.06689
5.191381
5.080567
5.204977
5.096726
5.220301
5.113376
5.236049
5.12989
5.253954
5.147759
5.270571
5.166631
5.283341
5.187164
5.301318
5.210112
5.32082
5.227959
5.343159
5.259386
5.364648
5.278554
5.388716
5.296612
5.408587
5.327382
5.42578
5.357227
5.445694
5.380251
5.471157
5.401313
5.522367
5.423521
5.541142
5.44476
5.558031
5.472093
5.582757
5.495111
5.603844
5.527315
5.632756
5.552872
5.660745
5.578355
5.682843
5.597184
5.711352
5.629047
5.742975
5.658941
5.773953
5.714954
5.797102
5.745749
5.826302
5.773115
5.854301
5.796239
5.893602
5.886775
5.92204
5.912281
5.953707
5.933678
5.974284
5.957803
6.001908
5.994414
6.030284
6.047836
6.063752
6.063171
6.102283
6.134475
6.125287
6.152344
6.156242
6.177133
6.187416
6.251944
6.229815
6.278409
6.271275
6.301549
6.298839
6.324742
6.3443
6.3463
6.384016
6.372078
6.434208
6.409903
6.471478
6.440885
6.514636
6.479686
6.564951
6.52872
6.608467
6.572453
6.646399
6.617599
6.687034
6.6681
6.737118
6.718033
6.787098
6.767632
6.834431
6.817941
6.884358
6.868225
6.934482
6.918492
6.984894
6.968816
7.034799
7.019203
7.08516
7.119536
7.135588
7.169872
7.185202
7.220138
7.234825
7.27053
7.284522
7.320731
7.334931
7.370975
7.384622
7.420794
7.434417
7.470865
7.484313
7.520987
7.534043
7.669946
7.583984
7.719601
7.633751
7.769915
7.683417
7.819813
7.733082
7.869435
7.782875
7.969587
7.833315
8.019981
7.883056
8.069646
7.932795
8.12004
7.983279
8.170303
8.083251
8.220131
8.133008
8.27058
8.182768
8.320314
8.232602
8.370509
8.28234
8.420194
8.332167
8.469986
8.381845
8.51977
8.432366
8.569429
8.482048
8.619068
8.531906
8.668769
8.581507
8.718586
8.631487
8.768264
8.681329
8.818266
8.730969
8.86805
8.78112
8.91833
8.881429
8.968795
8.931836
9.018689
8.982128
9.068697
9.032015
9.118589
9.081703
9.168615
9.131393
9.218318
9.18183
9.267962
9.231624
9.318208
9.281612
9.368575
9.331689
9.41852
9.381694
9.46828
9.431322
9.518614
9.480981
9.568354
9.530699
9.618103
9.580835
9.668036
9.630536
9.718026
9.680845
9.767782
9.730515
9.81858
9.781076
9.868312
9.831015
9.918417
9.880893
9.968374
9.98057
10.0183
10.03058
10.06816
10.0805
10.1183
10.13061
10.1683
10.18107
10.21875
10.23075
10.26836
10.28048
10.3186
10.33033
10.36856
10.43009
10.41835
10.48057
10.46808
10.53102
10.51835
10.58115
10.5684
10.63137
10.6185
10.68097
10.66894
10.73095
10.71916
10.78089
10.76896
10.83061
10.819
10.88081
10.86909
10.93113
10.91893
10.98099
10.96862
11.03086
11.01849
11.08136
11.06863
11.13169
11.119
11.18134
11.16916
11.23105
11.21887
11.28086
11.26878
11.3308
11.31873
11.38092
11.36865
11.43127
11.41846
11.48169
11.51865
11.53132
11.5686
11.58101
11.61862
11.63108
11.66832
11.68111
11.71813
11.73093
11.76779
11.78118
11.81815
11.83154
11.86793
11.88171
11.91819
11.93208
12.01827
11.98178
12.06826
12.03221
12.11798
12.08006
12.15919
12.13046
12.20946
12.18067
12.25953
12.23073
12.30986
12.28104
12.35949
12.33134
12.40987
12.38127
12.45991
12.43124
12.51034
12.48105
12.56007
12.53132
12.61034
12.58166
12.66036
12.63146
12.7103
12.6812
12.76051
12.73133
12.8105
12.7817
12.86086
12.83212
12.9107
12.8817
12.96104
12.9321
13.01131
12.98203
13.06123
13.03173
13.11099
13.08231
13.16139
13.13229
13.21159
13.18248
13.26216
13.23244
13.31199
13.28203
13.36191
13.33251
13.41228
13.38218
13.46251
13.43205
13.51284
13.48184
13.56284
13.53229
13.61322
13.58198
13.66291
13.63225
13.71295
13.68184
13.76265
13.73172
13.81297
13.78189
13.86271
13.83178
13.91277
13.88198
13.96275
13.93165
14.01241
13.98148
14.0621
14.03134
14.11183
14.08129
14.16147
14.13181
14.21147
14.18203
14.26166
14.23184
14.31174
14.28196
14.36167
14.33233
14.41175
14.38229
14.46207
14.43257
14.51207
14.48264
14.56226
14.53303
14.61201
14.5827
14.66236
14.63301
14.71243
14.68281
14.76253
14.73308
14.81256
14.78319
14.86267
14.83352
14.91314
14.88339
14.9629
14.98381
15.01321
15.03355
15.0634
15.08374
15.11353
15.13353
15.16343
15.18347
15.21369
15.23383
15.26375
15.28422
15.314
15.3342
15.36393
15.38386
15.41376
15.43401
15.46422
15.48409
15.51442
15.5344
15.56482
15.58479
15.61502
15.63515
15.66546
15.68502
15.71582
15.73479
15.76615
15.78512
15.81631
15.83535
15.86659
15.8855
15.91672
15.9356
15.96694
15.98556
16.01714
16.03599
16.06761
16.08615
16.11808
16.13601
16.16846
16.18627
16.21894
16.23625
16.26925
16.2864
16.31944
16.33653
16.36977
16.38651
16.41984
16.43694
16.51986
16.48752
16.57013
16.53763
16.62012
16.58758
16.67073
16.63751
16.7708
16.68799
16.82111
16.73839
16.87146
16.78826
16.92173
16.83866
16.97198
16.88893
17.02243
16.9393
17.07226
16.98972
17.12239
17.03963
17.17263
17.08997
17.22296
17.1403
17.27263
17.19046
17.32239
17.24075
17.37252
17.29046
17.42224
17.33878
17.47262
17.38842
17.52287
17.4387
17.57301
17.48911
17.62305
17.53929
17.67278
17.58945
17.72265
17.63956
17.77281
17.68958
17.8228
17.73985
17.87284
17.84031
17.9231
17.89054
17.97311
17.99034
18.02322
18.02923
18.07323
18.07963
18.12335
18.1295
18.17316
18.17954
18.22298
18.27968
18.27337
18.32996
18.32351
18.37976
18.37328
18.42983
18.42339
18.48014
18.47308
18.58001
18.52357
18.62967
18.57351
18.67944
18.6237
18.7291
18.6736
18.77949
18.72332
18.82929
18.77366
18.87903
18.82342
18.92919
18.87394
18.9794
18.92408
19.02955
18.97403
19.0796
19.02434
19.12996
19.07463
19.18016
19.12481
19.23047
19.17508
19.28088
19.22533
19.33121
19.27556
19.38085
19.32554
19.43102
19.37515
19.48148
19.42548
19.53119
19.47591
19.58115
19.52569
19.63151
19.57578
19.68182
19.62599
19.73168
19.67604
19.78138
19.72627
19.83178
19.7766
19.88167
19.82668
19.93211
19.87685
19.98354
19.97701
20.03201
20.02735
20.08219
20.07795
20.13217
20.12795
20.18164
20.17772
20.23148
20.22805
20.28172
20.27761
20.33221
20.32757
20.38244
20.37753
20.43246
20.42794
20.48212
20.47763
20.53247
20.52799
20.58276
20.57787
20.63309
20.62798
20.68346
20.67833
20.73344
20.72837
20.78366
20.77825
20.8337
20.82825
20.88383
20.87833
20.93396
20.92865
20.98365
20.97903
21.03332
21.02891
21.08331
21.07899
21.13315
21.12884
21.18338
21.1792
21.23384
21.22964
21.28364
21.28003
21.33365
21.32989
21.38332
21.37991
21.43345
21.43014
21.48378
21.53021
21.53341
21.57982
21.58372
21.63007
21.63352
21.73032
21.68372
21.78057
21.73344
21.8309
21.78315
21.88085
21.83358
21.93123
21.88375
21.98165
21.93374
22.03195
21.98408
22.08214
22.03436
22.1319
22.08458
22.18227
22.13483
22.23215
22.18476
22.28217
22.23454
22.33246
22.2846
22.38283
22.33497
22.43297
22.38543
22.48342
22.43554
22.53368
22.48595
22.58376
22.53634
22.63364
22.58668
22.68395
22.63677
22.7336
22.68697
22.78354
22.73743
22.83334
22.78703
22.88303
22.83749
22.9326
22.91755
22.9824
22.95575
23.03262
23.00548
23.08239
23.05536
23.13259
23.10495
23.18222
23.15533
23.23189
23.20563
23.28214
23.25556
23.33195
23.30601
23.38222
23.35647
23.43194
23.39959
23.47594
23.44969
23.52608
23.49368
23.57647
23.54362
23.62638
23.64386
23.67742
23.69371
23.72654
23.74282
23.77655
23.79315
23.82668
23.84349
23.87668
23.89313
23.92708
23.9429
23.97726
23.99272
24.02692
24.02987
24.07718
24.07998
24.12713
24.12888
24.17678
24.1788
24.22686
24.22888
24.27721
24.27871
24.327
24.32904
24.37701
24.37854
24.42724
24.4286
24.47739
24.47844
24.52724
24.52847
24.57746
24.57827
24.62724
24.6283
24.67727
24.67851
24.72727
24.72851
24.77744
24.77838
24.82793
24.82804
24.87757
24.87791
24.92726
24.92806
24.97751
24.9785
25.028
25.02832
25.07838
25.07849
25.12833
25.12884
25.17851
25.17896
25.22843
25.22871
25.27888
25.2788
25.32885
25.32919
25.37863
25.37958
25.42906
25.42933
25.47931
25.47897
25.52899
25.52919
25.57892
25.57944
25.62875
25.62972
25.67894
25.67978
25.72899
25.72992
25.77889
25.78035
25.82878
25.83055
25.87858
25.88037
25.9285
25.93055
25.97865
25.98076
26.02855
26.03075
26.07895
26.08058
26.12904
26.13063
26.17948
26.18041
26.22941
26.23054
26.27944
26.28071
26.32923
26.33097
26.37948
26.3813
26.42963
26.4311
26.47995
26.48104
26.52984
26.5314
26.58028
26.58117
26.63004
26.6315
26.68001
26.68189
26.7303
26.73197
26.78027
26.78209
26.83028
26.8323
26.88002
26.88223
26.93013
26.93241
26.98046
26.98379
27.03075
27.03238
27.0804
27.08215
27.13112
27.1322
27.18143
27.18161
27.23142
27.232
27.28161
27.28165
27.33109
27.33168
27.381
27.38206
27.43108
27.43239
27.4814
27.48275
27.53109
27.53309
27.581
27.63369
27.63079
27.68402
27.68115
27.73433
27.73131
27.78421
27.78159
27.83473
27.83149
27.88433
27.88113
27.93448
27.93088
27.98447
27.98113
28.08467
28.03147
28.13447
28.08151
28.18418
28.13132
28.2341
28.18148
28.28413
28.23173
28.33411
28.28171
28.38407
28.33193
28.43418
28.38206
28.48431
28.43251
28.53471
28.48226
28.57978
28.52732
28.61644
28.57373
28.66658
28.61066
28.71024
28.66066
28.76039
28.7109
28.80774
28.75793
28.85759
28.80783
28.90786
28.858
28.95823
28.90813
29.00832
28.95862
29.05843
29.00872
29.10816
29.0589
29.15813
29.10859
29.20826
29.15906
29.2583
29.20923
29.30845
29.30896
29.35869
29.35929
29.40909
29.40965
29.45913
29.45976
29.50909
29.51005
29.55946
29.56011
29.60956
29.61004
29.65945
29.66011
29.70964
29.76037
29.75975
29.81082
29.80982
29.86101
29.85975
29.91135
29.91015
29.9527
29.95992
30.05061
30.01025
30.10074
30.06003
30.14029
30.10228
30.19005
30.15137
30.2201
30.19601
30.27054
30.24578
30.31068
30.29604
30.35422
30.33889
30.40462
30.389
30.45422
30.43891
30.50424
30.48904
30.55457
30.53884
30.60437
30.58904
30.65482
30.63917
30.70507
30.68915
30.75668
30.73944
30.8057
30.7888
30.85615
30.83904
30.90636
30.8889
30.95562
30.98836
31.00549
31.03867
31.05573
31.0884
31.10603
31.13806
31.1564
31.18833
31.20615
31.23859
31.25603
31.28902
31.30599
31.3392
31.3564
31.38934
31.40603
31.4395
31.45636
31.48966
31.50659
31.5398
31.55687
31.5902
31.6066
31.64069
31.65631
31.69089
31.70642
31.74106
31.75667
31.79128
31.8068
31.84092
31.85668
31.89055
31.90693
31.94067
31.95666
31.9904
32.007
32.0368
32.04951
32.06715
32.09933
32.11687
32.14726
32.1669
32.1977
32.21694
32.24574
32.2672
32.29539
32.31747
32.345
32.36743
32.39484
32.41718
32.44532
32.46751
32.49544
32.5172
32.5451
32.56731
32.5955
32.61768
32.64566
32.66754
32.69586
32.71793
32.7462
32.7676
32.79649
32.81773
32.84646
32.86749
32.89631
32.91734
32.94654
32.96739
32.9967
33.01783
33.04705
33.11812
33.09715
33.16846
33.14746
33.21873
33.19727
33.2684
33.2475
33.3183
33.29786
33.36835
33.34751
33.4185
33.39752
33.46835
33.44759
33.51856
33.49778
33.56843
33.54763
33.61868
33.59779
33.66883
33.64792
33.71856
33.69783
33.76888
33.74772
33.8185
33.79805
33.86815
33.84795
33.91864
33.89824
33.97015
33.94851
34.01901
34.04915
34.06914
34.09988
34.11875
34.15025
34.16901
34.20038
34.21894
34.25022
34.26904
34.30035
34.3189
34.3503
34.36885
34.4001
34.41851
34.45057
34.46833
34.50048
34.5181
34.55042
34.56828
34.65064
34.61867
34.70042
34.6687
34.75064
34.71864
34.8003
34.76908
34.85015
34.81877
34.89988
34.86846
34.94983
34.91843
34.99974
34.96808
35.04952
35.0181
35.09974
35.06842
35.14987
35.11806
35.19949
35.16769
35.24936
35.21787
35.29906
35.26829
35.34874
35.31866
35.39849
35.36848
35.44849
35.41886
35.49855
35.46882
35.54863
35.5192
35.59853
35.56896
35.64862
35.61867
35.69894
35.66843
35.74856
35.71816
35.79875
35.76856
35.89918
35.81831
35.94926
35.86809
35.99935
35.91775
36.04939
35.96822
36.0998
36.01812
36.15015
36.06806
36.19994
36.11772
36.25027
36.1675
36.28454
36.21739
36.33472
36.26741
36.38485
36.31786
36.43452
36.36798
36.48454
36.41785
36.53474
36.46821
36.58474
36.51834
36.63507
36.56837
36.68501
36.61821
36.73505
36.66805
36.78509
36.71847
36.83509
36.7684
36.88518
36.81852
36.93487
36.86821
36.9852
36.91851
37.03524
36.96816
37.08572
37.01786
37.1355
37.06796
37.18579
37.12044
37.23543
37.16865
37.28522
37.21918
37.33526
37.26879
37.38519
37.31837
37.43555
37.36838
37.48551
37.41882
37.53589
37.46918
37.58612
37.51943
37.63609
37.56979
37.68635
37.62
37.73659
37.67009
37.78662
37.72022
37.83678
37.76996
37.88721
37.81975
37.93761
37.86975
37.98783
37.91982
38.03796
37.96965
38.08789
38.01971
38.13771
38.06991
38.18755
38.11983
38.23717
38.17002
38.28701
38.22045
38.33737
38.27057
38.38722
38.3203
38.43738
38.37035
38.48713
38.42008
38.53683
38.47036
38.58727
38.52049
38.63761
38.57021
38.68776
38.62059
38.73796
38.67076
38.78768
38.72113
38.83773
38.77081
38.88774
38.82043
38.93806
38.87077
38.98767
38.92124
39.03768
38.97141
39.08763
39.02103
39.13789
39.07133
39.18807
39.12163
39.23782
39.17202
39.28788
39.22202
39.33754
39.27166
39.38633
39.31615
39.42723
39.36261
39.47729
39.41247
39.51325
39.4625
39.56345
39.51272
39.61354
39.56263
39.66361
39.59211
39.70007
39.64198
39.73944
39.68433
39.76909
39.72027
39.80251
39.74998
39.84024
39.78912
39.86485
39.82485
39.89455
39.84789
39.91891
39.88644
39.9532
39.92165
39.99091
39.96951
40.02874
40.01961
40.07849
40.06989
40.12835
40.12007
40.17813
40.17022
40.22818
40.22028
40.32839
40.27057
40.37853
40.32032
40.42866
40.37055
40.47899
40.42059
40.52908
40.47068
40.57914
40.52036
40.62897
40.5705
40.67864
40.6203
40.72854
40.6702
40.77864
40.72046
40.82883
40.77011
40.87886
40.82001
40.92932
40.86961
40.97905
40.91947
41.02931
40.96939
41.08062
41.01941
41.12903
41.06905
41.17944
41.1192
41.2288
41.16891
41.27847
41.21899
41.32858
41.26939
41.37872
41.31945
41.42843
41.36935
41.4784
41.41906
41.52864
41.46873
41.57837
41.51857
41.62878
41.56883
41.67922
41.61898
41.72949
41.66925
41.77962
41.71948
41.82983
41.7697
41.87992
41.81969
41.92969
41.86964
41.97978
41.91936
42.02976
41.9697
42.08008
42.01958
42.13002
42.06982
42.18047
42.12008
42.23079
42.16977
42.2809
42.22008
42.33054
42.27027
42.38096
42.3199
42.43089
42.36998
42.4808
42.4198
42.53114
42.46983
42.58116
42.52008
42.63081
42.56983
42.6812
42.62004
42.7311
42.67009
42.78136
42.72035
42.83096
42.77084
42.88101
42.82114
42.93122
42.87075
42.98161
42.92073
43.03194
42.97115
43.08161
43.02154
43.13194
43.07119
43.18156
43.12094
43.2314
43.17103
43.2813
43.22149
43.33162
43.27153
43.38126
43.32135
43.43093
43.37146
43.48114
43.42126
43.53079
43.47168
43.58089
43.52199
43.63119
43.57208
43.68126
43.62199
43.73162
43.67167
43.78183
43.72192
43.83215
43.77229
43.88235
43.82215
43.93206
43.87242
43.98228
43.92253
44.03265
43.97273
44.08293
44.02313
44.13291
44.07301
44.18313
44.12341
44.2334
44.17342
44.28358
44.22329
44.33372
44.27286
44.38387
44.32315
44.43421
44.37337
44.48386
44.42334
44.5344
44.47357
44.58434
44.52378
44.63485
44.57393
44.68466
44.6241
44.73474
44.67421
44.78474
44.72396
44.835
44.7737
44.88498
44.82386
44.93471
44.87379
44.98456
44.92357
45.0347
44.97357
45.08507
45.02347
45.13512
45.07317
45.18498
45.1229
45.23532
45.17259
45.28565
45.22271
45.3355
45.27262
45.38599
45.32253
45.43592
45.37227
45.48599
45.42256
45.53566
45.47233
45.58562
45.52275
45.63525
45.57273
45.68543
45.62306
45.73513
45.67316
45.78537
45.72306
45.83557
45.77269
45.88575
45.82284
45.93554
45.92291
45.98597
45.97339
46.03585
46.02306
46.08579
46.07331
46.13591
46.12322
46.18568
46.17365
46.23572
46.22369
46.28584
46.27412
46.33615
46.37358
46.38577
46.42348
46.43605
46.47357
46.48571
46.52323
46.53608
46.57355
46.5858
46.62388
46.63577
46.67355
46.68617
46.72328
46.73597
46.77361
46.78607
46.82338
46.8362
46.87376
46.88611
46.92381
46.9361
46.97396
46.98627
47.02381
47.03654
47.07383
47.08653
47.12389
47.13667
47.17356
47.18636
47.22322
47.23602
47.2737
47.28647
47.32363
47.33673
47.3734
47.38688
47.42335
47.43726
47.47373
47.48755
47.52421
47.5376
47.57457
47.58742
47.62443
47.63779
47.6744
47.7378
47.72423
47.78809
47.77406
47.83829
47.82435
47.89159
47.87446
47.93832
47.92475
47.98849
47.97522
48.03872
48.0256
48.08815
48.07589
48.13824
48.12618
48.18812
48.17608
48.23809
48.22602
48.28784
48.27648
48.3382
48.32659
48.38819
48.37641
48.43785
48.42641
48.48814
48.47687
48.53798
48.52714
48.58773
48.57692
48.63765
48.62677
48.68753
48.6764
48.73773
48.72684
48.78793
48.77674
48.83781
48.82714
48.88747
48.87687
48.93707
48.92725
48.98714
48.97691
49.03747
49.02707
49.08758
49.07693
49.13794
49.12738
49.1882
49.17717
49.23838
49.22717
49.28873
49.27698
49.3391
49.3269
49.38963
49.3772
49.43924
49.42704
49.48959
49.47744
49.53953
49.52717
49.58976
49.57758
49.63986
49.62719
49.68979
49.67737
49.73952
49.72779
49.78972
49.77822
49.83943
49.82856
49.8891
49.87843
49.93912
49.92825
49.98915
49.97856
50.03896
50.02896
50.08863
50.07883
50.13876
50.12925
50.18851
50.17904
50.23864
50.22935
50.28868
50.32944
50.33844
50.37982
50.38869
50.42985
50.43855
50.48004
50.48869
50.53002
50.53831
50.57995
50.58824
50.63158
50.63862
50.68017
50.68837
50.73008
50.73809
50.78078
50.78851
50.83061
50.83816
50.88094
50.88849
50.93066
50.93871
50.98027
50.98861
51.03068
51.03888
51.0806
51.08961
51.13047
51.13937
51.18086
51.18917
51.23074
51.23883
51.28055
51.28863
51.33043
51.33881
51.38035
51.3891
51.4301
51.43948
51.48054
51.48923
51.53017
51.5391
51.58021
51.58957
51.63029
51.63927
51.67994
51.68939
51.73013
51.73902
51.77996
51.78868
51.83036
51.83907
51.88
51.88876
51.93029
51.93923
51.98074
51.98932
52.03069
52.03938
52.08112
52.08915
52.13132
52.13892
52.18145
52.18931
52.23168
52.23892
52.282
52.28871
52.33202
52.33842
52.38199
52.38805
52.43218
52.43819
52.48244
52.48854
52.53281
52.53819
52.58331
52.58854
52.63297
52.63893
52.68327
52.68931
52.73318
52.73925
52.78346
52.78954
52.83327
52.83953
52.88304
52.88923
52.93286
52.9395
52.9832
52.98916
53.03353
53.03878
53.0836
53.13867
53.13333
53.18907
53.18357
53.23937
53.23372
53.28942
53.28406
53.33986
53.33379
53.38967
53.38364
53.43958
53.43397
53.48987
53.48446
53.53952
53.53466
53.58933
53.58493
53.63892
53.63479
53.68943
53.68483
53.73909
53.73525
53.78885
53.78569
53.83932
53.83603
53.88922
53.88605
53.93957
53.93585
53.98939
53.98602
54.03917
54.03597
54.08956
54.08596
54.13925
54.13636
54.1889
54.18632
54.23856
54.2363
54.28996
54.28672
54.3383
54.33662
54.38837
54.38651
54.4381
54.43637
54.48795
54.48601
54.53838
54.53635
54.5881
54.58663
54.63823
54.63634
54.68795
54.68683
54.73816
54.73721
54.78863
54.78741
54.83907
54.83784
54.88944
54.88751
54.93984
54.93788
54.99013
54.98755
55.04002
55.03724
55.09035
55.08763
55.14043
55.1381
55.19051
55.23829
55.24042
55.2834
55.29068
55.33355
55.34082
55.37617
55.3905
55.42619
55.44053
55.47649
55.49027
55.52662
55.54055
55.57646
55.59046
55.62619
55.64061
55.6763
55.69023
55.72648
55.74061
55.77663
55.79068
55.8265
55.84095
55.87653
55.89125
55.92674
55.94159
55.97692
55.99139
56.02706
56.04107
56.07675
56.09099
56.12638
56.14093
56.17636
56.19113
56.22662
56.24102
56.27626
56.29099
56.32651
56.34072
56.37627
56.39075
56.42607
56.44042
56.47591
56.49084
56.5262
56.54078
56.57657
56.59055
56.62647
56.64095
56.67618
56.69059
56.7258
56.7402
56.77606
56.79066
56.82648
56.84104
56.87677
56.89072
56.92664
56.94057
56.97671
56.99026
57.02687
57.04024
57.07684
57.09031
57.12652
57.13992
57.17719
57.17826
57.21312
57.22813
57.26331
57.278
57.31306
57.32786
57.36293
57.37823
57.413
57.42791
57.46287
57.47813
57.51299
57.52775
57.56333
57.57792
57.61297
57.62813
57.66332
57.67816
57.7137
57.7286
57.7635
57.77873
57.81383
57.82861
57.86432
57.87845
57.91433
57.92825
57.96463
57.97793
58.01476
58.02825
58.06486
58.07282
58.11525
58.12299
58.16536
58.17264
58.21529
58.22308
58.26539
58.27339
58.31557
58.32325
58.36555
58.37329
58.41563
58.42342
58.4659
58.47378
58.51618
58.52378
58.56652
58.57407
58.61675
58.62383
58.66689
58.67428
58.71675
58.72469
58.76685
58.77471
58.81691
58.82495
58.86697
58.87518
58.91714
58.92505
58.96696
58.97543
59.01664
59.02544
59.06703
59.07534
59.11741
59.12516
59.16768
59.17537
59.21817
59.22576
59.2681
59.27597
59.31789
59.32626
59.36769
59.376
59.41782
59.42632
59.46761
59.47666
59.51763
59.52697
59.56781
59.5769
59.618
59.62653
59.66829
59.6764
59.71849
59.72674
59.76876
59.77688
59.81868
59.82661
59.86853
59.87634
59.91835
59.92616
59.96801
59.97633
60.01834
60.02676
60.06814
60.07705
60.11789
60.12736
60.16773
60.1772
60.21747
60.22721
60.26709
60.27694
60.3168
60.32702
60.36668
60.37731
60.41692
60.42754
60.46702
60.47775
60.51719
60.52821
60.56727
60.57825
60.61708
60.62794
60.66681
60.67768
60.71711
60.72814
60.76677
60.77834
60.81639
60.82808
60.86652
60.87845
60.91653
60.92879
60.96687
60.97874
61.0168
61.02941
61.06667
61.07936
61.11653
61.12971
61.16686
61.18003
61.2172
61.2302
61.26682
61.28054
61.31693
61.33025
61.36724
61.38016
61.41766
61.43049
61.4679
61.48071
61.5182
61.53089
61.56849
61.58084
61.61817
61.63087
61.66798
61.68058
61.71784
61.73057
61.76796
61.781
61.81758
61.83102
61.86739
61.88065
61.91745
61.93099
61.96777
61.98072
62.01802
62.03104
62.06842
62.08117
62.11879
62.13157
62.16916
62.18166
62.21936
62.23138
62.26964
62.28142
62.31929
62.33127
62.36925
62.38142
62.41909
62.4319
62.46878
62.48216
62.51851
62.53261
62.56824
62.58297
62.61856
62.63264
62.66891
62.68311
62.71858
62.73302
62.76891
62.78284
62.81855
62.8325
62.86854
62.88298
62.91867
62.93311
62.96863
62.98343
63.01896
63.03323
63.06928
63.08351
63.11964
63.13328
63.16948
63.18355
63.21981
63.23328
63.26954
63.28291
63.31994
63.33326
63.36967
63.3835
63.41932
63.43377
63.46904
63.48404
63.51948
63.53437
63.56923
63.58457
63.61963
63.63456
63.66994
63.68441
63.72003
63.73486
63.77048
63.78461
63.821
63.8347
63.87152
63.88448
63.92112
63.93416
63.97132
63.98396
64.02094
64.03416
64.07058
64.08402
64.12089
64.134
64.17113
64.18436
64.22079
64.23479
64.27109
64.28507
64.32138
64.33822
64.37115
64.38666
64.42101
64.43675
64.47134
64.48682
64.52171
64.53639
64.57147
64.58619
64.62152
64.63659
64.67193
64.68687
64.72207
64.73672
64.77172
64.78711
64.82192
64.83692
64.87171
64.88741
64.91161
64.92928
64.94741
64.97807
64.98664
65.02808
65.03221
65.07785
65.0806
65.12805
65.1306
65.1777
65.1806
65.22783
65.23064
65.2776
65.28046
65.3275
65.33037
65.37723
65.38086
65.42752
65.4312
65.47744
65.48084
65.52757
65.53106
65.57746
65.58073
65.62723
65.6284
65.67726
65.67804
65.72746
65.72833
65.77765
65.77823
65.82729
65.86756
65.86891
65.9063
65.90784
65.95618
65.95792
66.00645
66.00797
66.05611
66.05804
66.10583
66.10782
66.15613
66.15798
66.20596
66.20824
66.25626
66.25803
66.30628
66.30826
66.35622
66.35815
66.40631
66.40811
66.45642
66.45808
66.50677
66.50797
66.55655
66.55801
66.60616
66.60792
66.65662
66.65784
66.70657
66.70811
66.75664
66.75822
66.80677
66.8083
66.85648
66.85857
66.90685
66.90862
66.95703
66.95869
67.00703
67.00891
67.05717
67.0587
67.10722
67.09949
67.15765
67.14956
67.19929
67.19952
67.24894
67.2496
67.29911
67.29924
67.34933
67.33875
67.39928
67.38873
67.44454
67.43839
67.49435
67.48827
67.544
67.53863
67.59423
67.63874
67.64456
67.68919
67.69486
67.7396
67.74448
67.7899
67.7948
67.83961
67.84453
67.88929
67.89475
67.93969
67.94447
67.98986
67.99429
68.04025
68.04428
68.09054
68.09389
68.1405
68.14362
68.19027
68.19382
68.24075
68.24393
68.29056
68.29434
68.34085
68.34402
68.39104
68.39375
68.44142
68.44341
68.49162
68.49387
68.54166
68.54371
68.59132
68.59405
68.64107
68.64371
68.69099
68.69393
68.74127
68.74412
68.79144
68.79415
68.84147
68.84451
68.89146
68.89484
68.94057
68.94506
68.99093
68.99524
69.04117
69.045
69.09138
69.09512
69.14113
69.14527
69.1914
69.1954
69.24184
69.24574
69.29214
69.29572
69.34253
69.34579
69.39297
69.39546
69.44305
69.44566
69.49292
69.49547
69.54317
69.5455
69.59356
69.59518
69.64352
69.64539
69.69357
69.69503
69.74398
69.74471
69.7942
69.79489
69.84444
69.83645
69.88764
69.88223
69.92862
69.93259
69.97871
69.98228
70.02838
70.03213
70.07869
70.0822
70.12852
70.13251
70.17869
70.18277
70.22863
70.23244
70.27827
70.28205
70.3283
70.33179
70.37868
70.38219
70.42895
70.43252
70.47922
70.48277
70.52938
70.53243
70.57955
70.58205
70.62982
70.63241
70.67971
70.68269
70.72964
70.73269
70.7795
70.78283
70.82948
70.8327
70.87947
70.88248
70.92622
70.93381
70.97636
70.98257
71.0265
71.03249
71.0767
71.0829
71.12682
71.13228
71.17704
71.18204
71.22671
71.2317
71.2767
71.2817
71.32679
71.33135
71.37672
71.38143
71.42696
71.43176
71.47689
71.48142
71.52693
71.53146
71.57729
71.58147
71.62692
71.62813
71.67662
71.67848
71.72659
71.72829
71.77668
71.77814
71.8279
71.82857
71.87702
71.87854
71.92667
71.92847
71.97692
71.97869
72.02139
72.02512
72.07169
72.07493
72.12178
72.12532
72.17213
72.17361
72.22215
72.22406
72.27048
72.27435
72.32088
72.31828
72.35068
72.36642
72.40054
72.41661
72.45021
72.46622
72.50029
72.51601
72.55054
72.56634
72.6004
72.61599
72.65085
72.66625
72.70094
72.71612
72.75062
72.76628
72.80034
72.81593
72.84998
72.86626
72.89972
72.9166
72.95013
72.96633
73.00037
73.01661
73.0508
73.06695
73.10126
73.11726
73.15118
73.16748
73.20139
73.21774
73.251
73.2674
73.30121
73.31701
73.351
73.36747
73.40071
73.41772
73.45071
73.46738
73.50119
73.51765
73.55146
73.56736
73.60162
73.61706
73.6519
73.66679
73.70225
73.71644
73.75263
73.76684
73.80237
73.81717
73.85271
73.86684
73.90303
73.91693
73.95346
73.9673
74.00362
74.01743
74.05372
74.06765
74.10391
74.11777
74.15368
74.16756
74.20332
74.21805
74.25311
74.26796
74.30311
74.31762
74.35292
74.36801
74.40273
74.41798
74.45269
74.46839
74.50238
74.51819
74.55262
74.56816
74.60225
74.61789
74.65243
74.66745
74.70258
74.71765
74.75285
74.76796
74.80296
74.81763
74.85329
74.868
74.90349
74.91769
74.95334
74.96741
75.00329
75.01704
75.05322
75.06721
75.10304
75.11749
75.15269
75.16737
75.20271
75.21715
75.25294
75.26682
75.30475
75.31647
75.35374
75.36624
75.40376
75.41593
75.4537
75.46641
75.50414
75.51623
75.55439
75.56626
75.6043
75.6163
75.65428
75.6666
75.70441
75.71681
75.7545
75.76723
75.80482
75.81693
75.85502
75.86659
75.90546
75.91627
75.95588
75.96622
76.00582
76.01595
76.05586
76.06575
76.10574
76.11622
76.15572
76.16596
76.20558
76.21572
76.25612
76.26548
76.30614
76.31573
76.35649
76.36549
76.40679
76.41508
76.45647
76.465
76.50662
76.51472
76.55685
76.56441
76.60661
76.61486
76.65629
76.66494
76.7066
76.71529
76.75661
76.76531
76.80635
76.81492
76.85606
76.86474
76.90623
76.91518
76.95648
76.96488
77.00624
77.01478
77.05628
77.06454
77.10599
77.11454
77.15649
77.16439
77.20628
77.21407
77.25667
77.26375
77.30645
77.31413
77.35643
77.36427
77.40694
77.41451
77.45705
77.46432
77.50743
77.5163
77.55711
77.5649
77.607
77.61451
77.65697
77.66411
77.70676
77.7144
77.7566
77.76453
77.80653
77.81444
77.85699
77.86423
77.90698
77.91431
77.95715
77.96412
78.00703
78.01415
78.05745
78.06387
78.10712
78.11425
78.157
78.16392
78.20692
78.21424
78.25683
78.26397
78.30835
78.31385
78.35724
78.36365
78.40759
78.4138
78.45729
78.44555
78.50472
78.49573
78.55361
78.53628
78.60364
78.58657
78.65358
78.63643
78.70392
78.68629
78.75431
78.73631
78.80418
78.78636
78.85382
78.83625
78.90405
78.8859
78.95435
78.93583
79.00238
78.9858
79.05238
79.03576
79.1021
79.0861
79.15228
79.13596
79.20207
79.18631
79.25181
79.2365
79.30146
79.28688
79.35154
79.33654
79.40143
79.38683
79.45187
79.43675
79.50179
79.48679
79.55167
79.53663
79.60184
79.58701
79.65224
79.63677
79.70269
79.68709
79.75285
79.73689
79.80309
79.78716
79.8532
79.83727
79.90369
79.88693
79.95343
79.93736
80.00322
79.98753
80.05282
80.03715
80.10259
80.08714
80.15234
80.13696
80.20226
80.18663
80.25221
80.23632
80.30219
80.28675
80.35201
80.33709
80.40212
80.38702
80.45181
80.43734
80.50151
80.53893
80.55159
80.58776
80.6012
80.63766
80.65086
80.68723
80.70105
80.73766
80.75149
80.78787
80.80195
80.83759
80.8518
80.88746
80.90211
80.93794
80.95184
80.98793
81.0022
81.03784
81.05181
81.08786
81.10224
81.13786
81.15218
81.1883
81.20266
81.23814
81.25253
81.28858
81.30217
81.33884
81.35179
81.38853
81.4015
81.43899
81.45319
81.48877
81.50194
81.53892
81.55161
81.58919
81.60144
81.63307
81.65143
81.68334
81.70103
81.73379
81.75139
81.78363
81.80129
81.83363
81.85112
81.8838
81.90089
81.93377
81.95118
81.9837
82.00152
82.03352
82.05196
82.08317
82.10196
82.13319
82.15238
82.18303
82.202
82.23338
82.25236
82.28307
82.30218
82.33333
82.35262
82.38371
82.40291
82.43404
82.45309
82.48376
82.50343
82.53358
82.55322
82.58336
82.60306
82.63338
82.65274
82.68334
82.70296
82.73325
82.75323
82.78318
82.80354
82.83324
82.85383
82.88316
82.90376
82.93303
82.95377
82.9833
83.00416
83.03325
83.05427
83.08301
83.10389
83.13289
83.15423
83.18331
83.20428
83.23344
83.25438
83.2839
83.30407
83.33397
83.35447
83.38367
83.40469
83.43356
83.45486
83.48343
83.505
83.5336
83.5554
83.58376
83.60515
83.63367
83.65495
83.68386
83.70499
83.73406
83.75488
83.78397
83.80493
83.83327
83.8548
83.88297
83.90475
83.93314
83.95468
83.98355
84.00466
84.03333
84.05488
84.08375
84.10488
84.13388
84.15485
84.18432
84.20509
84.23396
84.25528
84.28386
84.30534
84.33416
84.35569
84.38402
84.40594
84.43427
84.45622
84.48469
84.50609
84.53481
84.55618
84.58519
84.60651
84.63548
84.65639
84.68527
84.7068
84.73492
84.75687
84.78513
84.80688
84.83508
84.85686
84.88552
84.90702
84.93533
84.95669
84.98505
85.00697
85.03529
85.05801
85.08527
85.10688
85.1854
85.15726
85.2356
85.20708
85.286
85.25671
85.33634
85.35616
85.38634
85.40166
85.43674
85.45146
85.48688
85.49591
85.53685
85.54565
85.58707
85.64557
85.63725
85.68903
85.68739
85.71797
85.73773
85.75973
85.7878
85.81739
85.83759
85.83678
85.88386
85.86485
85.93405
85.92282
85.97307
85.96256
86.01963
86.01649
86.0593
86.0301
86.10433
86.05559
86.14507
86.15763
86.18233
86.18645
86.22387
86.221
86.26787
86.31617
86.30323
86.33918
86.34197
86.36575
86.37018
86.38337
86.39153
86.39179
86.41299
86.40485
86.43536
86.41742
86.45678
86.43044
86.47839
86.46796
86.50075
86.48399
86.52319
86.50263
86.53957
86.51524
86.55595
86.52763
86.56839
86.55078
86.58188
86.55968
86.59246
86.57561
86.60615
86.58835
86.62108
86.60258
86.63553
86.62532
86.64902
86.63759
86.6627
86.65021
86.67655
86.66329
86.68972
86.6713
86.70238
86.68385
86.71603
86.69688
86.73068
86.71064
86.74298
86.72292
86.75623
86.73821
86.76827
86.75384
86.78232
86.76668
86.79494
86.77812
86.8111
86.79166
86.82227
86.80629
86.83641
86.82168
86.85207
86.83605
86.86621
86.85103
86.87527
86.86804
86.88859
86.87785
86.89988
86.88454
86.91381
86.89708
86.92725
86.91251
86.94011
86.92876
86.95479
86.94138
86.96843
86.95641
86.98152
86.96938
86.99615
86.97618
87.01105
86.99124
87.01958
86.99789
87.03388
87.01145
87.04105
87.03561
87.05605
87.04445
87.06937
87.05685
87.08681
87.06938
87.10034
87.08405
87.10768
87.09808
87.12104
87.11031
87.13088
87.1222
87.14407
87.13512
87.15459
87.14999
87.16784
87.16378
87.17989
87.17512
87.19225
87.18574
87.20483
87.19695
87.21942
87.20562
87.23278
87.21631
87.24496
87.22838
87.25958
87.23645
87.27052
87.25471
87.28037
87.26638
87.29267
87.27325
87.30536
87.28505
87.31881
87.29771
87.33181
87.31118
87.34594
87.32397
87.36098
87.33763
87.3735
87.34827
87.38781
87.38109
87.40343
87.39303
87.41474
87.40031
87.43161
87.41313
87.43925
87.42304
87.45
87.43523
87.4697
87.44564
87.48513
87.45444
87.49982
87.46638
87.51016
87.47897
87.5234
87.49111
87.53291
87.50491
87.5434
87.51193
87.55411
87.5245
87.56657
87.53526
87.57822
87.54417
87.59109
87.55858
87.60363
87.56755
87.61781
87.57858
87.6301
87.58524
87.63773
87.59746
87.64957
87.60474
87.659
87.61471
87.67079
87.62395
87.68276
87.63317
87.69038
87.64676
87.70317
87.65701
87.71054
87.66402
87.71996
87.67107
87.7306
87.68369
87.74003
87.69226
87.75057
87.70226
87.76122
87.71116
87.7732
87.72137
87.78263
87.72857
87.79309
87.73742
87.80061
87.7469
87.81255
87.7597
87.82293
87.79496
87.8343
87.80217
87.84151
87.81423
87.85354
87.82603
87.86274
87.83522
87.87473
87.84547
87.88931
87.85777
87.90704
87.8727
87.92609
87.88937
87.93709
87.90183
87.94809
87.91154
87.95547
87.92537
87.96716
87.93623
87.98373
87.94541
87.99297
87.95457
88.00326
87.96194
88.01244
87.96912
88.01964
87.98038
88.02682
87.98961
88.04577
87.99695
88.05743
88.00414
88.07126
88.01334
88.0818
88.02256
88.089
88.0299
88.09821
88.0371
88.10739
88.0463
88.11457
88.0555
88.1216
88.0666
88.1312
88.07833
88.14042
88.09097
88.1496
88.10123
88.15677
88.11044
88.16603
88.12218
88.17326
88.13216
88.18056
88.13954
88.19486
88.14877
88.20725
88.15863
88.21899
88.1737
88.23055
88.1888
88.2435
88.20573
88.25088
88.23119
88.26481
88.24786
88.27203
88.26216
88.28126
88.27163
88.29153
88.28568
88.30119
88.29495
88.31475
88.30727
88.33339
88.31934
88.34692
88.32874
88.3681
88.35496
88.37541
88.36615
88.39234
88.37982
88.4069
88.39479
88.41625
88.41679
88.43749
88.44331
88.45136
88.46803
88.47163
88.48323
88.47909
88.50683
88.50036
88.51423
88.53355
88.52616
88.54887
88.55338
88.56922
88.56456
88.57848
88.58009
88.59623
88.59695
88.61056
88.61472
88.62675
88.63166
88.64195
88.64411
88.66209
88.65686
88.67475
88.66929
88.69074
88.68525
88.6988
88.69646
88.71282
88.70989
88.73042
88.72387
88.73965
88.73875
88.74707
88.74841
88.7596
88.76234
88.77641
88.77068
88.78365
88.78675
88.79653
88.80141
88.82655
88.82589
88.84109
88.84352
88.86502
88.86126
88.88367
88.87449
88.90245
88.89648
88.92889
88.91405
88.94747
88.92802
88.96262
88.93992
88.98125
88.9559
88.99468
88.96851
89.01048
88.98801
89.02011
88.99595
89.03526
89.01002
89.04394
89.02341
89.05865
89.03537
89.06799
89.04742
89.08302
89.05662
89.09148
89.06871
89.10421
89.07795
89.11447
89.09058
89.12475
89.10081
89.13808
89.11004
89.14547
89.12173
89.15679
89.1329
89.17022
89.15438
89.17938
89.16175
89.18846
89.17159
89.20238
89.18995
89.21155
89.19711
89.21873
89.20971
89.22793
89.21708
89.24127
89.22967
89.25153
89.23888
89.26185
89.25065
89.27637
89.26311
89.29048
89.27621
89.30528
89.28822
89.31584
89.2954
89.32613
89.30714
89.33791
89.31741
89.34965
89.32672
89.35995
89.33846
89.36925
89.34772
89.37952
89.35951
89.3868
89.3698
89.39951
89.38167
89.41124
89.39174
89.42046
89.40664
89.42785
89.41586
89.43814
89.42328
89.44835
89.43051
89.45757
89.43974
89.46684
89.44897
89.4785
89.46076
89.48572
89.47127
89.49294
89.483
89.50323
89.49228
89.51046
89.50261
89.52337
89.51181
89.53061
89.51925
89.5423
89.53098
89.54967
89.54024
89.55692
89.5528
89.5687
89.56207
89.57901
89.5722
89.59158
89.57964
89.60191
89.59306
89.61115
89.60571
89.6215
89.61499
89.63589
89.63011
89.64628
89.64381
89.6621
89.65296
89.67136
89.66223
89.68057
89.67156
89.68781
89.68743
89.70047
89.69481
89.71221
89.70744
89.72247
89.71481
89.73323
89.7282
89.74974
89.73565
89.75906
89.75209
89.77245
89.75954
89.7824
89.77497
89.79307
89.78484
89.80737
89.79554
89.81754
89.81003
89.83031
89.82272
89.84579
89.83482
89.85844
89.84811
89.87127
89.87079
89.88379
89.88538
89.89547
89.89536
89.90791
89.908
89.91533
89.91527
89.92807
89.92776
89.9422
89.93806
89.95537
89.94832
89.96458
89.9576
89.9749
89.96686
89.98833
89.98534
89.99864
89.99463
