0.007695769
0.007670497
0.02408919
0.02163054
0.032414
0.03342414
0.04276582
0.04642823
0.05327798
0.05919018
0.06413206
0.07068773
0.07503584
0.08251455
0.08690239
0.09528731
0.1037311
0.1083599
0.112266
0.1211347
0.1208954
0.1337864
0.132668
0.142334
0.1454717
0.1517338
0.1580236
0.1637546
0.170142
0.1747066
0.1839583
0.1883997
0.1979016
0.2020575
0.2098867
0.2154283
0.2185012
0.2241155
0.227501
0.2391859
0.2409005
0.2518525
0.2527671
0.2618667
0.2618005
0.2718414
0.2732541
0.2847765
0.2876099
0.2965326
0.3004742
0.3069926
0.3136219
0.315532
0.3266899
0.3274404
0.3332922
0.3401626
0.3450815
0.3527084
0.3566188
0.3657725
0.3652226
0.3777868
0.3744976
0.3868179
0.3891472
0.3954633
0.398472
0.4078631
0.4071633
0.4181546
0.4185526
0.4307564
0.4312523
0.4401668
0.4437625
0.4536561
0.4563643
0.464516
0.4654496
0.4765804
0.4764307
0.4895844
0.4896468
0.5035151
0.4981628
0.5138397
0.5049444
0.5267271
0.5140503
0.5379289
0.5252085
0.5530493
0.5382607
0.5672284
0.5473331
0.5762176
0.5635391
0.5885028
0.572197
0.5994481
0.5839988
0.6093126
0.5929259
0.6211852
0.6045318
0.6342598
0.6149605
0.6454471
0.627477
0.6587241
0.6398641
0.6690361
0.6485974
0.6784297
0.663693
0.6922565
0.6784132
0.7037563
0.6913503
0.7159809
0.7009107
0.7246351
0.7141373
0.7332453
0.73046
0.7437594
0.7413197
0.7575884
0.7479368
0.774492
0.7595571
0.7832564
0.7685423
0.7972185
0.777115
0.810562
0.7875252
0.8230454
0.8006813
0.8355786
0.816758
0.8510526
0.831445
0.8651651
0.8400452
0.877777
0.849357
0.8890477
0.8579425
0.9019142
0.86669
0.9140763
0.8806418
0.9283676
0.8932728
0.9387115
0.9052807
0.9495837
0.9142829
0.9593001
0.92772
0.9691874
0.9385365
0.9827518
0.9502652
0.9919869
0.962742
1.005751
0.9713958
1.01577
0.9848666
1.028312
0.9993474
1.037919
1.008132
1.049875
1.019739
1.063185
1.029261
1.076424
1.041715
1.087308
1.052317
1.099739
1.067552
1.113117
1.080658
1.124228
1.096712
1.135881
1.110072
1.149277
1.122111
1.161018
1.128794
1.172335
1.139877
1.185551
1.149304
1.194145
1.158937
1.202784
1.168418
1.213965
1.179326
1.222683
1.19007
1.231284
1.199084
1.242035
1.208017
1.24861
1.22335
1.257316
1.229969
1.267316
1.238683
1.276116
1.249383
1.284734
1.258775
1.293367
1.267445
1.29994
1.277657
1.30654
1.284243
1.316346
1.291016
1.329356
1.300434
1.338047
1.310971
1.348037
1.317548
1.356709
1.326148
1.365309
1.336404
1.373905
1.347014
1.383346
1.353614
1.395738
1.364213
1.404446
1.370799
1.411379
1.379365
1.420219
1.38614
1.432082
1.398534
1.438666
1.408069
1.449778
1.416725
1.456645
1.426767
1.471613
1.436787
1.481931
1.443368
1.48854
1.451975
1.495112
1.460572
1.50154
1.469311
1.513262
1.482327
1.523153
1.494038
1.529737
1.503663
1.539557
1.512279
1.548178
1.518862
1.554978
1.527698
1.564965
1.536545
1.573577
1.543278
1.583823
1.549872
1.590435
1.559032
1.599022
1.565811
1.605773
1.576863
1.614358
1.585477
1.623028
1.594102
1.629768
1.603606
1.638363
1.610191
1.646953
1.618866
1.653576
1.627466
1.662167
1.63403
1.670708
1.640609
1.67729
1.650339
1.685906
1.660338
1.692485
1.669009
1.701077
1.680135
1.710155
1.686875
1.719108
1.695875
1.727701
1.706043
1.736405
1.712799
1.744994
1.721706
1.753615
1.732343
1.760192
1.74239
1.76904
1.748971
1.777625
1.758259
1.786241
1.767925
1.792822
1.778918
1.799401
1.78566
1.80804
1.792233
1.815007
1.800933
1.827092
1.809512
1.838546
1.81812
1.845129
1.827711
1.854106
1.838325
1.866304
1.846923
1.878624
1.855539
1.888239
1.862139
1.897074
1.868539
1.903828
1.874991
1.913569
1.886206
1.920349
1.89486
1.929104
1.901772
1.939571
1.908334
1.950366
1.915109
1.95897
1.924059
1.967535
1.932671
1.974103
1.939429
1.982636
1.948381
1.989255
1.957003
1.997826
1.963633
2.00643
1.974403
2.01501
1.985043
2.022006
1.996699
2.034992
2.005332
2.044035
2.013911
2.055033
2.022448
2.06361
2.029436
2.074605
2.042565
2.084101
2.054658
2.096569
2.063489
2.103142
2.070241
2.109721
2.078826
2.118333
2.087659
2.126943
2.100765
2.133518
2.111003
2.14396
2.119667
2.154568
2.129691
2.163145
2.138693
2.171759
2.14736
2.183567
2.155972
2.196553
2.162583
2.205192
2.171201
2.216869
2.179892
2.227814
2.186467
2.234566
2.196578
2.246595
2.207067
2.253366
2.217919
2.262286
2.226702
2.270945
2.235689
2.27954
2.24431
2.288327
2.253399
2.297333
2.260199
2.306286
2.269451
2.315452
2.281838
2.324026
2.288757
2.330582
2.297371
2.337147
2.304113
2.34373
2.312699
2.354267
2.319262
2.366146
2.325835
2.374855
2.334437
2.383562
2.34302
2.390188
2.351659
2.398829
2.362178
2.405399
2.374932
2.414006
2.38537
2.423599
2.391932
2.432539
2.400572
2.441155
2.407301
2.452082
2.413864
2.460738
2.420464
2.469362
2.433223
2.47596
2.442032
2.484983
2.451888
2.491755
2.460836
2.498162
2.473382
2.509138
2.482773
2.515695
2.489348
2.522128
2.498366
2.528895
2.508195
2.540079
2.516768
2.546659
2.523526
2.555613
2.534378
2.564329
2.540928
2.572931
2.547346
2.579494
2.555904
2.588154
2.562706
2.597118
2.574444
2.605724
2.58306
2.614324
2.589818
2.621282
2.59906
2.631292
2.608022
2.63808
2.616641
2.65061
2.625259
2.657225
2.631859
2.667879
2.638451
2.678556
2.647023
2.690205
2.653581
2.699599
2.66021
2.706328
2.669727
2.712728
2.678316
2.721332
2.686916
2.732254
2.697926
2.738996
2.707259
2.747625
2.715839
2.758558
2.724425
2.767151
2.731034
2.773718
2.742556
2.780278
2.751881
2.786712
2.763643
2.795478
2.770412
2.805357
2.783058
2.813956
2.79163
2.82601
2.798391
2.834619
2.807049
2.841176
2.81559
2.847908
2.82424
2.854522
2.832915
2.863141
2.8447
2.872139
2.853422
2.881909
2.863789
2.891601
2.874968
2.900192
2.881522
2.90675
2.888098
2.913323
2.894554
2.921992
2.901121
2.930523
2.909742
2.939201
2.9163
2.945781
2.9227
2.95492
2.931387
2.965744
2.941712
2.972307
2.948291
2.980867
2.95832
2.989485
2.967286
2.996219
2.977255
3.004787
2.988898
3.011345
2.995519
3.017905
3.004748
3.024339
3.013361
3.033005
3.02255
3.041662
3.031187
3.050243
3.039818
3.059286
3.048408
3.071071
3.057053
3.07764
3.066219
3.086219
3.072778
3.092785
3.07934
3.101418
3.085744
3.108346
3.094385
3.117485
3.101319
3.128928
3.109885
3.135505
3.118451
3.145712
3.125022
3.157063
3.131447
3.163617
3.138184
3.17035
3.144918
3.17678
3.153471
3.18844
3.16005
3.197004
3.166621
3.207324
3.173011
3.213883
3.179409
3.222708
3.187967
3.234709
3.196583
3.241278
3.206289
3.249844
3.21285
3.256615
3.221426
3.265448
3.230012
3.272181
3.238688
3.278748
3.245249
3.287333
3.253848
3.297974
3.260473
3.304547
3.269117
3.314391
3.277702
3.321003
3.286354
3.329576
3.294937
3.338165
3.305832
3.344881
3.312399
3.351471
3.318983
3.360402
3.327575
3.370867
3.334316
3.379799
3.342869
3.388453
3.352017
3.396947
3.360563
3.40353
3.367114
3.414001
3.373674
3.421167
3.380047
3.432046
3.386445
3.441115
3.392848
3.447679
3.401414
3.458462
3.411581
3.466983
3.424297
3.473535
3.436313
3.479935
3.447113
3.488574
3.457179
3.501765
3.4638
3.510345
3.474752
3.518878
3.485902
3.527392
3.495111
3.535939
3.501674
3.547373
3.50827
3.555987
3.517426
3.566076
3.525978
3.572641
3.538196
3.581241
3.544767
3.593743
3.553643
3.602592
3.567091
3.611188
3.5757
3.620404
3.584614
3.626992
3.593203
3.638722
3.60314
3.645314
3.612778
3.657639
3.621777
3.669122
3.628417
3.681259
3.637977
3.689809
3.64891
3.698313
3.664068
3.704875
3.67311
3.715706
3.681928
3.725073
3.688501
3.733941
3.69707
3.742581
3.708009
3.751674
3.716842
3.764074
3.728023
3.770826
3.736562
3.781984
3.749218
3.790561
3.759308
3.799061
3.771822
3.805629
3.780353
3.8144
3.790728
3.827785
3.799399
3.836491
3.813006
3.847589
3.825021
3.856174
3.833572
3.86883
3.840137
3.880715
3.846556
3.892702
3.855766
3.905204
3.864297
3.915904
3.872817
3.924772
3.884825
3.931333
3.900133
3.937736
3.911202
3.946836
3.922372
3.953457
3.928998
3.96347
3.939073
3.9724
3.948687
3.981329
3.964104
3.992727
3.970905
4.004804
3.984685
4.016857
3.994058
4.023464
4.008143
4.031986
4.019412
4.040578
4.031864
4.054003
4.041657
4.062536
4.052749
4.071766
4.066521
4.078496
4.080336
4.08491
4.092768
4.093931
4.099368
4.102446
4.105806
4.113847
4.11501
4.122445
4.123956
4.132103
4.135926
4.140397
4.145542
4.153867
4.152134
4.16339
4.163155
4.173225
4.172075
4.187766
4.182802
4.198989
4.191466
4.212399
4.203651
4.223155
4.216568
4.234859
4.227101
4.249315
4.241084
4.260264
4.249627
4.270464
4.258286
4.286255
4.267019
4.298028
4.280158
4.308865
4.292416
4.324025
4.301964
4.337492
4.318465
4.350388
4.33209
4.362718
4.347983
4.37651
4.357892
4.385664
4.371685
4.39953
4.383085
4.413148
4.396422
4.427704
4.407207
4.442654
4.419865
4.458693
4.434475
4.471291
4.447483
4.484581
4.459629
4.498976
4.475051
4.512654
4.492089
4.526233
4.507534
4.541183
4.521982
4.554651
4.53595
4.564417
4.548756
4.578524
4.5646
4.598829
4.578676
4.612377
4.593059
4.626679
4.603351
4.639079
4.616061
4.651526
4.629621
4.663505
4.641883
4.677957
4.653885
4.693325
4.667557
4.705225
4.686215
4.720503
4.696892
4.734095
4.710219
4.749457
4.72892
4.763913
4.744424
4.796281
4.762342
4.808983
4.778671
4.822039
4.795485
4.836172
4.81255
4.856676
4.83112
4.897623
4.84468
4.910049
4.861678
4.924172
4.874392
4.948509
4.88959
4.963423
4.902946
4.97855
4.914689
4.99252
4.934189
5.005713
4.947555
5.028565
4.962078
5.049084
4.975421
5.065044
4.992414
5.081337
5.004149
5.095241
5.022143
5.109492
5.036553
5.122336
5.051147
5.136486
5.066142
5.149546
5.080806
5.163356
5.097456
5.176491
5.112812
5.191439
5.135919
5.209582
5.151135
5.232773
5.167117
5.247239
5.179839
5.262466
5.191978
5.280882
5.203989
5.297546
5.219705
5.319011
5.233338
5.335743
5.250869
5.351047
5.265864
5.370678
5.286934
5.38678
5.299249
5.403042
5.315121
5.419373
5.3338
5.438177
5.348281
5.45302
5.36897
5.467512
5.390946
5.484138
5.404809
5.499425
5.431964
5.531412
5.449006
5.559674
5.466918
5.5741
5.482992
5.589827
5.497846
5.60331
5.522604
5.617637
5.543077
5.632966
5.563641
5.650263
5.596673
5.671615
5.611236
5.688745
5.635206
5.712816
5.659207
5.739638
5.687261
5.761819
5.705262
5.789329
5.725897
5.817701
5.761074
5.848673
5.789106
5.874469
5.892568
5.911136
5.910662
5.932357
5.954059
5.970268
5.979137
5.995036
6.015176
6.045502
6.043446
6.076801
6.076289
6.098209
6.122515
6.140475
6.153364
6.168033
6.192774
6.196634
6.220973
6.234343
6.244908
6.269678
6.272128
6.305961
6.332502
6.340562
6.427798
6.390819
6.457912
6.434
6.506858
6.484408
6.552613
6.534695
6.599554
6.584894
6.743017
6.634868
6.793233
6.684591
6.839907
6.734424
6.890097
6.783956
6.939983
6.83368
7.039919
6.884072
7.090106
6.934487
7.140354
6.984776
7.190632
7.03505
7.240706
7.085382
7.291042
7.135817
7.341443
7.185948
7.391087
7.236196
7.440881
7.286596
7.491087
7.336243
7.591442
7.386079
7.641442
7.436326
7.691095
7.536192
7.741242
7.58611
7.790975
7.636048
7.841369
7.685739
7.891233
7.735528
7.940957
7.785341
7.991426
7.885372
8.041825
7.935725
8.091618
7.986202
8.141426
8.036506
8.191767
8.136183
8.242232
8.186513
8.2921
8.236164
8.34182
8.286587
8.391606
8.336855
8.44123
8.436886
8.490985
8.486958
8.540984
8.536692
8.59075
8.586505
8.640827
8.686614
8.691056
8.736515
8.741127
8.786278
8.790861
8.836041
8.840556
8.886009
8.890507
8.93572
8.940462
8.985588
8.990088
9.035433
9.040392
9.085652
9.090382
9.136044
9.140272
9.18625
9.190518
9.235845
9.240809
9.286096
9.291283
9.336493
9.34112
9.386847
9.391547
9.436646
9.44177
9.486899
9.491907
9.537158
9.541711
9.586899
9.592039
9.636619
9.642185
9.686347
9.691833
9.736262
9.743266
9.787817
9.792428
9.836372
9.842312
9.886905
9.892521
9.936428
9.942358
9.986491
9.99229
10.03637
10.04191
10.08683
10.09194
10.13669
10.14198
10.18656
10.19206
10.23617
10.24192
10.28659
10.29222
10.33682
10.34199
10.38718
10.39213
10.43756
10.44205
10.48795
10.49231
10.53776
10.54246
10.58816
10.59232
10.63848
10.64236
10.68813
10.69237
10.7378
10.74201
10.78772
10.7923
10.83739
10.84198
10.88713
10.89198
10.9368
10.94231
10.98646
10.99198
11.03641
11.04178
11.08615
11.09179
11.13574
11.14159
11.18565
11.19151
11.23567
11.24165
11.28548
11.29182
11.33579
11.34161
11.38595
11.39194
11.4362
11.44169
11.53579
11.49156
11.58618
11.54168
11.63645
11.59183
11.68686
11.64188
11.73666
11.69224
11.78713
11.74189
11.83727
11.79222
11.88763
11.84188
11.93798
11.89231
11.98839
11.94211
12.03887
11.99223
12.089
12.04213
12.13869
12.08352
12.17356
12.13373
12.22122
12.18349
12.2714
12.23377
12.32112
12.33407
12.37139
12.38449
12.42177
12.43423
12.47146
12.4841
12.5219
12.53379
12.5723
12.58373
12.62265
12.6334
12.6725
12.68373
12.72298
12.73414
12.77324
12.78445
12.82336
12.83474
12.87379
12.8846
12.92348
12.93456
12.97312
12.985
13.02312
13.03489
13.0739
13.08528
13.12391
13.13562
13.17348
13.18517
13.22316
13.23548
13.27297
13.33568
13.32337
13.38554
13.37311
13.43587
13.42278
13.48551
13.47277
13.53601
13.52262
13.58603
13.57251
13.63604
13.62298
13.68614
13.67337
13.73612
13.72375
13.78633
13.77423
13.83658
13.87468
13.88645
13.92504
13.93637
13.97474
13.98603
14.02514
14.03643
14.07497
14.08653
14.12482
14.13658
14.17488
14.18666
14.22529
14.23692
14.27548
14.28705
14.3253
14.33692
14.37522
14.38719
14.42486
14.43697
14.47461
14.48705
14.52503
14.58658
14.57527
14.63651
14.62538
14.68661
14.67572
14.73644
14.72533
14.78657
14.77571
14.83643
14.82536
14.8863
14.87527
14.93595
14.92574
14.98629
14.97542
15.03656
15.02561
15.08656
15.07595
15.13699
15.12599
15.18732
15.17573
15.23765
15.22609
15.28798
15.32666
15.33829
15.37658
15.38867
15.41771
15.43843
15.46739
15.48825
15.51767
15.53849
15.56747
15.5884
15.61767
15.63858
15.66808
15.68902
15.76884
15.73937
15.81847
15.7897
15.86894
15.84
15.91867
15.88974
15.96913
15.94017
16.01947
15.99024
16.06914
16.04062
16.11949
16.09106
16.1693
16.14137
16.21972
16.19148
16.26971
16.24162
16.31985
16.2913
16.37006
16.3412
16.4206
16.39163
16.47087
16.44196
16.52011
16.49236
16.56979
16.5425
16.62004
16.59207
16.66991
16.64183
16.72038
16.69222
16.77079
16.74195
16.8205
16.7918
16.87039
16.84206
16.92037
16.89227
16.97043
16.94189
17.02072
16.99175
17.07081
17.04162
17.12127
17.09208
17.17156
17.14235
17.22176
17.19269
17.27175
17.243
17.32212
17.29352
17.37173
17.34339
17.42138
17.39362
17.47112
17.4438
17.52123
17.49377
17.57107
17.5436
17.62103
17.59348
17.67151
17.64361
17.7217
17.69328
17.77148
17.74319
17.82177
17.79321
17.87189
17.8933
17.92188
17.94287
17.97217
17.99303
18.0225
18.04297
18.07264
18.09312
18.12282
18.1428
18.1729
18.19286
18.22301
18.24306
18.27283
18.29272
18.32275
18.34287
18.37306
18.3932
18.42334
18.44311
18.47337
18.4934
18.52356
18.54353
18.57322
18.59327
18.62365
18.64359
18.67327
18.69366
18.72354
18.74389
18.77316
18.79429
18.82352
18.84417
18.87322
18.89428
18.92293
18.94406
18.97326
18.9945
19.02309
19.04432
19.07309
19.09404
19.12306
19.14447
19.17342
19.1943
19.2234
19.24419
19.27348
19.29443
19.32372
19.34463
19.37354
19.3945
19.42342
19.44424
19.4732
19.49405
19.52341
19.5443
19.57374
19.5947
19.62339
19.64508
19.6736
19.69525
19.72358
19.74541
19.77691
19.7955
19.82359
19.8453
19.87361
19.89504
19.92361
19.94506
19.97357
19.99523
20.02332
20.04468
20.07352
20.09467
20.12343
20.1444
20.1734
20.19476
20.22373
20.2945
20.27379
20.34493
20.3242
20.39522
20.37398
20.4454
20.42378
20.49506
20.4742
20.54522
20.52415
20.59529
20.57384
20.64522
20.62405
20.69499
20.6742
20.74509
20.72412
20.79475
20.77385
20.84503
20.82411
20.89519
20.92406
20.94561
20.97438
20.99599
21.0245
21.04646
21.0749
21.09636
21.12452
21.14609
21.17499
21.19579
21.22519
21.24615
21.27516
21.29609
21.32535
21.34654
21.37517
21.39642
21.42565
21.44641
21.47545
21.49671
21.52558
21.54692
21.57585
21.59701
21.62625
21.64728
21.67636
21.6974
21.72668
21.74713
21.77701
21.7973
21.82668
21.84704
21.87681
21.89737
21.92648
21.94713
21.97668
21.99724
22.0263
22.04734
22.07644
22.09761
22.12615
22.1479
22.17631
22.19827
22.22663
22.248
22.27664
22.29817
22.32679
22.34786
22.37645
22.39758
22.4267
22.44779
22.47696
22.49752
22.52737
22.54757
22.57779
22.59764
22.62799
22.64786
22.6783
22.698
22.72812
22.7483
22.77768
22.79862
22.82779
22.84869
22.87788
22.89889
22.92801
22.94869
22.97121
22.99898
23.02115
23.04891
23.07113
23.09939
23.12135
23.14899
23.1712
23.19943
23.22089
23.24979
23.27049
23.3001
23.32051
23.35236
23.37032
23.40071
23.42071
23.44144
23.47124
23.4917
23.52072
23.54142
23.57074
23.59138
23.62099
23.64158
23.67088
23.69145
23.72095
23.7414
23.77101
23.79104
23.82128
23.84151
23.8712
23.89202
23.92101
23.94241
23.9707
23.9923
24.021
24.04234
24.07111
24.09209
24.12152
24.14227
24.17177
24.19228
24.22162
24.24242
24.27134
24.29276
24.32174
24.34262
24.3717
24.39234
24.42185
24.4425
24.47153
24.49276
24.5217
24.54266
24.57159
24.59303
24.6219
24.64329
24.67217
24.74367
24.72204
24.79395
24.7721
24.8442
24.82239
24.89421
24.87253
24.94403
24.92215
24.99371
24.97188
25.04374
25.02237
25.09389
25.07215
25.14428
25.12191
25.19449
25.1719
25.24436
25.22223
25.29399
25.27259
25.34435
25.32284
25.39434
25.37315
25.44401
25.42335
25.4938
25.47349
25.54413
25.52318
25.59415
25.57305
25.64454
25.62298
25.69491
25.67302
25.74521
25.72303
25.79561
25.7731
25.84578
25.82324
25.89585
25.87357
25.94547
25.92394
25.99538
25.97376
26.0454
26.02407
26.09508
26.07417
26.14474
26.12397
26.1952
26.17442
26.24546
26.22413
26.29519
26.27397
26.34505
26.32396
26.39514
26.37384
26.44504
26.4239
26.4948
26.47354
26.54357
26.57313
26.5936
26.62295
26.64385
26.6732
26.6939
26.72286
26.74438
26.77296
26.79473
26.82334
26.84613
26.87383
26.89488
26.92386
26.94495
26.97383
26.99492
27.02366
27.04521
27.07336
27.09569
27.12353
27.1459
27.17402
27.1959
27.22415
27.24559
27.27388
27.29563
27.32377
27.34604
27.37411
27.39645
27.42401
27.44619
27.47421
27.49644
27.52427
27.54637
27.57442
27.5964
27.62407
27.64622
27.67443
27.6959
27.7244
27.74605
27.77458
27.79638
27.82473
27.84654
27.87433
27.89669
27.92474
27.94693
27.97446
27.99696
28.02433
28.04687
28.07421
28.09723
28.12417
28.14714
28.17417
28.19709
28.22459
28.24687
28.27471
28.29688
28.37538
28.34697
28.42579
28.39655
28.47616
28.44262
28.52374
28.49306
28.57371
28.54188
28.61153
28.59168
28.66147
28.6418
28.71166
28.69182
28.76152
28.74213
28.81143
28.7921
28.86132
28.84206
28.91156
28.89182
28.96184
28.94182
29.0121
28.99199
29.06217
29.04206
29.11178
29.09183
29.16163
29.14199
29.21188
29.1918
29.26219
29.24162
29.31182
29.29159
29.36215
29.34167
29.41184
29.44194
29.46197
29.49205
29.51218
29.54241
29.56242
29.59225
29.61204
29.64194
29.66245
29.69241
29.71258
29.74258
29.76248
29.79244
29.81228
29.84251
29.8576
29.88926
29.90754
29.93968
29.95794
29.98979
30.00809
30.03943
30.05796
30.08977
30.09454
30.13346
30.14443
30.18381
30.19483
30.22251
30.24474
30.27253
30.29504
30.32247
30.34517
30.37273
30.397
30.42309
30.44564
30.47351
30.49605
30.52505
30.54593
30.57416
30.59583
30.62439
30.6461
30.67492
30.69643
30.72439
30.74682
30.77438
30.79699
30.82413
30.84707
30.87392
30.89733
30.9239
30.94767
30.97363
30.99735
31.02378
31.04699
31.07412
31.09723
31.12379
31.14734
31.17415
31.19701
31.22452
31.24735
31.2749
31.29766
31.32512
31.34765
31.37481
31.39802
31.4245
31.44849
31.47425
31.49819
31.52449
31.54861
31.57469
31.59835
31.62458
31.64879
31.67492
31.69918
31.72472
31.74946
31.77478
31.79995
31.82523
31.84958
31.87229
31.89994
31.91354
31.94806
31.96384
31.99846
32.01394
32.0485
32.06423
32.0988
32.11435
32.14917
32.21503
32.19958
32.26529
32.25
32.31561
32.30025
32.36584
32.35037
32.41616
32.40059
32.46627
32.45026
32.51657
32.5003
32.56694
32.55059
32.61667
32.60051
32.71687
32.65013
32.76656
32.70006
32.81683
32.74978
32.86709
32.79966
32.91735
32.84983
32.96782
32.8998
33.01753
32.95
33.06735
32.99963
33.11702
33.04938
33.16734
33.09898
33.21754
33.14931
33.26732
33.19966
33.31775
33.24998
33.36745
33.30019
33.41759
33.35022
33.46766
33.40023
33.51761
33.44992
33.56789
33.49982
33.61797
33.54963
33.66808
33.59954
33.71792
33.64962
33.76801
33.69978
33.81791
33.80025
33.86795
33.85055
33.91995
33.90018
33.96786
33.94956
34.01808
33.99942
34.06833
34.04938
34.11831
34.0994
34.16821
34.14916
34.21313
34.19942
34.2633
34.2494
34.31332
34.29949
34.36377
34.3498
34.41346
34.3995
34.46354
34.44976
34.51392
34.4994
34.56412
34.54977
34.61451
34.59948
34.66418
34.6496
34.71379
34.69948
34.76427
34.74976
34.81398
34.79996
34.86393
34.85023
34.91403
34.90055
34.96386
34.95087
35.01392
35.00122
35.06366
35.05089
35.11396
35.10131
35.16438
35.15128
35.21456
35.20116
35.2645
35.25082
35.31485
35.30115
35.36478
35.35152
35.41525
35.40187
35.46558
35.45212
35.51531
35.50252
35.56558
35.55249
35.61592
35.6026
35.66571
35.65301
35.71545
35.7032
35.76512
35.75291
35.81525
35.80259
35.86496
35.85241
35.91458
35.90226
35.96505
35.95213
36.01476
36.00241
36.06462
36.05228
36.11448
36.10254
36.16463
36.15244
36.21468
36.20274
36.26443
36.25254
36.3149
36.30227
36.36522
36.35274
36.41502
36.40233
36.46482
36.45284
36.51502
36.50325
36.5655
36.55356
36.61537
36.60378
36.66534
36.65416
36.71534
36.70409
36.76503
36.75413
36.81548
36.80438
36.86513
36.85446
36.91487
36.90473
36.96514
36.95504
37.01529
37.00482
37.06498
37.05608
37.11495
37.10493
37.16528
37.15519
37.21729
37.20543
37.26582
37.25524
37.31581
37.3049
37.36554
37.35462
37.41592
37.40475
37.46572
37.45519
37.51549
37.50531
37.56515
37.55524
37.61517
37.60502
37.66552
37.65504
37.71601
37.70481
37.76625
37.75522
37.81604
37.8052
37.86631
37.8549
37.91671
37.90488
37.96654
37.9551
38.01678
38.00523
38.06672
38.05563
38.11673
38.10568
38.16704
38.15563
38.21747
38.2061
38.26719
38.25655
38.31718
38.30642
38.36706
38.35611
38.41732
38.40603
38.46779
38.45636
38.51779
38.50648
38.56817
38.5566
38.6186
38.60647
38.66822
38.65674
38.71804
38.7566
38.76804
38.80646
38.81786
38.85643
38.86811
38.90636
38.9179
38.95667
38.96764
39.0066
39.01736
39.05666
39.0673
39.10693
39.1175
39.15695
39.16715
39.20685
39.21722
39.25313
39.26751
39.29692
39.31719
39.33859
39.36716
39.38886
39.41716
39.43852
39.46677
39.48818
39.51501
39.53813
39.56474
39.57935
39.60368
39.62951
39.64619
39.67744
39.68352
39.70331
39.7163
39.74195
39.76044
39.77286
39.7979
39.80899
39.82795
39.83539
39.86898
39.86764
39.90983
39.90257
39.96011
39.95295
40.00998
40.00299
40.05963
40.04266
40.10618
40.09266
40.15658
40.14299
40.20662
40.19284
40.25644
40.24308
40.3063
40.29308
40.35624
40.3433
40.40635
40.39354
40.45628
40.44366
40.50657
40.49351
40.55648
40.54393
40.60693
40.59365
40.65682
40.64337
40.70722
40.6968
40.75694
40.74436
40.80681
40.79397
40.85705
40.84363
40.90676
40.89345
40.95709
40.94376
41.00703
40.99346
41.05688
41.04331
41.10695
41.09299
41.15708
41.14273
41.2072
41.19291
41.25701
41.24303
41.29959
41.29329
41.34952
41.33035
41.39987
41.38035
41.44979
41.43062
41.49978
41.48088
41.55005
41.53077
41.59974
41.58077
41.64992
41.63108
41.70042
41.68107
41.75081
41.73112
41.80087
41.78118
41.85122
41.83101
41.90095
41.88097
41.95114
41.93064
42.00153
41.98095
42.05154
42.03122
42.10161
42.08106
42.15168
42.13117
42.20157
42.18155
42.25168
42.23116
42.30153
42.28093
42.35183
42.33069
42.40217
42.38086
42.45216
42.43115
42.5023
42.48133
42.55239
42.53147
42.60244
42.5812
42.65218
42.63141
42.7024
42.68174
42.75212
42.7314
42.80246
42.78168
42.85265
42.83189
42.90239
42.88235
42.95284
42.93216
43.00249
42.98229
43.05286
43.03276
43.10297
43.13319
43.15279
43.18345
43.20319
43.23345
43.25365
43.28368
43.30362
43.33346
43.35403
43.38387
43.40401
43.43361
43.45401
43.48343
43.50417
43.53242
43.55442
43.58202
43.60462
43.63199
43.65478
43.68225
43.70498
43.73206
43.75529
43.78225
43.80516
43.88228
43.85478
43.93259
43.90498
43.98288
43.95531
44.03321
44.00501
44.08381
44.05471
44.13359
44.10445
44.18357
44.15477
44.23293
44.20525
44.28332
44.25493
44.33371
44.3054
44.3838
44.35464
44.43359
44.40495
44.48324
44.45529
44.53312
44.50502
44.58284
44.55511
44.63249
44.60519
44.68273
44.6548
44.73299
44.70521
44.7833
44.75529
44.83353
44.80547
44.88325
44.85556
44.9332
44.90556
44.98355
44.95592
45.03329
45.00592
45.08298
45.10595
45.13329
45.15615
45.18296
45.20635
45.2326
45.25674
45.28263
45.30695
45.33252
45.35688
45.38219
45.40685
45.43184
45.45676
45.48222
45.50654
45.52993
45.55652
45.57999
45.60667
45.62976
45.65671
45.67952
45.70664
45.72997
45.75687
45.78005
45.8066
45.8297
45.85694
45.87936
45.9068
45.92908
45.95693
45.97897
46.00739
46.02895
46.05706
46.07904
46.10695
46.12901
46.15661
46.17869
46.20685
46.22911
46.25694
46.2793
46.30688
46.32909
46.35714
46.37937
46.40693
46.4291
46.45693
46.47896
46.50726
46.52863
46.55765
46.57903
46.60726
46.62864
46.65706
46.67909
46.70726
46.72922
46.75704
46.77926
46.8073
46.8291
46.85707
46.87877
46.90742
46.92862
46.95753
46.9786
47.00777
47.02873
47.05816
47.07899
47.10792
47.12873
47.15838
47.22882
47.20877
47.27909
47.25872
47.32919
47.30865
47.37935
47.3587
47.43009
47.40851
47.48034
47.45845
47.5308
47.5089
47.58021
47.55901
47.63051
47.60933
47.68074
47.65896
47.73066
47.7089
47.78028
47.75918
47.83008
47.80929
47.87974
47.85929
47.92954
47.90929
47.97925
47.95923
48.02926
48.00961
48.07895
48.05962
48.12939
48.10992
48.17951
48.16031
48.22921
48.21061
48.27967
48.26044
48.32961
48.31005
48.37987
48.36051
48.42953
48.41017
48.47927
48.46056
48.5292
48.51034
48.57883
48.56013
48.6292
48.6099
48.67906
48.65963
48.72871
48.70961
48.77844
48.76004
48.82867
48.8098
48.87884
48.91002
48.92918
48.96045
48.97887
49.01077
49.02916
49.06042
49.07902
49.11081
49.12896
49.16103
49.17926
49.21109
49.2295
49.26142
49.27919
49.31114
49.32883
49.36147
49.37882
49.41129
49.42915
49.46167
49.4795
49.51178
49.52979
49.56142
49.57943
49.61188
49.62914
49.66235
49.67889
49.71273
49.72903
49.76322
49.77917
49.81365
49.82936
49.86348
49.87984
49.91312
49.93005
49.96305
49.98029
50.01286
50.03062
50.06259
50.08025
50.11234
50.12991
50.16231
50.17977
50.21257
50.23003
50.26238
50.27975
50.31211
50.32947
50.36227
50.3797
50.41246
50.42967
50.46284
50.47994
50.51245
50.53153
50.56271
50.58038
50.61273
50.63091
50.66299
50.68029
50.71327
50.73029
50.76374
50.78003
50.81394
50.82987
50.8636
50.87967
50.91364
50.9295
50.96333
50.9799
51.0137
51.03003
51.06399
51.07995
51.1143
51.12993
51.16446
51.17989
51.21466
51.23009
51.26511
51.28003
51.31499
51.33049
51.36529
51.43041
51.41557
51.48003
51.46524
51.53049
51.51545
51.58082
51.56579
51.63048
51.61552
51.68039
51.66526
51.73026
51.71496
51.78019
51.76535
51.83009
51.81503
51.88053
51.86478
51.93077
51.91517
51.98074
51.96505
52.03074
52.01477
52.08112
52.065
52.1316
52.11483
52.18187
52.16525
52.23166
52.21502
52.28178
52.26542
52.33161
52.31511
52.38205
52.36522
52.43181
52.41527
52.48181
52.46564
52.53146
52.51608
52.58194
52.5665
52.63167
52.61689
52.68159
52.66718
52.73191
52.71689
52.78205
52.76662
52.83167
52.81623
52.88203
52.86663
52.93174
52.917
52.98193
52.96684
53.03237
53.01729
53.08267
53.06756
53.13253
53.11783
53.18279
53.16825
53.23271
53.21793
53.28233
53.25506
53.33223
53.30536
53.38245
53.35526
53.43229
53.40546
53.48192
53.45556
53.53178
53.5052
53.5821
53.55481
53.6319
53.60522
53.68159
53.65561
53.73191
53.70594
53.78245
53.75625
53.83292
53.80666
53.88323
53.85702
53.93291
53.90668
53.98272
53.95721
54.0327
54.00705
54.0831
54.05715
54.13285
54.10673
54.18303
54.20626
54.23298
54.25594
54.28308
54.30627
54.33295
54.35608
54.38278
54.40624
54.43241
54.45601
54.48243
54.50586
54.53227
54.55579
54.5821
54.60586
54.63242
54.65601
54.68235
54.70624
54.73216
54.75653
54.78188
54.80627
54.83215
54.8567
54.8825
54.907
54.9323
54.95671
54.98223
55.00711
55.03203
55.05699
55.0824
55.10678
55.13258
55.15667
55.18299
55.20698
55.23281
55.2568
55.28282
55.30658
55.33295
55.35682
55.3828
55.40645
55.43321
55.45685
55.48299
55.50713
55.53294
55.55704
55.58294
55.60715
55.63333
55.65742
55.68359
55.70753
55.73375
55.75785
55.78415
55.80762
55.83399
55.85783
55.88435
55.90797
55.93453
55.95817
55.9844
56.00796
56.03446
56.05798
56.08455
56.10769
56.13424
56.15772
56.18424
56.20804
56.23425
56.25808
56.28418
56.30851
56.33424
56.3585
56.38431
56.40863
56.43391
56.45903
56.48401
56.50923
56.5343
56.55947
56.58464
56.60983
56.63488
56.6598
56.6845
56.70951
56.73499
56.75914
56.78466
56.80954
56.83456
56.85997
56.88499
56.9103
56.9348
56.96054
56.98483
57.01035
57.03497
57.06017
57.08627
57.11033
57.13512
57.16047
57.18509
57.21056
57.23544
57.2609
57.28539
57.31143
57.33526
57.36176
57.38499
57.41116
57.43536
57.46095
57.48572
57.51126
57.53585
57.56163
57.58633
57.61136
57.63676
57.66168
57.68637
57.71194
57.73611
57.76229
57.78657
57.81255
57.83659
57.86238
57.8869
57.91248
57.93704
57.96232
57.98703
58.01215
58.03737
58.06187
58.08716
58.11212
58.13721
58.16214
58.18758
58.21201
58.23731
58.26199
58.28738
58.31228
58.33749
58.36258
58.38798
58.41228
58.43817
58.46251
58.48845
58.51274
58.53811
58.56319
58.5878
58.61347
58.63751
58.66373
58.68718
58.7136
58.73748
58.76379
58.78784
58.81386
58.83813
58.86392
58.88802
58.91426
58.93769
58.96437
58.98803
59.01404
59.0383
59.06384
59.08863
59.11359
59.13861
59.16397
59.18876
59.214
59.2392
59.26377
59.28883
59.31416
59.33846
59.36405
59.38886
59.41446
59.43935
59.46432
59.4894
59.51476
59.53982
59.56476
59.5901
59.61506
59.64034
59.66509
59.69075
59.71539
59.74093
59.76526
59.79107
59.81557
59.84102
59.86552
59.89142
59.91579
59.94122
59.96572
59.9914
60.01565
60.04149
60.06605
60.09129
60.11652
60.14168
60.16685
60.19173
60.21704
60.24208
60.26715
60.29251
60.31701
60.34265
60.36751
60.39667
60.41721
60.44348
60.46704
60.49363
60.51688
60.54321
60.56668
60.59285
60.61716
60.64327
60.66754
60.69312
60.71729
60.74332
60.76664
60.79352
60.81695
60.84346
60.86721
60.89325
60.91746
60.943
60.96707
60.99326
61.0169
61.0431
61.06736
61.09304
61.117
61.14279
61.16743
61.19264
61.21776
61.24284
61.2674
61.29258
61.31713
61.34266
61.36695
61.39293
61.41723
61.44326
61.46694
61.49306
61.51712
61.54293
61.56701
61.59299
61.61742
61.64339
61.6678
61.69319
61.71748
61.74305
61.76768
61.79283
61.818
61.8427
61.86834
61.89259
61.91882
61.9423
61.96907
61.99279
62.01949
62.04252
62.06914
62.09275
62.11954
62.14308
62.16945
62.19311
62.21918
62.24356
62.26885
62.29388
62.31893
62.34355
62.36928
62.39335
62.41954
62.44377
62.46939
62.49344
62.51958
62.54316
62.56981
62.59297
62.6197
62.64278
62.67012
62.69251
62.71981
62.74289
62.77013
62.79322
62.81997
62.84321
62.87026
62.89309
62.92059
62.94269
62.97099
62.99294
63.02069
63.04268
63.0704
63.0929
63.12086
63.14299
63.17066
63.19323
63.22057
63.24347
63.2702
63.29376
63.32023
63.34407
63.37
63.39399
63.4203
63.44427
63.4706
63.49435
63.52039
63.54448
63.57077
63.59423
63.62102
63.6449
63.6707
63.69481
63.72044
63.74445
63.77017
63.79376
63.82059
63.84338
63.87028
63.89319
63.92046
63.94302
63.97072
63.99346
64.02056
64.04395
64.07009
64.0944
64.12058
64.14465
64.17032
64.19476
64.22076
64.24519
64.27116
64.29558
64.32079
64.34565
64.37051
64.39606
64.42091
64.44638
64.47061
64.49608
64.52055
64.5459
64.57072
64.59624
64.62107
64.64664
64.67113
64.69653
64.7215
64.7467
64.7557
64.79704
64.80283
64.84671
64.84128
64.88898
64.89124
64.93893
64.93177
64.98771
64.98164
65.03767
65.0319
65.08739
65.08152
65.13747
65.13135
65.18733
65.18127
65.23776
65.23097
65.28764
65.28079
65.33733
65.33052
65.38736
65.38055
65.43757
65.43045
65.48734
65.48073
65.53737
65.5308
65.58722
65.58109
65.63744
65.63125
65.68771
65.66941
65.73744
65.70694
65.78431
65.75068
65.82491
65.80102
65.86578
65.8508
65.91561
65.90083
65.9659
65.95103
66.01605
66.0014
66.0659
66.05122
66.11558
66.10152
66.16577
66.15182
66.21582
66.20178
66.26604
66.25227
66.31582
66.3528
66.3661
66.40305
66.41625
66.45305
66.46664
66.50268
66.51652
66.55298
66.56642
66.60291
66.61681
66.65334
66.6667
66.70341
66.71702
66.75317
66.76704
66.80321
66.81738
66.85281
66.8677
66.90244
66.91795
66.95238
66.96842
67.0027
67.01883
67.05272
67.0686
67.10297
67.11862
67.15298
67.16849
67.20292
67.22021
67.25103
67.26867
67.30083
67.3191
67.3507
67.369
67.40072
67.41817
67.4511
67.46835
67.50118
67.51853
67.55112
67.56886
67.60136
67.61929
67.65162
67.66888
67.70172
67.71925
67.75216
67.76895
67.80212
67.81865
67.85183
67.86909
67.9017
67.91873
67.95148
67.96854
68.00112
68.01827
68.05152
68.068
68.10125
68.11786
68.15115
68.16808
68.20164
68.21821
68.25151
68.26854
68.30131
68.31825
68.35171
68.36787
68.40218
68.41792
68.45222
68.46786
68.50249
68.51771
68.55237
68.56797
68.60278
68.61797
68.65282
68.66793
68.70289
68.71806
68.75334
68.7681
68.8037
68.81806
68.85414
68.86773
68.90411
68.91811
68.95373
68.9684
69.00401
69.01826
69.0544
69.06847
69.104
69.11817
69.15403
69.16846
69.20369
69.21886
69.25367
69.26923
69.30396
69.31933
69.35402
69.36957
69.40424
69.41993
69.45415
69.47016
69.50428
69.51977
69.55233
69.56544
69.60221
69.61544
69.65232
69.66518
69.70256
69.71511
69.75214
69.75902
69.80228
69.80875
69.85199
69.85836
69.90168
69.90876
69.95153
69.95864
70.00122
70.00829
70.05122
70.05805
70.10106
70.10783
70.15155
70.15833
70.20141
70.20822
70.25121
70.25823
70.30093
70.30845
70.35075
70.35876
70.40038
70.40838
70.45006
70.45868
70.50018
70.50888
70.55011
70.55903
70.59994
70.60934
70.65034
70.65933
70.70007
70.70924
70.7504
70.75941
70.80021
70.80991
70.85026
70.85978
70.90019
70.91024
70.95043
70.96017
71.00031
71.00984
71.05073
71.0597
71.1003
71.1095
71.15083
71.15943
71.2005
71.20911
71.25034
71.25901
71.30004
71.30926
71.34993
71.35887
71.40015
71.40857
71.45049
71.4583
71.50029
71.50273
71.55056
71.55302
71.60098
71.60268
71.65072
71.65316
71.70073
71.7028
71.75037
71.75279
71.8005
71.80254
71.85016
71.85256
71.89991
71.89121
71.94855
71.94155
71.99835
71.99162
72.04858
72.04126
72.09846
72.09152
72.14857
72.14165
72.19888
72.19192
72.24857
72.24001
72.2989
72.29014
72.34895
72.34014
72.39857
72.39059
72.44862
72.44077
72.49897
72.49081
72.54877
72.54102
72.59838
72.59141
72.64815
72.64181
72.69801
72.69147
72.74797
72.74171
72.79829
72.79134
72.84863
72.84113
72.89867
72.89094
72.94903
72.94093
72.99937
72.99087
73.04955
73.04058
73.09935
73.09107
73.14904
73.14086
73.19904
73.19114
73.24944
73.24087
73.29942
73.29073
73.3492
73.34058
73.39915
73.39073
73.44877
73.4407
73.49908
73.49063
73.54916
73.54092
73.59895
73.59056
73.64859
73.64098
73.69888
73.69129
73.74915
73.74171
73.79925
73.79212
73.84956
73.84177
73.8997
73.89196
73.95
73.94183
73.99966
73.99155
74.05008
74.04198
74.10049
74.09229
74.15028
74.14265
74.20001
74.24311
74.25046
74.29504
74.30089
74.34368
74.35102
74.39404
74.40141
74.44368
74.45171
74.49301
74.50188
74.54327
74.55217
74.59351
74.60402
74.64398
74.65298
74.69375
74.70328
74.74405
74.75308
74.79371
74.80272
74.84411
74.85321
74.89389
74.9034
74.94431
74.95378
74.99409
75.00407
75.04371
75.05431
75.09351
75.10406
75.14317
75.15384
75.19341
75.20377
75.2432
75.25379
75.29343
75.30392
75.3438
75.35385
75.3942
75.40377
75.44469
75.50364
75.49468
75.55346
75.54461
75.60387
75.59449
75.65425
75.6446
75.70431
75.69492
75.7545
75.74461
75.80415
75.79434
75.85426
75.84399
75.90443
75.89387
75.95488
75.94376
76.00446
75.99355
76.05421
76.04366
76.10452
76.09364
76.15429
76.14368
76.20404
76.19339
76.25397
76.2432
76.30363
76.29292
76.35341
76.34274
76.40319
76.39259
76.45303
76.44294
76.50334
76.49259
76.55302
76.54307
76.6033
76.59279
76.65337
76.64306
76.70303
76.69319
76.75336
76.74285
76.80302
76.79285
76.85323
76.8425
76.90291
76.89266
76.95313
76.9425
77.0029
76.99245
77.05261
77.0424
77.10297
77.09227
77.15315
77.1424
77.20282
77.19231
77.25271
77.24239
77.30295
77.2921
77.35309
77.34177
77.40304
77.39376
77.4529
77.44216
77.50262
77.49207
77.55227
77.54207
77.60202
77.59206
77.65193
77.64196
77.70189
77.69223
77.75362
77.7421
77.80225
77.79185
77.85253
77.84205
77.90225
77.89232
77.95208
77.94228
78.0023
77.99203
78.05239
78.04202
78.10276
78.09206
78.15295
78.14224
78.20272
78.19255
78.25253
78.24297
78.30228
78.29302
78.35212
78.34268
78.40253
78.3931
78.43507
78.44345
78.47873
78.49383
78.52906
78.54369
78.57913
78.59401
78.62914
78.64411
78.67963
78.69395
78.72937
78.74371
78.77957
78.79364
78.82968
78.84371
78.87994
78.89381
78.9287
78.9442
78.97898
78.99429
79.02937
79.04467
79.07973
79.09502
79.13007
79.14464
79.18027
79.1947
79.23032
79.24454
79.28027
79.29465
79.33039
79.34453
79.38026
79.39447
79.43071
79.44437
79.48064
79.49448
79.53079
79.5443
79.58046
79.5945
79.63058
79.64477
79.68084
79.69449
79.73049
79.74428
79.7804
79.79462
79.83066
79.84456
79.88038
79.89483
79.93056
79.94447
79.98069
79.99481
80.03062
80.04455
80.08096
80.09449
80.13099
80.14462
80.18098
80.19452
80.23116
80.24492
80.28128
80.2948
80.3313
80.34482
80.38169
80.39467
80.43188
80.44489
80.48192
80.49514
80.53185
80.54486
80.5817
80.59486
80.63208
80.64466
80.68197
80.69455
80.73211
80.74465
80.78191
80.79458
80.83221
80.84434
80.88236
80.89438
80.98203
80.94437
81.0319
80.99439
81.08176
81.04459
81.13161
81.09457
81.18164
81.14491
81.23169
81.19506
81.28167
81.24506
81.3316
81.29492
81.38123
81.34459
81.43097
81.39432
81.48093
81.44445
81.5308
81.49454
81.58101
81.54489
81.61455
81.59456
81.66475
81.63844
81.71449
81.6881
81.76469
81.73819
81.81453
81.7883
81.86428
81.83796
81.91407
81.88796
81.96409
81.98823
82.01382
82.03815
82.06349
82.08823
82.11393
82.13851
82.16401
82.18819
82.21372
82.23802
82.26365
82.28845
82.31355
82.33816
82.36339
82.38814
82.41344
82.43815
82.46394
82.48788
82.51385
82.53815
82.56378
82.58838
82.61373
82.63862
82.66379
82.68878
82.71365
82.73869
82.76398
82.78838
82.81405
82.83831
82.86391
82.88821
82.91395
82.93835
82.96426
82.98829
83.0145
83.03802
83.06479
83.08784
83.16499
83.13757
83.21464
83.18784
83.26454
83.23753
83.31432
83.28796
83.36393
83.33762
83.41397
83.38811
83.46378
83.4384
83.5135
83.48897
83.56332
83.53869
83.61303
83.58829
83.66279
83.63794
83.71243
83.68836
83.76286
83.73822
83.81272
83.7886
83.86263
83.83849
83.91273
83.88846
83.963
83.93826
84.01284
83.98796
84.06263
84.03819
84.11242
84.08831
84.16225
84.13809
84.21255
84.18811
84.26243
84.23792
84.31221
84.28829
84.3625
84.33847
84.41251
84.38886
84.46255
84.43905
84.51257
84.48914
84.56251
84.53877
84.61258
84.58854
84.66234
84.63824
84.71223
84.68826
84.762
84.73818
84.8121
84.78837
84.86184
84.83807
84.91174
84.88815
84.9617
84.9379
85.01214
84.98773
85.0623
85.0381
85.11194
85.08779
85.16245
85.13805
85.21276
85.18781
85.26306
85.23759
85.31277
85.28806
85.36319
85.33831
85.41363
85.38859
85.46387
85.43906
85.51361
85.489
85.5633
85.53944
85.61354
85.58963
85.66362
85.6394
85.71341
85.68974
85.76329
85.73936
85.81343
85.78979
85.86341
85.83978
85.91316
85.88979
85.96316
85.93973
86.01296
85.98978
86.05696
86.07719
86.1069
86.12068
86.15682
86.16331
86.19471
86.21165
86.23975
86.25082
86.27755
86.28793
86.31048
86.32171
86.34682
86.35271
86.36486
86.37001
86.38735
86.38923
86.4114
86.41171
86.43575
86.43412
86.45562
86.45238
86.47736
86.47408
86.50102
86.50278
86.52862
86.52611
86.55468
86.54188
86.57808
86.5801
86.59815
86.59818
86.62167
86.62141
86.6432
86.63801
86.65979
86.65459
86.67589
86.66994
86.68941
86.68501
86.70426
86.70741
86.72074
86.71961
86.73397
86.73532
86.74694
86.74905
86.76182
86.76158
86.77728
86.7767
86.79168
86.78957
86.80737
86.80402
86.82477
86.8206
86.84295
86.83884
86.85861
86.85461
86.87263
86.86974
86.88892
86.88337
86.896
86.89573
86.91513
86.9216
86.92919
86.93557
86.94746
86.95173
86.95847
86.96571
86.97233
86.97887
86.98606
86.98916
87.00021
87.00411
87.01441
87.01794
87.02928
87.03056
87.04115
87.0441
87.05701
87.05904
87.06688
87.08211
87.07957
87.08968
87.09194
87.10518
87.10735
87.11676
87.12086
87.12869
87.12981
87.14191
87.1448
87.15638
87.15858
87.17041
87.17047
87.18511
87.18601
87.19791
87.19887
87.20844
87.21325
87.22237
87.22774
87.23835
87.23981
87.25121
87.25578
87.2679
87.26854
87.28017
87.2837
87.29807
87.29859
87.31174
87.31087
87.32098
87.3243
87.33228
87.34032
87.34737
87.35747
87.35481
87.36963
87.36758
87.38097
87.37691
87.39026
87.3913
87.40017
87.40355
87.41014
87.41675
87.41754
87.43214
87.42683
87.44044
87.43973
87.45341
87.4512
87.46751
87.4634
87.48086
87.47697
87.49934
87.48759
87.51144
87.50219
87.52724
87.51144
87.54204
87.52487
87.55531
87.53663
87.56583
87.54922
87.57859
87.55654
87.5938
87.56794
87.60579
87.57825
87.6162
87.58694
87.62797
87.60016
87.64179
87.60939
87.65096
87.61893
87.66115
87.62617
87.67036
87.63641
87.67776
87.64362
87.68703
87.65284
87.69624
87.66211
87.70362
87.67227
87.71084
87.68147
87.72115
87.68887
87.73041
87.70245
87.74213
87.7116
87.75323
87.72462
87.76246
87.73714
87.7717
87.74435
87.78332
87.75607
87.7926
87.76577
87.80617
87.775
87.82003
87.78847
87.82722
87.80109
87.83443
87.81344
87.84362
87.82349
87.85094
87.83271
87.85814
87.84007
87.86536
87.85173
87.87923
87.86096
87.891
87.877
87.90878
87.8935
87.9239
87.9093
87.93319
87.92559
87.94563
87.93359
87.95488
87.9434
87.9672
87.9566
87.9764
87.96852
87.98561
87.98137
88.00401
87.98886
88.01506
87.9992
88.0253
88.00672
88.03449
88.01712
88.04375
88.02763
88.05553
88.04166
88.06581
88.05173
88.07763
88.06216
88.08689
88.07151
88.09856
88.08116
88.10777
88.10092
88.117
88.11333
88.12728
88.12659
88.14493
88.13706
88.15213
88.14993
88.16402
88.16085
88.17125
88.17356
88.18153
88.18743
88.19182
88.20286
88.20502
88.21766
88.21786
88.23979
88.23106
88.25377
88.25606
88.26839
88.2804
88.28706
88.30134
88.31152
88.31049
88.32349
88.32694
88.33691
88.33849
88.34724
88.34569
88.36501
88.35296
88.37726
88.36711
88.38963
88.37875
88.4031
88.39635
88.41582
88.40565
88.43039
88.42173
88.44364
88.44967
88.45994
88.46235
88.49072
88.48548
88.50331
88.53082
88.52996
88.54599
88.54935
88.56548
88.57144
88.57806
88.59474
88.59059
88.61336
88.61156
88.6237
88.6244
88.64319
88.65149
88.6601
88.66932
88.67292
88.69035
88.68814
88.70375
88.71056
88.71806
88.72424
88.72892
88.73687
88.74341
88.75802
88.75795
88.77196
88.77307
88.78707
88.79508
88.80416
88.81364
88.83498
88.82741
88.8632
88.85391
88.87916
88.86572
88.89357
88.88848
88.90145
88.90005
88.92178
88.92572
88.94421
88.94092
88.95505
88.95308
88.9696
88.96767
88.98008
88.98212
88.99408
89.00417
89.0089
89.01848
89.02287
89.03288
89.04294
89.04504
89.05373
89.06035
89.07541
89.07532
89.09304
89.08652
89.1023
89.10127
89.11404
89.11177
89.12677
89.12466
89.136
89.13381
89.14628
89.14719
89.15544
89.15644
89.16271
89.16567
89.17295
89.17821
89.18317
89.1915
89.19343
89.19872
89.20979
89.21067
89.21695
89.2179
89.22415
89.23055
89.23333
89.23772
89.24069
89.24693
89.25022
89.25867
89.26302
89.26784
89.27808
89.28061
89.28871
89.29067
89.30218
89.30781
89.3158
89.31966
89.32921
89.33218
89.33981
89.34141
89.35448
89.35312
89.36851
89.36243
89.37778
89.37577
89.39114
89.38506
89.40147
89.39763
89.41071
89.4109
89.41998
89.42018
89.43213
89.43108
89.44137
89.44137
89.45164
89.44874
89.46098
89.45804
89.47343
89.46958
89.48679
89.47697
89.49604
89.4885
89.50344
89.49771
89.5127
89.50696
89.52197
89.5162
89.53329
89.52647
89.54501
89.53574
89.55693
89.54746
89.56622
89.55674
89.57545
89.56596
89.58504
89.57524
89.59244
89.58839
89.60272
89.59571
89.61197
89.60317
89.6237
89.61707
89.63096
89.62453
89.64021
89.63379
89.65051
89.64412
89.66228
89.65744
89.67492
89.67136
89.68519
89.68166
89.69554
89.69193
89.70803
89.70117
89.7219
89.7086
89.7354
89.72207
89.74567
89.73698
89.75495
89.75303
89.7695
89.76791
89.78133
89.7832
89.79317
89.7906
89.80177
89.8056
89.81441
89.8206
89.82475
89.83379
89.83988
89.84722
89.8549
89.86314
89.87067
89.87531
89.88316
89.8908
89.89563
89.90193
89.90942
89.91813
89.91867
89.92843
89.93134
89.94018
89.93873
89.95189
89.94798
89.95917
89.9583
89.96947
89.97092
89.97993
89.98016
89.9872
89.9919
89.99644
