0.007706703
0.007762032
0.02308559
0.02757026
0.03498494
0.04032579
0.05071808
0.05471298
0.06597619
0.07253137
0.08011747
0.08371435
0.09083781
0.09677459
0.1025002
0.1096931
0.1158332
0.122951
0.1279036
0.1387611
0.1395724
0.1513171
0.148249
0.1605857
0.1633154
0.1758624
0.1784672
0.1889283
0.1923108
0.195558
0.2050814
0.2079177
0.2198495
0.2190135
0.232172
0.2310194
0.2460717
0.2433694
0.2598734
0.256452
0.2713565
0.2717102
0.2810837
0.2829185
0.2944416
0.2951284
0.3087455
0.3051842
0.322018
0.3149028
0.3337031
0.327361
0.3478403
0.3374233
0.3623461
0.3506998
0.3732693
0.3620453
0.3883038
0.374647
0.3989661
0.3869739
0.4089368
0.3998798
0.42097
0.4116483
0.4346297
0.4254921
0.4475026
0.4365248
0.4591417
0.4519808
0.4716291
0.4630641
0.4808747
0.4760407
0.4961679
0.4914446
0.5083951
0.5026504
0.5245505
0.5168086
0.5386897
0.5284414
0.5474214
0.5411789
0.5614434
0.5537577
0.5728911
0.5683095
0.5859575
0.5837404
0.6007532
0.598692
0.6151466
0.611625
0.6302671
0.6265185
0.6426415
0.6411828
0.6576998
0.6533803
0.671364
0.6644903
0.6823429
0.6789191
0.696557
0.6932542
0.7120984
0.7081808
0.7265522
0.7233784
0.7406331
0.7368802
0.7549725
0.7470154
0.7693012
0.7596237
0.7820318
0.7752068
0.7957923
0.789373
0.8098065
0.8030455
0.819956
0.8173559
0.8295435
0.8302908
0.8389038
0.8431634
0.8492596
0.8530736
0.8585721
0.8670419
0.8717697
0.8793501
0.8804653
0.8907371
0.8958586
0.9037825
0.9093582
0.915976
0.9173954
0.9297841
0.9295329
0.9425837
0.9403344
0.956046
0.9524843
0.9669833
0.9669903
0.9786163
0.9811963
0.991841
0.9969269
1.005633
1.008229
1.018972
1.021139
1.029844
1.037834
1.043307
1.05328
1.058283
1.0673
1.072477
1.080604
1.082972
1.094422
1.096359
1.115676
1.11057
1.128005
1.121001
1.140197
1.134486
1.153734
1.148416
1.165567
1.162073
1.180366
1.173699
1.187072
1.185957
1.201607
1.195045
1.210232
1.209678
1.219299
1.220777
1.229499
1.233427
1.239949
1.245698
1.250098
1.255466
1.261497
1.267355
1.268266
1.275963
1.276897
1.282572
1.285533
1.295159
1.294297
1.303909
1.307497
1.314625
1.318563
1.3246
1.327253
1.333643
1.335867
1.342297
1.344692
1.349043
1.357081
1.357741
1.367804
1.366795
1.377451
1.375411
1.386122
1.387223
1.394695
1.394017
1.40334
1.403358
1.411961
1.410108
1.422161
1.418883
1.428961
1.430629
1.442408
1.441362
1.449152
1.45002
1.45576
1.456803
1.464385
1.46544
1.472941
1.472198
1.479678
1.482879
1.486295
1.489493
1.494884
1.496092
1.50349
1.506639
1.512192
1.517633
1.520827
1.526324
1.529423
1.536441
1.538005
1.54847
1.54476
1.557151
1.555159
1.565773
1.561922
1.572544
1.57068
1.583225
1.582082
1.591871
1.59105
1.600829
1.597804
1.612073
1.607425
1.620638
1.614181
1.627268
1.623054
1.635901
1.63202
1.648017
1.642993
1.657104
1.652957
1.665993
1.661539
1.672567
1.671592
1.679344
1.678157
1.69016
1.686867
1.699903
1.695557
1.706836
1.706944
1.713595
1.717955
1.722328
1.724591
1.731028
1.733289
1.743334
1.742755
1.755296
1.749513
1.762056
1.759459
1.768626
1.768127
1.775225
1.774888
1.78695
1.784189
1.79628
1.790977
1.803026
1.799608
1.809597
1.806345
1.816167
1.812931
1.822767
1.821607
1.829167
1.830391
1.835742
1.839003
1.842323
1.845805
1.84889
1.859807
1.855502
1.868658
1.866164
1.875221
1.8749
1.881802
1.883501
1.890579
1.892221
1.901185
1.89879
1.907949
1.905367
1.91912
1.914007
1.928815
1.922665
1.937401
1.931367
1.946019
1.943269
1.952644
1.952881
1.96127
1.959664
1.967854
1.968299
1.976798
1.980032
1.985418
1.989032
1.992173
1.995613
2.00087
2.004227
2.009547
2.012965
2.016284
2.019681
2.025074
2.026407
2.035538
2.035364
2.04445
2.041945
2.053067
2.048345
2.059616
2.054935
2.066248
2.06548
2.079732
2.072066
2.086343
2.082347
2.092935
2.091004
2.101945
2.097586
2.111949
2.106255
2.120617
2.115029
2.131567
2.128333
2.14285
2.136929
2.151662
2.145683
2.163837
2.156203
2.172535
2.165207
2.184051
2.173951
2.192712
2.184763
2.201349
2.191396
2.21324
2.202096
2.221941
2.211725
2.228523
2.21846
2.237194
2.225091
2.246214
2.236659
2.254881
2.243401
2.263468
2.252061
2.272147
2.26079
2.280947
2.270944
2.293399
2.280757
2.302434
2.29056
2.309186
2.297135
2.317852
2.303733
2.326583
2.31536
2.335187
2.326053
2.341745
2.332812
2.350533
2.343266
2.361194
2.354592
2.36777
2.364692
2.376382
2.371425
2.383138
2.378002
2.394003
2.384602
2.402634
2.397008
2.411387
2.405753
2.420077
2.412491
2.428812
2.423557
2.439241
2.430313
2.445972
2.44218
2.45258
2.450878
2.459144
2.459534
2.465536
2.469004
2.471929
2.475558
2.478338
2.482146
2.48701
2.490856
2.493596
2.501291
2.502187
2.51393
2.508773
2.522957
2.519329
2.52969
2.528343
2.536265
2.535076
2.544927
2.541642
2.553957
2.548209
2.56521
2.557197
2.571941
2.565913
2.578356
2.574523
2.588945
2.585793
2.595689
2.594429
2.604274
2.604117
2.612955
2.612772
2.623488
2.621392
2.635051
2.627974
2.643996
2.637807
2.652639
2.649513
2.65926
2.661006
2.667887
2.667767
2.676483
2.676433
2.686537
2.683027
2.69538
2.69545
2.704792
2.707857
2.714128
2.714608
2.723723
2.723595
2.730456
2.735503
2.73685
2.742074
2.743418
2.750789
2.753218
2.757562
2.760004
2.764119
2.768587
2.770708
2.777551
2.781606
2.784143
2.791597
2.792819
2.80023
2.803725
2.808836
2.813073
2.815405
2.822071
2.824072
2.834868
2.833271
2.841464
2.840046
2.853203
2.852125
2.861884
2.858856
2.870932
2.865448
2.879588
2.877123
2.889938
2.886383
2.898602
2.894997
2.909673
2.906401
2.918283
2.917321
2.92695
2.925984
2.937935
2.936517
2.947453
2.945536
2.956082
2.954202
2.964815
2.963566
2.978267
2.970335
2.988715
2.98232
2.998591
2.992653
3.00534
2.999238
3.013935
3.0092
3.022656
3.015786
3.033855
3.024467
3.040614
3.034983
3.05188
3.041725
3.05848
3.050425
3.065065
3.059097
3.073654
3.067734
3.080407
3.074467
3.09085
3.081046
3.099481
3.087653
3.108147
3.096332
3.11472
3.10765
3.121125
3.114392
3.129742
3.123039
3.13648
3.129771
3.145097
3.136333
3.153769
3.145089
3.165378
3.153799
3.174915
3.162426
3.185533
3.16918
3.194533
3.178449
3.201268
3.190958
3.207848
3.202319
3.216541
3.210912
3.227903
3.217464
3.239455
3.224089
3.250765
3.234864
3.257379
3.24853
3.26881
3.257197
3.278677
3.266313
3.285271
3.274986
3.295203
3.288361
3.303876
3.298635
3.315768
3.305196
3.323876
3.313852
3.334648
3.322501
3.347261
3.331126
3.358044
3.340128
3.371039
3.346697
3.382341
3.355395
3.393426
3.363969
3.402659
3.370525
3.414009
3.377088
3.424126
3.383659
3.434394
3.392317
3.440994
3.402529
3.452594
3.414729
3.46506
3.423328
3.47366
3.434462
3.48691
3.44489
3.497655
3.457094
3.506207
3.465661
3.518321
3.476908
3.527073
3.486946
3.538495
3.495516
3.545073
3.504051
3.556258
3.51066
3.565851
3.524565
3.577424
3.534816
3.584005
3.543507
3.594649
3.556898
3.604831
3.565789
3.615625
3.576046
3.624194
3.588826
3.636786
3.598507
3.648433
3.607457
3.657987
3.618784
3.670403
3.630505
3.679161
3.644502
3.693161
3.656977
3.701716
3.66561
3.708288
3.679235
3.716823
3.691174
3.725404
3.69777
3.736185
3.707814
3.74531
3.716842
3.754228
3.72544
3.765097
3.734021
3.773699
3.745173
3.785964
3.755885
3.79263
3.764456
3.806166
3.77811
3.812735
3.790693
3.821356
3.80134
3.83512
3.813226
3.845837
3.825988
3.858717
3.834969
3.868861
3.845143
3.880844
3.85452
3.89225
3.869303
3.900867
3.881653
3.912047
3.893172
3.923062
3.904769
3.935789
3.918512
3.948969
3.925118
3.955584
3.938037
3.964598
3.950354
3.977852
3.964972
3.991119
3.97563
3.999758
3.984241
4.010664
3.995903
4.023291
4.005223
4.034063
4.015739
4.047167
4.027918
4.058221
4.040985
4.069719
4.056093
4.081908
4.069052
4.095381
4.080955
4.106093
4.091842
4.114693
4.105816
4.127509
4.115216
4.140307
4.124404
4.149221
4.137104
4.158196
4.145649
4.170516
4.156048
4.182118
4.16283
4.196149
4.172032
4.208416
4.180959
4.22342
4.191881
4.230127
4.202895
4.241823
4.215166
4.255661
4.226881
4.266817
4.241018
4.278032
4.253913
4.292913
4.267092
4.306101
4.282012
4.318411
4.295608
4.331315
4.309245
4.339619
4.324999
4.351525
4.340713
4.369628
4.352502
4.38448
4.369481
4.398965
4.384712
4.412623
4.397958
4.424046
4.414078
4.437383
4.427177
4.450716
4.442536
4.459457
4.459479
4.473951
4.475348
4.486576
4.488416
4.499584
4.501576
4.513275
4.514949
4.5269
4.523663
4.540977
4.538261
4.555045
4.548433
4.566759
4.560064
4.579636
4.575231
4.595181
4.588234
4.609962
4.602155
4.62435
4.616442
4.64156
4.631775
4.656386
4.644019
4.674361
4.657897
4.690273
4.670478
4.710092
4.682605
4.728853
4.698622
4.742432
4.712761
4.758319
4.727362
4.775307
4.742573
4.789973
4.758826
4.805141
4.77482
4.819572
4.789028
4.838238
4.802806
4.851561
4.818527
4.862415
4.83237
4.884983
4.851007
4.896202
4.87057
4.921018
4.885392
4.936951
4.899359
4.951817
4.916333
4.970544
4.929866
4.989237
4.946958
5.002299
4.960536
5.026419
4.984406
5.051677
5.005868
5.066227
5.019866
5.090899
5.045694
5.107207
5.06369
5.132015
5.085052
5.153964
5.104416
5.170045
5.120089
5.187899
5.136955
5.205474
5.156698
5.222492
5.173729
5.239571
5.191733
5.254972
5.212282
5.291619
5.226717
5.319167
5.246423
5.349351
5.264534
5.381109
5.292607
5.406702
5.319061
5.497434
5.34069
5.531874
5.381824
5.561074
5.414295
5.586873
5.453019
5.611805
5.54175
5.630832
5.570085
5.653671
5.602646
5.666194
5.635198
5.695217
5.661659
5.714766
5.691453
5.736207
5.719658
5.758955
5.745191
5.782206
5.776422
5.81643
5.809792
5.841255
5.842282
5.867602
5.872927
5.88736
5.89946
5.926034
5.924733
5.950673
5.958278
5.975654
6.001008
6.010807
6.018997
6.037264
6.042263
6.065356
6.088549
6.105736
6.12034
6.131466
6.161679
6.165755
6.205276
6.197626
6.25685
6.236291
6.283476
6.270328
6.313411
6.314027
6.357145
6.359804
6.387011
6.400425
6.429706
6.443936
6.465651
6.47629
6.5062
6.505339
6.547378
6.538665
6.59219
6.575423
6.638874
6.612724
6.681053
6.662817
6.724393
6.70186
6.774673
6.748617
6.824836
6.798807
6.922424
6.848946
6.970968
6.89919
7.016134
6.949346
7.066306
6.999707
7.116636
7.049789
7.167041
7.099577
7.217265
7.149635
7.267064
7.200046
7.317319
7.249911
7.367563
7.30024
7.417571
7.350499
7.467195
7.400322
7.517565
7.45064
7.567646
7.50033
7.617851
7.550704
7.66819
7.601166
7.718562
7.651517
7.768502
7.701336
7.818255
7.750968
7.86869
7.800778
7.919186
7.850601
7.969181
7.900399
8.019053
7.950166
8.068881
7.999931
8.119229
8.049584
8.169681
8.099931
8.219981
8.149863
8.269961
8.199724
8.319912
8.249917
8.369913
8.299712
8.420112
8.350057
8.469844
8.399897
8.520197
8.449896
8.569813
8.499781
8.620153
8.549723
8.669752
8.599641
8.719501
8.650094
8.769159
8.700481
8.818954
8.750881
8.868824
8.800878
8.918855
8.850918
8.968816
8.900583
9.018622
8.950315
9.068426
9.000083
9.11813
9.050303
9.167928
9.10024
9.217735
9.20042
9.268136
9.250911
9.31803
9.300543
9.367741
9.350556
9.418089
9.450271
9.467879
9.500096
9.517655
9.551497
9.567692
9.65117
9.617603
9.701002
9.66774
9.751093
9.717847
9.801417
9.767456
9.901675
9.817267
9.951698
9.867548
10.00215
9.917817
10.05234
9.968149
10.10236
10.018
10.15236
10.06773
10.20273
10.11822
10.25254
10.1678
10.30222
10.21751
10.35194
10.26772
10.40179
10.31741
10.45215
10.36766
10.5024
10.41752
10.55268
10.46787
10.60255
10.51754
10.65253
10.56721
10.70286
10.6176
10.75306
10.66787
10.80271
10.71827
10.85238
10.768
10.90224
10.81791
11.00241
10.86783
11.0521
10.91817
11.10215
10.96804
11.15197
11.01777
11.2022
11.06772
11.25181
11.11057
11.30184
11.16039
11.35218
11.21024
11.40231
11.26053
11.45193
11.36056
11.50224
11.41099
11.55204
11.46096
11.60191
11.56106
11.65177
11.61085
11.70227
11.66083
11.75204
11.71105
11.80245
11.81184
11.85232
11.86212
11.90196
11.91183
11.95205
11.95139
12.00191
12.0015
12.04858
12.04528
12.09825
12.09545
12.14856
12.14507
12.19818
12.19541
12.2483
12.24516
12.29863
12.29521
12.34838
12.34503
12.44792
12.39531
12.49805
12.4455
12.54771
12.49587
12.59742
12.54554
12.64739
12.59589
12.69719
12.64597
12.74712
12.69631
12.79709
12.7467
12.84761
12.84741
12.89788
12.89777
12.94796
12.9481
12.99808
12.99804
13.04843
13.04743
13.09822
13.09777
13.14821
13.14777
13.19803
13.19755
13.24764
13.24753
13.29808
13.29743
13.34771
13.34734
13.39755
13.39733
13.4472
13.44693
13.49687
13.49667
13.5473
13.54633
13.59703
13.59634
13.69657
13.64634
13.74694
13.69644
13.79702
13.74666
13.84743
13.79646
13.89734
13.84681
13.947
13.89707
13.99666
13.94726
14.04642
13.99701
14.09612
14.04745
14.14629
14.09784
14.1963
14.14747
14.24634
14.19751
14.2964
14.24725
14.34675
14.29699
14.39709
14.34748
14.44706
14.39712
14.49703
14.44725
14.54675
14.49772
14.597
14.54746
14.64697
14.64744
14.69687
14.6973
14.74666
14.74712
14.797
14.79747
14.84681
14.84786
14.89706
14.89797
14.94714
14.94832
14.99735
14.99839
15.04748
15.04859
15.09774
15.09827
15.14772
15.14856
15.19805
15.19825
15.24785
15.24813
15.29763
15.29816
15.33881
15.3479
15.38916
15.39833
15.43957
15.49846
15.48998
15.54833
15.54043
15.59804
15.59066
15.64769
15.64059
15.69778
15.69078
15.74791
15.74126
15.79798
15.79167
15.89812
15.84198
15.94839
15.89207
15.99872
15.94247
16.04837
15.99287
16.09872
16.04289
16.14836
16.09316
16.20088
16.14336
16.24958
16.19333
16.29951
16.2436
16.3494
16.34351
16.3996
16.39313
16.44936
16.44331
16.49938
16.49306
16.5493
16.54332
16.59938
16.59369
16.64956
16.64404
16.6997
16.69426
16.74983
16.79399
16.79983
16.84395
16.85027
16.89382
16.90076
16.94411
16.95111
16.99424
17.00142
17.04415
17.05108
17.09444
17.10104
17.19409
17.15081
17.24415
17.20119
17.29381
17.24654
17.34381
17.29666
17.39423
17.34635
17.44416
17.39642
17.49378
17.44613
17.54424
17.49647
17.59457
17.5465
17.64504
17.59686
17.69474
17.64673
17.74504
17.74668
17.79477
17.79695
17.84521
17.84672
17.89502
17.8964
17.94213
17.9462
17.99193
17.99627
18.03393
18.04659
18.08382
18.09647
18.13401
18.14634
18.18414
18.19671
18.23396
18.24668
18.28433
18.29715
18.33465
18.3468
18.38427
18.39667
18.43443
18.44695
18.48436
18.49734
18.534
18.54717
18.58433
18.59734
18.63413
18.64775
18.68444
18.69793
18.73467
18.74807
18.78516
18.79854
18.83548
18.84861
18.88578
18.89898
18.93547
18.94917
18.98554
18.99957
19.03566
19.04985
19.08602
19.09954
19.13618
19.1499
19.18648
19.20032
19.23663
19.25046
19.28667
19.30086
19.33667
19.35132
19.387
19.40136
19.43738
19.45173
19.48757
19.50196
19.53777
19.55162
19.58814
19.60131
19.63786
19.65344
19.68819
19.70246
19.73787
19.75257
19.78777
19.80225
19.83752
19.8519
19.88737
19.90222
19.93756
19.95256
19.98758
20.00242
20.03791
20.05284
20.0884
20.10289
20.13846
20.15303
20.18846
20.20279
20.23889
20.25295
20.28897
20.3027
20.33878
20.35235
20.38866
20.39657
20.43912
20.44649
20.48913
20.49631
20.53937
20.54614
20.5895
20.5959
20.63922
20.64617
20.68939
20.69634
20.73957
20.74603
20.79001
20.79613
20.84001
20.84581
20.89046
20.89543
20.94085
20.94576
20.99058
20.99611
21.0409
21.04576
21.09052
21.09595
21.14085
21.1461
21.19075
21.19654
21.24103
21.24689
21.29128
21.2967
21.3417
21.3468
21.39148
21.39703
21.44182
21.44723
21.49197
21.49696
21.54229
21.54742
21.59197
21.59763
21.64161
21.64795
21.69194
21.69825
21.74169
21.74843
21.79216
21.79812
21.84248
21.84816
21.89282
21.89851
21.94301
21.94856
21.99334
21.99901
22.04329
22.04927
22.09368
22.09962
22.14367
22.14928
22.19336
22.19959
22.24323
22.24994
22.29356
22.29974
22.34336
22.34946
22.39363
22.39935
22.4437
22.44964
22.49407
22.50001
22.54396
22.55045
22.59409
22.60081
22.64406
22.65066
22.69394
22.70073
22.74379
22.75079
22.79409
22.77131
22.82554
22.82139
22.87572
22.87121
22.92621
22.92084
22.97598
22.97083
23.02592
23.02084
23.07592
23.07047
23.12648
23.1208
23.1768
23.17058
23.22646
23.22233
23.27626
23.27153
23.32631
23.3216
23.37668
23.37196
23.42698
23.42213
23.4771
23.47219
23.527
23.52197
23.5768
23.57213
23.62728
23.6218
23.6776
23.6718
23.72747
23.72143
23.77752
23.77181
23.82736
23.8203
23.87757
23.86996
23.92777
23.91992
23.97799
23.96965
24.02773
24.02004
24.07819
24.07009
24.12838
24.12017
24.1783
24.17057
24.22816
24.21705
24.27778
24.26683
24.32751
24.31002
24.37778
24.36015
24.42758
24.40991
24.47772
24.45955
24.5281
24.50984
24.57792
24.56004
24.62837
24.60981
24.67866
24.66011
24.7291
24.70983
24.77872
24.75949
24.82912
24.80911
24.87888
24.8594
24.92917
24.9096
24.97958
24.95975
25.02971
25.01007
25.07939
25.06004
25.12955
25.11037
25.17936
25.16008
25.22972
25.20984
25.27937
25.25949
25.32918
25.30944
25.37965
25.35922
25.42938
25.40943
25.47922
25.45922
25.52963
25.5097
25.5797
25.55943
25.63002
25.60968
25.68034
25.65995
25.73035
25.71029
25.78083
25.76059
25.83047
25.81053
25.88063
25.86033
25.93028
25.91039
25.98067
25.96014
26.03067
26.0104
26.08089
26.06082
26.1307
26.1112
26.18069
26.16166
26.23033
26.21199
26.28023
26.26201
26.33008
26.31219
26.38049
26.36195
26.43019
26.4123
26.48053
26.4626
26.53066
26.51293
26.58094
26.56259
26.63096
26.61286
26.6814
26.66257
26.73156
26.71298
26.78152
26.76321
26.83125
26.81368
26.88093
26.86354
26.93084
26.9139
26.98128
26.964
27.03115
27.01377
27.08092
27.06406
27.13137
27.1144
27.18141
27.16457
27.23115
27.21479
27.28135
27.26482
27.33174
27.31518
27.38198
27.36553
27.43201
27.41597
27.48218
27.46609
27.53221
27.51631
27.58232
27.56613
27.63247
27.61653
27.68259
27.66659
27.73294
27.71637
27.78273
27.76622
27.83292
27.81648
27.88317
27.86677
27.93352
27.91652
27.98354
27.96651
28.03357
28.01662
28.08345
28.06631
28.1339
28.11501
28.17363
28.16238
28.22379
28.21262
28.27359
28.26311
28.32391
28.31302
28.37425
28.3631
28.42396
28.40845
28.46204
28.45828
28.5055
28.50803
28.54406
28.54757
28.59389
28.5941
28.64303
28.64435
28.69283
28.69477
28.74265
28.74522
28.7929
28.7951
28.84262
28.84475
28.89252
28.89488
28.94263
28.94515
28.99292
28.9949
29.04305
29.04457
29.09289
29.09469
29.14258
29.1448
29.19282
29.19447
29.24321
29.24496
29.29321
29.29524
29.34315
29.34557
29.39343
29.3952
29.4435
29.44542
29.49371
29.49553
29.54363
29.5455
29.59356
29.59573
29.64347
29.64548
29.69314
29.69579
29.74322
29.73835
29.79289
29.78849
29.83076
29.83415
29.88096
29.88454
29.93113
29.93226
29.98133
29.96818
30.02724
30.01785
30.077
30.05542
30.12527
30.10513
30.17513
30.15481
30.22493
30.20502
30.27537
30.25522
30.32523
30.30553
30.37562
30.35564
30.42552
30.40579
30.47594
30.45568
30.52616
30.50494
30.57652
30.55482
30.62627
30.60448
30.67678
30.65452
30.72688
30.70492
30.7772
30.75479
30.82686
30.80441
30.87708
30.85401
30.92675
30.90374
30.97692
30.95417
31.02665
31.00451
31.07707
31.05466
31.12671
31.10507
31.17708
31.15551
31.22681
31.20585
31.27708
31.25558
31.32753
31.30593
31.37781
31.35618
31.42825
31.4059
31.47835
31.45573
31.52871
31.55529
31.57901
31.60559
31.62863
31.65599
31.67874
31.70637
31.72839
31.75656
31.77854
31.80662
31.8283
31.85371
31.8693
31.90333
31.91243
31.94346
31.96272
31.99365
32.01252
32.04372
32.0628
32.09356
32.11244
32.14377
32.16216
32.19395
32.21179
32.24428
32.26213
32.29458
32.31247
32.34462
32.36266
32.39489
32.41265
32.44495
32.46269
32.49482
32.51297
32.54498
32.56295
32.59535
32.613
32.64555
32.66276
32.69544
32.71273
32.74511
32.76265
32.79543
32.8131
32.8458
32.86291
32.8962
32.91297
32.94617
32.96311
32.99628
33.01344
33.04618
33.06315
33.09611
33.1129
33.14603
33.16331
33.19648
33.21329
33.24648
33.26372
33.29634
33.31374
33.3463
33.36348
33.39669
33.41229
33.44647
33.46257
33.49661
33.51275
33.54674
33.56258
33.5965
33.61274
33.64622
33.66284
33.6977
33.71295
33.74686
33.7632
33.79662
33.81275
33.84672
33.91274
33.89656
33.96243
33.94702
34.01214
33.997
34.06208
34.04674
34.11233
34.09639
34.16226
34.1466
34.21235
34.19696
34.26208
34.24668
34.31234
34.29659
34.36199
34.34686
34.41228
34.39706
34.46267
34.44718
34.51297
34.49709
34.56295
34.5474
34.61287
34.59732
34.66253
34.64741
34.71289
34.69781
34.763
34.74788
34.81326
34.79775
34.86342
34.84797
34.91376
34.89795
34.96372
34.94817
35.01361
34.99844
35.06321
35.04814
35.11354
35.09851
35.21312
35.14893
35.26354
35.19901
35.31398
35.24873
35.36367
35.2986
35.41388
35.3488
35.46405
35.39906
35.51437
35.44938
35.56424
35.4994
35.61412
35.54933
35.66432
35.59916
35.71444
35.64905
35.76421
35.6993
35.81467
35.7492
35.86494
35.79889
35.91474
35.84911
35.96444
35.89937
36.01456
35.94926
36.06446
35.99903
36.11419
36.04896
36.16419
36.09858
36.21393
36.19843
36.26413
36.24818
36.314
36.2985
36.36373
36.34874
36.41337
36.39915
36.46373
36.44916
36.51413
36.49952
36.56387
36.54929
36.61406
36.59916
36.6645
36.64878
36.7145
36.69843
36.7643
36.74816
36.81459
36.79796
36.86456
36.89798
36.91499
36.95051
36.96695
36.99849
37.01552
37.04834
37.06548
37.098
37.11596
37.1479
37.16558
37.19809
37.21537
37.24841
37.26563
37.29867
37.3159
37.34834
37.36609
37.3987
37.41618
37.44834
37.46609
37.49801
37.51622
37.5477
37.56614
37.59795
37.61587
37.64839
37.66631
37.69874
37.71668
37.74874
37.76649
37.79886
37.81647
37.8488
37.86674
37.89843
37.91655
37.94323
37.96666
37.99319
38.01649
38.04295
38.06667
38.09316
38.11681
38.14273
38.16668
38.19239
38.21673
38.24281
38.26649
38.29294
38.31637
38.34327
38.36602
38.39308
38.41582
38.44272
38.4662
38.49286
38.51633
38.54259
38.56622
38.59285
38.66639
38.64252
38.71631
38.69252
38.76662
38.7428
38.81632
38.79272
38.91653
38.84317
38.96659
38.89284
39.0166
38.9432
39.06679
38.99285
39.11696
39.04286
39.16694
39.09271
39.21714
39.12537
39.25033
39.1752
39.29972
39.2252
39.35015
39.27506
39.40054
39.3253
39.45018
39.36419
39.50031
39.40243
39.53648
39.44774
39.57039
39.50416
39.61344
39.52778
39.64046
39.56616
39.68843
39.60178
39.71452
39.63429
39.75772
39.67464
39.80392
39.69871
39.85161
39.74458
39.88588
39.83098
39.93573
39.88144
39.97979
39.93171
40.02987
39.98205
40.0801
40.03246
40.13039
40.08283
40.18078
40.13289
40.23098
40.18306
40.28144
40.23343
40.3318
40.28374
40.38184
40.33378
40.43191
40.38415
40.48225
40.43423
40.53244
40.4845
40.5829
40.53497
40.63304
40.58469
40.6828
40.63458
40.73298
40.68518
40.78259
40.73508
40.83253
40.83465
40.88292
40.88464
40.93273
40.93442
40.98237
40.98424
41.03272
41.03435
41.08309
41.0848
41.13345
41.13474
41.18341
41.17898
41.23304
41.22876
41.28268
41.27909
41.33308
41.32924
41.3835
41.37891
41.43361
41.42861
41.48398
41.47873
41.53371
41.529
41.58408
41.57866
41.63441
41.62901
41.68408
41.67917
41.73429
41.72882
41.78427
41.77889
41.83442
41.82874
41.88409
41.87843
41.93451
41.92856
41.9845
41.97838
42.03468
42.02868
42.08434
42.07887
42.13446
42.12861
42.18427
42.17849
42.23395
42.22869
42.28407
42.27867
42.33419
42.32907
42.38395
42.37941
42.43443
42.42968
42.4843
42.47932
42.53469
42.52968
42.5845
42.57979
42.63467
42.62973
42.68473
42.67966
42.73435
42.72985
42.78482
42.77966
42.83523
42.82945
42.88529
42.87925
42.93526
42.92953
42.98513
42.97985
43.03482
43.03033
43.08495
43.08038
43.13472
43.13012
43.18464
43.17997
43.23471
43.22792
43.28453
43.27817
43.33437
43.32805
43.38467
43.37801
43.43512
43.42813
43.4854
43.47799
43.53568
43.52833
43.586
43.57869
43.63643
43.62886
43.68672
43.67873
43.73714
43.72879
43.78739
43.77871
43.83774
43.82857
43.88798
43.87853
43.93831
43.92846
43.9881
43.97824
44.03852
44.0289
44.08807
44.0787
44.13846
44.12844
44.1881
44.17819
44.23817
44.22797
44.28844
44.27804
44.33838
44.32769
44.38807
44.3779
44.43804
44.4277
44.48837
44.47795
44.53843
44.52761
44.58853
44.57745
44.63837
44.62784
44.68866
44.67815
44.73904
44.72848
44.78871
44.77836
44.83839
44.82835
44.88816
44.8787
44.93835
44.92843
44.98831
44.97822
45.03872
45.0279
45.08908
45.07804
45.13883
45.12814
45.18919
45.1785
45.23916
45.22847
45.28899
45.27827
45.33908
45.37813
45.38892
45.42813
45.43869
45.47828
45.48878
45.52817
45.53889
45.57802
45.58918
45.62769
45.63903
45.67753
45.68898
45.72766
45.73891
45.7781
45.78934
45.82853
45.83968
45.87859
45.88942
45.92893
45.93904
45.97936
45.98918
46.02975
46.03882
46.08023
46.08862
46.12987
46.13841
46.1798
46.18828
46.22941
46.23803
46.27928
46.28807
46.32928
46.3378
46.37946
46.38829
46.42988
46.43793
46.48033
46.53776
46.53066
46.58809
46.58094
46.63823
46.6306
46.68815
46.68097
46.73821
46.73087
46.78814
46.78109
46.83848
46.83134
46.88826
46.88105
46.93851
46.93085
46.98896
46.98064
47.03899
47.03081
47.08886
47.08044
47.13856
47.13072
47.1888
47.1809
47.23841
47.23066
47.28902
47.28083
47.33936
47.33088
47.38947
47.3808
47.43952
47.43058
47.4896
47.48067
47.53922
47.53123
47.5896
47.58133
47.63978
47.63157
47.6896
47.68177
47.73952
47.73184
47.7896
47.78171
47.83974
47.83212
47.88939
47.88253
47.93924
47.93219
47.98891
47.98259
48.03851
48.03244
48.08857
48.08224
48.13874
48.13186
48.1884
48.18199
48.23877
48.23213
48.28854
48.28225
48.33846
48.33195
48.38845
48.38166
48.43887
48.43129
48.48847
48.48138
48.5381
48.53135
48.58784
48.58174
48.63816
48.63214
48.68846
48.68183
48.7382
48.73182
48.78864
48.78152
48.83891
48.83136
48.88923
48.88112
48.9395
48.93116
48.98986
48.98144
49.0395
49.03177
49.08916
49.0821
49.13914
49.18275
49.18889
49.23256
49.23872
49.28287
49.28886
49.33329
49.3387
49.3834
49.38845
49.43384
49.43832
49.48417
49.48822
49.53446
49.53825
49.58422
49.58802
49.63456
49.63797
49.68423
49.68776
49.7347
49.73811
49.78463
49.78784
49.83454
49.83762
49.88447
49.88791
49.93476
49.93754
49.9846
49.98741
50.03437
50.03748
50.08448
50.08764
50.13435
50.13741
50.18448
50.18751
50.23487
50.23721
50.2851
50.28687
50.33526
50.33703
50.38536
50.3875
50.43551
50.43776
50.48589
50.48833
50.53626
50.53813
50.58788
50.58814
50.63708
50.6375
50.68746
50.68755
50.73684
50.73769
50.78706
50.78789
50.83755
50.83815
50.88781
50.88833
50.93793
50.93828
50.98801
50.98836
51.03786
51.03816
51.08765
51.08847
51.13735
51.13809
51.1872
51.188
51.23706
51.23798
51.28751
51.28834
51.33778
51.33802
51.38823
51.38773
51.43791
51.43813
51.48767
51.48811
51.53777
51.53781
51.58818
51.58822
51.63861
51.63811
51.68896
51.68842
51.7394
51.73814
51.78917
51.78778
51.8392
51.8374
51.88936
51.88704
51.93976
51.93691
51.9898
51.98691
52.04027
52.03726
52.08987
52.08766
52.13986
52.13758
52.18957
52.18723
52.23949
52.23712
52.28976
52.28701
52.34006
52.33698
52.38991
52.38681
52.4404
52.43658
52.49071
52.48653
52.54052
52.53687
52.59085
52.5872
52.64069
52.63755
52.69048
52.68793
52.74036
52.73827
52.79032
52.78813
52.84064
52.8384
52.89058
52.88843
52.94029
52.93829
52.99007
52.98858
53.04051
53.03858
53.0905
53.0885
53.14063
53.13856
53.19063
53.18849
53.24034
53.23889
53.29008
53.28891
53.33991
53.33849
53.39031
53.38883
53.44051
53.4385
53.49075
53.48818
53.54108
53.53862
53.59137
53.58863
53.64121
53.63825
53.69154
53.68818
53.74314
53.74009
53.79181
53.78907
53.84157
53.83949
53.89132
53.88918
53.94144
53.93902
53.9915
53.98947
54.04136
54.03964
54.09116
54.08938
54.14081
54.1398
54.19101
54.19023
54.24086
54.24067
54.2905
54.29036
54.34061
54.34002
54.39067
54.38964
54.44032
54.43944
54.49041
54.4893
54.54075
54.53965
54.59108
54.58949
54.64126
54.63923
54.69162
54.68927
54.74122
54.7397
54.79087
54.78992
54.84122
54.84032
54.891
54.8905
54.94068
54.94095
54.9906
54.99115
55.04086
55.04094
55.09084
55.09067
55.14132
55.14094
55.17844
55.19054
55.22851
55.23934
55.27797
55.28916
55.3279
55.33898
55.37774
55.38876
55.42818
55.43891
55.47861
55.48875
55.52901
55.53913
55.5791
55.58955
55.6293
55.63921
55.67947
55.68962
55.72979
55.73925
55.78024
55.78952
55.83017
55.83983
55.87991
55.8896
55.93007
55.94001
55.9804
55.99034
56.03022
56.03999
56.0801
56.08959
56.13052
56.13987
56.18072
56.19036
56.23105
56.2407
56.28143
56.29066
56.33178
56.34094
56.38218
56.39143
56.43205
56.44117
56.48176
56.49113
56.53157
56.54097
56.58177
56.59065
56.63192
56.64096
56.68199
56.69062
56.73179
56.74089
56.78155
56.7913
56.83165
56.84157
56.8813
56.89204
56.91281
56.93996
56.96248
56.98726
57.01168
57.03762
57.06352
57.0873
57.11222
57.138
57.16271
57.1879
57.21244
57.23866
57.26283
57.28806
57.31284
57.33817
57.3629
57.38852
57.41324
57.43889
57.46368
57.48919
57.5139
57.53932
57.56398
57.58977
57.61404
57.64024
57.66367
57.69017
57.71351
57.74009
57.76207
57.7903
57.81189
57.8407
57.86214
57.88754
57.91213
57.93755
57.96262
57.98754
58.01294
58.03761
58.06255
58.08794
58.11235
58.13788
58.16274
58.18797
58.21269
58.23803
58.26281
58.28844
58.31253
58.3386
58.36229
58.38907
58.41272
58.43884
58.4626
58.48933
58.51278
58.53908
58.56271
58.58957
58.61279
58.63988
58.66315
58.68984
58.71362
58.7397
58.76394
58.78937
58.81439
58.8392
58.86467
58.88886
58.91448
58.93862
58.96461
58.98914
59.01473
59.03883
59.06452
59.08913
59.11424
59.13906
59.16427
59.18872
59.21392
59.23846
59.26373
59.28883
59.31358
59.33895
59.36373
59.38936
59.41373
59.43969
59.46384
59.48994
59.51374
59.54018
59.56337
59.59053
59.66374
59.64034
59.71405
59.69059
59.76414
59.74092
59.81438
59.79095
59.86465
59.84113
59.91505
59.89141
59.96471
59.94175
60.0152
59.99217
60.06482
60.04258
60.11493
60.09301
60.1647
60.14333
60.21458
60.19358
60.26431
60.2432
60.31459
60.29298
60.3652
60.343
60.41544
60.39327
60.46583
60.44461
60.51556
60.49373
60.56516
60.54407
60.61566
60.59418
60.66536
60.64334
60.71581
60.69367
60.76622
60.7436
60.81595
60.79344
60.86631
60.84326
60.91677
60.89319
60.9669
60.94284
61.01731
60.99299
61.06778
61.04282
61.11805
61.09285
61.16769
61.1429
61.21744
61.19338
61.26717
61.24333
61.31742
61.29343
61.36748
61.34357
61.41718
61.39319
61.46684
61.44296
61.51704
61.49299
61.5671
61.54269
61.61729
61.59234
61.66721
61.64224
61.71773
61.7419
61.76802
61.79159
61.81854
61.8413
61.86814
61.89098
61.91793
61.94124
61.96807
61.99115
62.0179
62.04155
62.06793
62.09188
62.11769
62.14168
62.1676
62.19211
62.218
62.24221
62.26788
62.29182
62.31789
62.34221
62.36774
62.44178
62.41796
62.49155
62.46766
62.54137
62.51734
62.59121
62.56765
62.6417
62.61795
62.69167
62.66839
62.74216
62.71869
62.79221
62.76847
62.84247
62.81839
62.89267
62.86806
62.94312
62.91832
62.99287
62.96811
63.04249
63.01786
63.09295
63.06821
63.14306
63.11801
63.19341
63.16828
63.24342
63.21875
63.29323
63.26842
63.34334
63.31821
63.39303
63.36867
63.44279
63.41914
63.49247
63.46901
63.5424
63.51888
63.59229
63.56919
63.64253
63.62234
63.69228
63.67153
63.74202
63.72174
63.79241
63.77217
63.84205
63.82225
63.89161
63.87256
63.94121
63.92231
63.99105
63.97205
64.04147
64.02243
64.09184
64.07214
64.14233
64.12192
64.19206
64.17212
64.24224
64.22179
64.29256
64.27156
64.34227
64.32153
64.39272
64.3718
64.44281
64.42159
64.4931
64.47139
64.54347
64.52109
64.59312
64.57092
64.64292
64.61276
64.68732
64.65809
64.71666
64.70224
64.76504
64.73989
64.81486
64.78976
64.85439
64.83245
64.90464
64.88239
64.95444
64.9325
65.00458
64.98219
65.05491
65.03181
65.10458
65.08223
65.15429
65.13255
65.20405
65.18291
65.2545
65.23298
65.3045
65.28291
65.35491
65.33268
65.40535
65.38285
65.45523
65.43251
65.50545
65.48294
65.55561
65.53271
65.59755
65.56335
65.63188
65.61343
65.67312
65.65881
65.72095
65.69921
65.76285
65.7493
65.81284
65.79954
65.8625
65.8496
65.91245
65.89996
65.96262
65.94964
66.01262
65.9997
66.0629
66.05009
66.11261
66.1004
66.16235
66.15007
66.2123
66.19969
66.26234
66.24976
66.31243
66.29993
66.36275
66.34979
66.41251
66.3996
66.46268
66.44988
66.51311
66.5
66.56288
66.5497
66.61288
66.59994
66.6625
66.65009
66.71236
66.70013
66.76241
66.74975
66.81255
66.79987
66.86269
66.84552
66.9129
66.89539
66.96304
66.94553
67.01273
66.99554
67.06248
67.04287
67.11219
67.09293
67.16237
67.14314
67.21253
67.19348
67.26227
67.24372
67.31249
67.29407
67.36253
67.3446
67.41279
67.39465
67.46243
67.44482
67.51247
67.4949
67.56255
67.5451
67.61205
67.5948
67.66182
67.64514
67.7122
67.69501
67.76227
67.74535
67.81213
67.79559
67.86195
67.84593
67.91235
67.89632
67.9622
67.94671
68.01186
67.99699
68.06158
68.04744
68.1113
68.09779
68.16165
68.14799
68.21201
68.19845
68.26231
68.24883
68.31197
68.29896
68.36237
68.3491
68.41246
68.44932
68.46264
68.49909
68.51286
68.54882
68.56264
68.59863
68.61227
68.64882
68.66233
68.69909
68.71204
68.74906
68.76241
68.79912
68.81217
68.84875
68.86224
68.8989
68.91269
68.94911
68.96259
68.99883
69.01304
69.04862
69.06329
69.09872
69.11324
69.1489
69.16338
69.19897
69.21325
69.24857
69.2636
69.29857
69.30765
69.34875
69.35764
69.39857
69.40775
69.4483
69.45751
69.49828
69.50786
69.54716
69.58068
69.59021
69.61357
69.64027
69.66375
69.69056
69.71411
69.7404
69.7643
69.79074
69.81418
69.8404
69.86388
69.89015
69.91378
69.94057
69.96349
69.99093
70.01394
70.04127
70.06435
70.09164
70.11462
70.14134
70.16444
70.1913
70.21483
70.24099
70.2646
70.29066
70.31437
70.34088
70.36456
70.39088
70.41498
70.44122
70.46487
70.49093
70.5151
70.54121
70.56541
70.59123
70.61529
70.64119
70.66474
70.69109
70.71435
70.74081
70.76461
70.79088
70.81436
70.84116
70.8643
70.8916
70.91424
70.9422
70.96462
70.99198
71.06537
71.04225
71.1152
71.09246
71.16444
71.14172
71.21475
71.19138
71.26519
71.24139
71.30734
71.29155
71.35779
71.34144
71.40765
71.39147
71.45731
71.44128
71.50702
71.49121
71.55722
71.54085
71.6074
71.59071
71.65759
71.64087
71.70741
71.68253
71.74174
71.73277
71.79168
71.7827
71.82874
71.8329
71.87872
71.88037
71.91917
71.92497
71.96958
71.96852
72.00571
72.01823
72.05544
72.06783
72.09658
72.11754
72.14678
72.16752
72.19705
72.21792
72.24713
72.26757
72.29727
72.31793
72.34734
72.36772
72.39745
72.41796
72.44784
72.46765
72.49818
72.5178
72.54807
72.56805
72.59772
72.61855
72.6475
72.66891
72.69724
72.71856
72.74745
72.76896
72.79793
72.81935
72.84779
72.86901
72.89752
72.91882
72.94727
72.9685
72.99699
73.01879
73.04687
73.06843
73.09646
73.11819
73.14613
73.16849
73.19627
73.21899
73.24651
73.26868
73.29696
73.31855
73.34686
73.36824
73.3973
73.41867
73.44731
73.46841
73.49735
73.51884
73.54743
73.56931
73.59705
73.61971
73.64745
73.66991
73.69711
73.72029
73.74749
73.77048
73.79722
73.82016
73.84719
73.86984
73.89706
73.91955
73.9475
73.96923
73.99749
74.01955
74.04712
74.06944
74.09737
74.11983
74.14742
74.16999
74.19735
74.21979
74.24702
74.26967
74.29671
74.31988
74.34675
74.37014
74.39689
74.41978
74.44691
74.47021
74.49662
74.52071
74.54702
74.5721
74.59841
74.62076
74.6469
74.67127
74.69678
74.72143
74.74664
74.7712
74.79663
74.82153
74.84627
74.87149
74.89635
74.92129
74.94621
74.97146
74.99587
75.02166
75.0456
75.07185
75.09574
75.12154
75.14587
75.17119
75.19556
75.221
75.24535
75.27065
75.29542
75.32047
75.34567
75.37032
75.39587
75.42008
75.44613
75.47015
75.49622
75.51994
75.54623
75.56982
75.59615
75.61987
75.64594
75.67007
75.69559
75.7198
75.74548
75.76946
75.79543
75.81966
75.84547
75.87014
75.8952
75.9202
75.94485
75.9705
75.99474
76.02079
76.04494
76.0704
76.09467
76.12032
76.145
76.17012
76.19488
76.22006
76.24532
76.26979
76.29507
76.32011
76.34528
76.37059
76.39488
76.4207
76.44524
76.47044
76.49541
76.52006
76.54581
76.57037
76.5956
76.62031
76.64553
76.67017
76.69514
76.72042
76.74503
76.7701
76.79479
76.81975
76.84521
76.87009
76.89534
76.92026
76.94521
76.97039
76.99531
77.0209
77.0452
77.07098
77.09496
77.12141
77.14479
77.17122
77.19473
77.22095
77.24519
77.27129
77.29492
77.32144
77.34538
77.37128
77.395
77.42124
77.4449
77.47105
77.49482
77.52122
77.54469
77.57108
77.59435
77.62115
77.64436
77.6715
77.69426
77.72407
77.74452
77.77178
77.79506
77.82224
77.84423
77.8717
77.89462
77.9217
77.94441
77.97182
77.99411
78.02221
78.04422
78.07182
78.09461
78.12169
78.14434
78.17167
78.19402
78.22147
78.24377
78.27174
78.29366
78.30276
78.34389
78.3525
78.3942
78.39968
78.44407
78.44993
78.49423
78.49995
78.54396
78.55007
78.59367
78.60034
78.64335
78.65053
78.69331
78.70036
78.74366
78.75049
78.79349
78.80016
78.84274
78.84349
78.89271
78.8936
78.94237
78.94374
78.99206
78.99374
79.04206
79.04352
79.09209
79.09332
79.14193
79.14306
79.19217
79.19308
79.24242
79.24313
79.2926
79.29321
79.34301
79.34321
79.39296
79.39362
79.44276
79.444
79.49239
79.54415
79.54221
79.59431
79.5919
79.64434
79.64162
79.69407
79.69135
79.74384
79.74101
79.79406
79.79128
79.84374
79.83366
79.89345
79.88328
79.94357
79.93375
79.99325
79.98348
80.0435
80.0334
80.09325
80.08362
80.14324
80.13361
80.19367
80.18366
80.24406
80.23342
80.29372
80.28325
80.34369
80.333
80.39365
80.38339
80.44406
80.43373
80.49399
80.48351
80.54377
80.53391
80.5939
80.5836
80.64369
80.63367
80.6935
80.6835
80.74342
80.73338
80.7935
80.78317
80.84536
80.83334
80.89433
80.88353
80.94437
80.93367
80.99397
80.9837
81.04402
81.03381
81.09399
81.08385
81.14436
81.1343
81.19437
81.18398
81.24422
81.2337
81.2943
81.28377
81.34415
81.3338
81.39449
81.3835
81.4443
81.43317
81.49405
81.48296
81.5274
81.51147
81.57784
81.56162
81.6279
81.61185
81.67796
81.66223
81.72817
81.71263
81.77789
81.76308
81.82781
81.86285
81.87784
81.91289
81.92767
81.96319
81.97734
82.01289
82.02769
82.06279
82.07764
82.11271
82.12743
82.16241
82.17716
82.21219
82.22681
82.26209
82.27719
82.31194
82.32755
82.36224
82.37724
82.41196
82.42686
82.46162
82.47668
82.51196
82.52706
82.56216
82.57716
82.61256
82.62724
82.66244
82.67728
82.7125
82.72766
82.76283
82.77806
82.81301
82.82766
82.8632
82.87776
82.91349
82.92787
82.96362
82.97763
83.014
83.0275
83.06393
83.07788
83.11367
83.12814
83.16409
83.17829
83.214
83.22861
83.26389
83.27841
83.31433
83.32813
83.36427
83.37792
83.41394
83.42754
83.46412
83.47771
83.51382
83.52805
83.56343
83.57765
83.61356
83.62752
83.66332
83.67734
83.71378
83.72714
83.76422
83.82701
83.81398
83.87691
83.86419
83.92691
83.91441
83.97655
83.96429
84.02673
84.01385
84.0806
84.06366
84.12687
84.11406
84.1768
84.16452
84.22661
84.21451
84.27653
84.26265
84.32623
84.31271
84.37621
84.36208
84.42606
84.41258
84.47611
84.46291
84.52613
84.51334
84.57612
84.5636
84.62632
84.61359
84.67604
84.66397
84.72619
84.71361
84.77664
84.76341
84.82663
84.81313
84.87633
84.86279
84.92623
84.91264
84.97652
84.96252
85.02669
85.01292
85.07686
85.06264
85.12718
85.1127
85.17683
85.16319
85.22709
85.21293
85.27731
85.26254
85.32774
85.31297
85.37791
85.36263
85.42782
85.41256
85.47755
85.46293
85.52768
85.51338
85.57763
85.56322
85.62314
85.61295
85.66621
85.66283
85.71621
85.71266
85.7665
85.76248
85.8167
85.84769
85.86687
85.88737
85.91674
85.91651
85.95078
85.94656
86.00051
85.99849
86.03648
86.02088
86.06757
86.05781
86.10554
86.09385
86.13617
86.13079
86.15844
86.16292
86.17649
86.17439
86.19442
86.1881
86.20983
86.20289
86.2296
86.21616
86.25188
86.22923
86.26337
86.24497
86.28043
86.25885
86.29463
86.2747
86.31104
86.28799
86.32468
86.30116
86.33877
86.31431
86.35308
86.32896
86.36451
86.34055
86.37768
86.36483
86.38944
86.38023
86.4101
86.38688
86.42235
86.39557
86.43591
86.42465
86.44388
86.44104
86.45817
86.45319
86.46788
86.46043
86.48175
86.46905
86.49453
86.4817
86.50133
86.49036
86.51597
86.49982
86.52689
86.50991
86.53364
86.51858
86.54643
86.53357
86.55797
86.55498
86.57249
86.5657
86.5833
86.57515
86.5985
86.58958
86.6141
86.59634
86.62704
86.60503
86.63981
86.61804
86.65057
86.62872
86.66225
86.64076
86.66901
86.65047
86.67886
86.66267
86.69244
86.67134
86.70316
86.68005
86.71516
86.69205
86.7269
86.70336
86.74582
86.72689
86.75855
86.73971
86.7689
86.74847
86.77821
86.76041
86.79183
86.77191
86.80161
86.78066
86.80853
86.78951
86.81527
86.79875
86.82207
86.8123
86.83476
86.82507
86.84795
86.83743
86.86516
86.84636
86.87768
86.86144
86.89183
86.87033
86.90223
86.88523
86.91476
86.89494
86.92374
86.90923
86.93569
86.91637
86.9496
86.93118
86.96145
86.9429
86.97547
86.9565
86.98669
86.96844
86.99812
86.98274
87.01023
86.9978
87.02341
87.01129
87.03529
87.02389
87.04749
87.03584
87.06142
87.04563
87.07348
87.05701
87.08836
87.06837
87.10355
87.07767
87.11372
87.09063
87.12473
87.10353
87.13992
87.1146
87.15048
87.12896
87.16387
87.14056
87.17475
87.1512
87.18769
87.16313
87.20345
87.17344
87.21696
87.18585
87.22932
87.1991
87.24382
87.21263
87.25126
87.22341
87.26218
87.23536
87.26962
87.24904
87.2828
87.25937
87.29224
87.2709
87.30612
87.28303
87.31541
87.29429
87.33004
87.30755
87.34338
87.32161
87.35085
87.33477
87.36427
87.34986
87.37649
87.35733
87.38821
87.36716
87.39846
87.38177
87.41222
87.395
87.42669
87.40387
87.43955
87.41782
87.45334
87.42688
87.46702
87.43803
87.47912
87.454
87.49178
87.46595
87.50378
87.48081
87.5164
87.49416
87.52704
87.50504
87.53764
87.51763
87.54868
87.52968
87.55875
87.54031
87.57274
87.55421
87.58012
87.56468
87.59385
87.57561
87.60735
87.58842
87.61913
87.6009
87.6324
87.61341
87.6411
87.62681
87.64848
87.63939
87.65775
87.64865
87.66698
87.66195
87.68655
87.67203
87.6958
87.68279
87.70506
87.69601
87.7168
87.70634
87.72711
87.71959
87.73842
87.72686
87.75105
87.73611
87.76028
87.74902
87.76948
87.76195
87.77678
87.77426
87.78854
87.78596
87.80497
87.79621
87.81215
87.8065
87.81926
87.81813
87.82951
87.82739
87.83872
87.84245
87.84959
87.85569
87.86317
87.87336
87.8749
87.88756
87.89523
87.9024
87.9112
87.9098
87.9273
87.92414
87.94024
87.93156
87.95345
87.94591
87.96517
87.95625
87.9769
87.97009
87.98693
87.97932
87.99615
87.9896
88.00538
87.99683
88.01712
88.00709
88.0274
88.0163
88.03464
88.02594
88.04492
88.03762
88.05417
88.04682
88.06137
88.05608
88.07163
88.06529
88.08081
88.07455
88.0881
88.08548
88.0953
88.09472
88.10251
88.10209
88.11174
88.10928
88.12347
88.11649
88.13271
88.12574
88.13992
88.13496
88.14911
88.14527
88.15636
88.15702
88.1681
88.16974
88.1798
88.18246
88.19021
88.19169
88.20781
88.20673
88.21794
88.21844
88.23173
88.22588
88.24509
88.23855
88.25307
88.25195
88.26894
88.26362
88.27628
88.2728
88.28554
88.27998
88.29818
88.2892
88.30745
88.29839
88.32011
88.30555
88.32934
88.31259
88.3401
88.31976
88.34927
88.32681
88.35846
88.33598
88.36579
88.34333
88.37498
88.35502
88.38416
88.36732
88.39442
88.37459
88.40775
88.39044
88.42113
88.40394
88.43143
88.42157
88.44318
88.44348
88.45587
88.45605
88.48167
88.46778
88.48909
88.4818
88.50174
88.49574
88.5134
88.51424
88.52209
88.52598
88.53838
88.53528
88.55757
88.55819
88.57634
88.574
88.58913
88.58928
88.60327
88.60945
88.62398
88.61808
88.63607
88.63165
88.64932
88.64417
88.6613
88.65611
88.67413
88.6699
88.68356
88.67724
88.69366
88.6875
88.70103
88.69775
88.71038
88.70802
88.71983
88.71724
88.72926
88.7275
88.7412
88.73923
88.752
88.75355
88.77726
88.76968
88.79993
88.79634
88.83624
88.8215
88.86983
88.84952
88.88267
88.87827
88.91273
88.89739
88.93239
88.9155
88.95792
88.93825
88.97063
88.9582
88.99618
88.97434
89.00623
88.99033
89.02373
89.00954
89.05139
89.02411
89.06833
89.03854
89.07771
89.05247
89.09312
89.06425
89.1005
89.07863
89.11078
89.08987
89.12106
89.10016
89.13026
89.11359
89.13943
89.1274
89.14685
89.1348
89.16075
89.14819
89.16992
89.16273
89.17728
89.16993
89.18885
89.18014
89.1992
89.19027
89.21239
89.19743
89.21971
89.20458
89.22995
89.2116
89.24232
89.22494
89.25163
89.23919
89.26132
89.24649
89.27502
89.26031
89.28677
89.27063
89.29952
89.28054
89.31201
89.29454
89.3213
89.30782
89.33052
89.31814
89.33978
89.32747
89.34904
89.33775
89.36115
89.34518
89.36852
89.35672
89.37559
89.36598
89.38486
89.37523
89.39409
89.38491
89.40332
89.39466
89.41072
89.40504
89.42104
89.41527
89.43005
89.42456
89.43977
89.43491
89.45003
89.4423
89.45728
89.44951
89.46449
89.45673
89.4737
89.46364
89.48396
89.47798
89.49136
89.4872
89.49857
89.49645
89.50822
89.50389
89.5175
89.51565
89.53085
89.52599
89.5401
89.53519
89.55038
89.54241
89.55965
89.54969
89.57141
89.56316
89.58403
89.57239
89.59332
89.5858
89.60609
89.59512
89.62095
89.60769
89.63007
89.617
89.63747
89.63219
89.65014
89.64386
89.66042
89.65788
89.67118
89.66533
89.68391
89.68029
89.69925
89.69279
89.71107
89.70602
89.7235
89.71861
89.73098
89.73259
89.74878
89.74595
89.76051
89.7561
89.77369
89.7647
89.78291
89.77644
89.79812
89.78843
89.80943
89.80318
89.82125
89.81384
89.83529
89.82819
89.84584
89.83956
89.86024
89.85069
89.86944
89.86312
89.88451
89.87679
89.89185
89.89001
89.90342
89.89865
89.91064
89.90897
89.92097
89.92315
89.93365
89.93271
89.94427
89.93992
89.95496
89.94715
89.96562
89.95639
89.97591
89.97037
89.98518
89.98396
89.99437
89.99324
