0.007638614
0.007692378
0.01894665
0.02386265
0.03607124
0.03431684
0.04923766
0.0509538
0.06402478
0.06295361
0.0769037
0.07683019
0.08999474
0.08947159
0.1032926
0.1025901
0.1171339
0.1141959
0.1290958
0.1265228
0.1357525
0.1375247
0.1485875
0.147387
0.1598017
0.1602097
0.1710369
0.1735403
0.1820117
0.1869343
0.1942842
0.1990024
0.2049362
0.2114812
0.2180044
0.2264932
0.2305335
0.2383243
0.2452891
0.2510532
0.2716659
0.264378
0.2842173
0.2770173
0.2951944
0.2894918
0.3090649
0.3025373
0.3235351
0.3149599
0.3344828
0.3283098
0.3462889
0.3440176
0.360397
0.3541133
0.3725944
0.3652171
0.3831298
0.3801461
0.3959938
0.3923876
0.4085248
0.4011183
0.4238887
0.4154578
0.4305367
0.4290034
0.4422158
0.4439884
0.4546904
0.4549444
0.4684547
0.4684565
0.4812234
0.4798499
0.4944064
0.4968829
0.5033565
0.5113202
0.5159639
0.5200782
0.5304826
0.535011
0.5437383
0.5494398
0.5551568
0.5606107
0.5638484
0.5745372
0.5757627
0.5894118
0.5897356
0.6020098
0.6034285
0.6167238
0.6166241
0.6305418
0.6284824
0.6372214
0.6398944
0.6530207
0.6529379
0.6644524
0.6663604
0.6767768
0.6803522
0.6921365
0.6948118
0.7066112
0.7078804
0.7193109
0.7209843
0.7330025
0.734213
0.7472812
0.7490458
0.7615827
0.7652167
0.7732474
0.7778018
0.7854095
0.7913492
0.7991196
0.8057594
0.8155838
0.821311
0.8243503
0.8358172
0.8368102
0.8495267
0.8507202
0.8561581
0.8678533
0.8684912
0.8818634
0.8783242
0.8956712
0.8923156
0.9096543
0.9098006
0.9228522
0.9221359
0.9376057
0.9374146
0.948814
0.9491498
0.9621217
0.9720097
0.968999
0.9831259
0.9847901
0.9924216
0.9947108
1.005663
1.008007
1.018854
1.023608
1.03251
1.037678
1.044862
1.053251
1.058333
1.068328
1.066532
1.079607
1.075605
1.093611
1.103555
1.110245
1.117148
1.130468
1.12702
1.143272
1.140805
1.15627
1.155486
1.173306
1.168286
1.185054
1.181953
1.197593
1.194465
1.209131
1.206619
1.22012
1.218804
1.226935
1.228351
1.235607
1.237276
1.247467
1.24624
1.256411
1.257399
1.269067
1.266017
1.277743
1.27465
1.288076
1.283636
1.294809
1.293708
1.301441
1.305406
1.313995
1.312179
1.320809
1.324272
1.334063
1.333282
1.343563
1.34234
1.353398
1.352311
1.360141
1.362546
1.366725
1.371348
1.375341
1.381279
1.383941
1.389943
1.39332
1.398706
1.407382
1.40738
1.41667
1.413949
1.425327
1.422597
1.432096
1.432978
1.443862
1.442917
1.450648
1.453869
1.461964
1.46061
1.470606
1.467214
1.481439
1.473808
1.490091
1.482439
1.498703
1.491147
1.507738
1.50147
1.519805
1.51008
1.52844
1.522547
1.537069
1.53119
1.547633
1.539813
1.554777
1.548479
1.564639
1.558771
1.577191
1.570479
1.585822
1.581128
1.592463
1.587878
1.604604
1.59653
1.611198
1.60517
1.619832
1.615511
1.628435
1.622263
1.635004
1.630877
1.643587
1.637465
1.650137
1.646136
1.65678
1.654743
1.665403
1.661331
1.676193
1.670006
1.684798
1.681062
1.693465
1.68981
1.702171
1.699876
1.710919
1.708913
1.721043
1.718077
1.727633
1.72466
1.737627
1.731277
1.746245
1.740964
1.75302
1.751456
1.759601
1.763233
1.768224
1.774849
1.776846
1.783542
1.7836
1.790132
1.794392
1.798788
1.805852
1.807742
1.814693
1.816342
1.821466
1.823104
1.828066
1.831773
1.839241
1.842703
1.84583
1.849453
1.852597
1.85798
1.863845
1.86476
1.872511
1.873407
1.8835
1.882541
1.89011
1.891784
1.898723
1.902473
1.907352
1.909073
1.915962
1.920175
1.924658
1.928839
1.933303
1.935455
1.939865
1.944062
1.946447
1.952739
1.955196
1.961851
1.961932
1.968653
1.970511
1.980592
1.979975
1.987175
1.986585
1.998296
1.993185
2.008598
2.005241
2.015404
2.013895
2.022133
2.020695
2.034828
2.02898
2.043472
2.04033
2.052605
2.051583
2.061205
2.058363
2.069871
2.066954
2.07849
2.075529
2.087131
2.084178
2.095783
2.090785
2.104446
2.097359
2.113041
2.103928
2.119802
2.112553
2.129784
2.121949
2.136528
2.130594
2.145168
2.139219
2.155696
2.147954
2.166107
2.157506
2.179125
2.16426
2.185862
2.176518
2.192441
2.18516
2.201111
2.193778
2.207687
2.202855
2.216335
2.211505
2.225049
2.220194
2.234467
2.230983
2.244982
2.237727
2.253619
2.246367
2.2623
2.255123
2.269125
2.264783
2.282156
2.273374
2.290838
2.280126
2.297622
2.292032
2.306312
2.303846
2.314932
2.313717
2.323524
2.32269
2.332217
2.333689
2.340909
2.34232
2.350646
2.349085
2.359656
2.36045
2.368383
2.373258
2.37702
2.38459
2.383756
2.39139
2.392391
2.400682
2.40109
2.410523
2.412317
2.419657
2.419065
2.429077
2.428984
2.438881
2.438485
2.445443
2.445065
2.452014
2.456798
2.458624
2.467464
2.467299
2.474197
2.473878
2.480826
2.482505
2.493832
2.489124
2.500626
2.498923
2.509263
2.507567
2.515848
2.517173
2.524462
2.528033
2.533195
2.53811
2.539929
2.546703
2.546529
2.553322
2.557112
2.562941
2.565843
2.573694
2.577546
2.582321
2.584291
2.593502
2.592881
2.600077
2.599661
2.608679
2.608315
2.615251
2.619577
2.621854
2.630012
2.630543
2.640516
2.640628
2.649516
2.650643
2.658082
2.659853
2.664882
2.668496
2.674461
2.677144
2.681048
2.683898
2.689857
2.692586
2.69977
2.701181
2.708714
2.710385
2.71526
2.720318
2.72186
2.728974
2.730927
2.74149
2.742849
2.748225
2.751438
2.754851
2.757993
2.765765
2.764611
2.774412
2.773167
2.781161
2.779744
2.789783
2.788777
2.799956
2.795525
2.810601
2.804237
2.817343
2.814258
2.826353
2.823416
2.83294
2.836568
2.843117
2.84658
2.852484
2.855215
2.861183
2.86179
2.869812
2.870456
2.87854
2.877021
2.887141
2.88364
2.893874
2.896543
2.900449
2.903123
2.911449
2.913756
2.918203
2.922364
2.92678
2.931976
2.933515
2.93889
2.94214
2.947513
2.950935
2.958298
2.957715
2.966952
2.966487
2.975569
2.975093
2.984166
2.981826
2.990922
2.988282
3.001389
2.998403
3.01002
3.00698
3.02049
3.015846
3.029241
3.02858
3.037854
3.0372
3.044442
3.043779
3.053077
3.052508
3.064694
3.063976
3.07532
3.070712
3.083987
3.079355
3.092568
3.087978
3.101253
3.096605
3.113766
3.106598
3.122434
3.115292
3.132953
3.123907
3.141652
3.133502
3.150306
3.140245
3.158983
3.151805
3.171091
3.15841
3.179718
3.16501
3.186301
3.178003
3.196341
3.187544
3.205374
3.198103
3.213984
3.209494
3.222577
3.216244
3.232384
3.225977
3.24105
3.236202
3.249676
3.244776
3.256249
3.253416
3.26691
3.263536
3.27562
3.270109
3.287276
3.280347
3.298474
3.290308
3.307094
3.297069
3.313671
3.307146
3.322716
3.315733
3.329308
3.322504
3.337896
3.329277
3.346514
3.340935
3.35557
3.349562
3.365339
3.358201
3.373981
3.368195
3.385103
3.376823
3.391676
3.385423
3.400315
3.397417
3.408877
3.406549
3.420563
3.415093
3.429177
3.425214
3.439626
3.431808
3.446181
3.443732
3.454747
3.450484
3.465972
3.460974
3.474536
3.47344
3.48318
3.482033
3.492621
3.493691
3.499246
3.503772
3.510779
3.515895
3.521077
3.527955
3.530162
3.540689
3.543159
3.552571
3.549761
3.563771
3.562607
3.575837
3.569211
3.586837
3.57775
3.599837
3.584311
3.610931
3.592844
3.623149
3.605145
3.63193
3.614379
3.646417
3.626297
3.653036
3.639645
3.661636
3.653101
3.674589
3.665111
3.684433
3.673671
3.696214
3.682577
3.705728
3.689206
3.714253
3.701148
3.722824
3.709672
3.735303
3.72082
3.744102
3.733359
3.75674
3.742001
3.76862
3.75542
3.779408
3.764442
3.792001
3.774958
3.802167
3.786477
3.810901
3.796025
3.822286
3.808674
3.830896
3.820816
3.843348
3.829374
3.856433
3.841886
3.868481
3.850373
3.881833
3.859436
3.893833
3.873821
3.907765
3.886072
3.921165
3.899026
3.936898
3.91142
3.946933
3.92344
3.95672
3.930079
3.967427
3.939421
3.976697
3.950996
3.986561
3.962094
3.998563
3.974081
4.005163
3.986089
4.017055
3.995166
4.025763
4.003824
4.037562
4.017413
4.044164
4.029971
4.053464
4.042556
4.06726
4.05361
4.078472
4.060393
4.089756
4.072887
4.1018
4.081405
4.11555
4.088032
4.128256
4.100743
4.14027
4.108938
4.151781
4.117488
4.164132
4.129133
4.172678
4.137679
4.181147
4.146235
4.189679
4.158547
4.19836
4.170859
4.207314
4.185261
4.219952
4.194767
4.232143
4.206659
4.246083
4.221536
4.257292
4.232529
4.269217
4.246968
4.282009
4.26087
4.292958
4.273567
4.306852
4.284826
4.320272
4.299963
4.331678
4.310852
4.345818
4.322425
4.356924
4.333191
4.369665
4.347766
4.385746
4.364596
4.39441
4.377542
4.409691
4.391548
4.421784
4.405791
4.433424
4.418164
4.44589
4.433868
4.462446
4.448715
4.475408
4.460921
4.488941
4.475927
4.50312
4.488696
4.516888
4.498212
4.53104
4.513885
4.545413
4.527339
4.560287
4.542563
4.570948
4.55534
4.585805
4.570827
4.597716
4.588073
4.610547
4.621801
4.625003
4.635607
4.63974
4.647936
4.65345
4.66193
4.668381
4.675065
4.68418
4.68615
4.696874
4.69962
4.715948
4.712978
4.733921
4.741884
4.748075
4.757417
4.775614
4.772554
4.791874
4.788795
4.806484
4.826942
4.824479
4.837
4.83971
4.85842
4.853368
4.877185
4.875274
4.889585
4.890513
4.909182
4.904308
4.926257
4.925146
4.94115
4.946595
4.95812
4.964247
4.969853
4.979578
4.986222
4.998333
5.003192
5.012054
5.020346
5.04127
5.034775
5.061671
5.057707
5.079513
5.079988
5.09564
5.105613
5.112733
5.120394
5.13398
5.141806
5.152674
5.158049
5.174912
5.174315
5.193331
5.192336
5.209126
5.213788
5.226239
5.23352
5.248343
5.259324
5.271342
5.282484
5.292677
5.343384
5.313333
5.360471
5.328795
5.381073
5.348603
5.421933
5.368267
5.440807
5.388724
5.461503
5.421305
5.481164
5.444365
5.507854
5.468377
5.572389
5.49573
5.595516
5.523134
5.633198
5.552191
5.682043
5.582241
5.707772
5.597821
5.737577
5.633861
5.756508
5.648627
5.784138
5.689863
5.811707
5.721569
5.842583
5.738795
5.867341
5.780721
5.906782
5.837975
5.952914
5.898198
5.993198
5.934441
6.030264
5.955844
6.072865
5.994239
6.104804
6.025905
6.145447
6.054974
6.180715
6.090052
6.223528
6.120028
6.258575
6.164654
6.295183
6.206964
6.336088
6.25176
6.378396
6.301751
6.429029
6.352125
6.474931
6.404876
6.52378
6.45221
6.573581
6.502432
6.623127
6.548941
6.67346
6.596411
6.723835
6.646758
6.774236
6.697158
6.824325
6.747035
6.874519
6.796952
6.924747
6.896516
6.975144
6.94642
7.025587
6.995691
7.076025
7.04542
7.12643
7.09508
7.176644
7.144944
7.226444
7.19537
7.276316
7.24571
7.32604
7.295768
7.375716
7.34615
7.426106
7.39589
7.476543
7.495807
7.526283
7.545504
7.576626
7.595949
7.62651
7.645628
7.676511
7.695394
7.726706
7.745005
7.777175
7.794814
7.827618
7.844657
7.87804
7.894281
7.928343
7.944079
7.978173
7.993737
8.028572
8.04386
8.078939
8.093612
8.129436
8.143295
8.179369
8.193228
8.229453
8.243227
8.279502
8.292959
8.329617
8.343291
8.379699
8.393267
8.429765
8.44312
8.47954
8.492921
8.5294
8.542603
8.579713
8.592456
8.629562
8.69175
8.679328
8.742207
8.72972
8.792125
8.779758
8.842584
8.83015
8.892991
8.879942
8.943481
8.92993
8.993547
8.979725
9.043881
9.02944
9.093646
9.079216
9.193715
9.12898
9.243836
9.178805
9.293471
9.228748
9.343874
9.278442
9.389188
9.328862
9.439645
9.428548
9.489773
9.478532
9.539714
9.52832
9.589433
9.578433
9.639517
9.628812
9.690314
9.679396
9.740376
9.729326
9.790702
9.779121
9.840035
9.829037
9.889768
9.878929
9.939844
9.928896
9.990032
9.979196
10.03993
10.02901
10.08979
10.07864
10.13944
10.12864
10.18916
10.17909
10.23902
10.22951
10.28924
10.27958
10.33915
10.32993
10.38953
10.37952
10.43918
10.42918
10.4891
10.47946
10.53876
10.57886
10.58877
10.6291
10.63863
10.67935
10.68911
10.7297
10.73874
10.77938
10.78849
10.82911
10.8389
10.8795
10.88862
10.92959
10.93862
10.97929
10.98849
11.02943
11.03895
11.07936
11.08916
11.12959
11.13949
11.17939
11.18984
11.2293
11.23951
11.27948
11.27635
11.32925
11.32621
11.37962
11.37642
11.42944
11.4265
11.47908
11.47661
11.52871
11.52636
11.62875
11.57621
11.67913
11.626
11.72889
11.67572
11.77868
11.72607
11.82844
11.77577
11.87857
11.82615
11.9288
11.87579
11.97912
11.92554
12.01616
11.97521
12.06584
12.02523
12.11614
12.07523
12.16581
12.12522
12.2157
12.17486
12.26541
12.27422
12.31541
12.32461
12.36563
12.37493
12.41542
12.42513
12.46568
12.47516
12.51533
12.57552
12.56575
12.6258
12.616
12.67622
12.66583
12.72661
12.71562
12.77635
12.76596
12.82668
12.81955
12.87682
12.86639
12.92652
12.91669
12.9768
12.96674
13.02647
13.0168
13.07671
13.0672
13.126
13.117
13.17575
13.16738
13.22617
13.21701
13.27652
13.26687
13.32663
13.31658
13.37681
13.36638
13.477
13.41612
13.5274
13.46661
13.57726
13.51658
13.62751
13.56663
13.67757
13.61658
13.72773
13.6663
13.77804
13.71677
13.82784
13.76653
13.87813
13.81671
13.9278
13.86666
13.97806
13.91679
14.02822
13.9668
14.07872
14.01694
14.12917
14.06697
14.17892
14.11679
14.22929
14.16716
14.27949
14.21756
14.32959
14.26779
14.3793
14.31785
14.42938
14.36795
14.47908
14.41805
14.52938
14.46771
14.57952
14.56737
14.62945
14.61729
14.67967
14.66769
14.72995
14.71744
14.77983
14.76744
14.82945
14.81735
14.8797
14.86699
14.93002
14.91703
14.98
14.96709
15.03022
15.01709
15.0802
15.06699
15.13031
15.11685
15.18037
15.16661
15.23058
15.21663
15.28068
15.26701
15.33084
15.31701
15.37816
15.41691
15.42842
15.46652
15.47857
15.51624
15.5289
15.56642
15.57921
15.61651
15.62922
15.66673
15.67895
15.71691
15.7291
15.7669
15.77943
15.81661
15.82916
15.86634
15.87947
15.91642
15.9295
15.96646
15.97926
16.01662
16.02915
16.06666
16.07881
16.11693
16.12854
16.16757
16.17863
16.21777
16.2285
16.26799
16.27847
16.31817
16.32987
16.36781
16.37862
16.41743
16.4288
16.46728
16.47836
16.51699
16.52801
16.56686
16.57771
16.61654
16.62752
16.66682
16.67721
16.71679
16.7274
16.767
16.77701
16.81748
16.82679
16.86727
16.87668
16.91748
16.92647
16.96748
16.97625
17.01779
17.02652
17.06768
17.07628
17.11752
17.1265
17.16796
17.17661
17.21779
17.22706
17.26765
17.2768
17.31767
17.32717
17.36771
17.37433
17.41747
17.42471
17.46714
17.47478
17.51728
17.52505
17.56764
17.57473
17.61728
17.62511
17.6676
17.67491
17.718
17.72517
17.76787
17.77519
17.81778
17.82553
17.86743
17.87552
17.91707
17.91418
17.96688
17.96459
18.01683
18.01478
18.067
18.06479
18.11683
18.1151
18.16693
18.16511
18.21726
18.21456
18.26764
18.26486
18.3174
18.31524
18.36787
18.36573
18.41827
18.41615
18.46842
18.46572
18.51878
18.51601
18.56843
18.5663
18.61893
18.61645
18.6686
18.66643
18.71823
18.71682
18.7683
18.76658
18.81851
18.81699
18.86837
18.86725
18.91866
18.91723
18.96886
18.96724
19.01885
19.01748
19.06908
19.06776
19.11899
19.11805
19.16938
19.16829
19.21969
19.21831
19.26991
19.26828
19.31982
19.31821
19.37018
19.36811
19.41982
19.4181
19.52168
19.46817
19.57018
19.51829
19.61995
19.56829
19.6699
19.61831
19.76971
19.66877
19.81965
19.71924
19.87004
19.76957
19.92036
19.81973
19.97055
19.87017
20.02053
19.92053
20.0708
19.97041
20.1212
20.02034
20.1713
20.07014
20.22148
20.12048
20.27167
20.17069
20.32162
20.22107
20.37157
20.25095
20.42186
20.30106
20.47202
20.35146
20.52177
20.40155
20.57183
20.45167
20.62188
20.55169
20.67154
20.60188
20.72143
20.65206
20.77141
20.75225
20.82179
20.80211
20.87219
20.84165
20.9222
20.94152
20.97253
20.99202
21.02287
21.0424
21.07249
21.09288
21.12289
21.14255
21.17311
21.19219
21.22342
21.24232
21.27385
21.34226
21.32427
21.39207
21.37434
21.43954
21.42477
21.4896
21.47506
21.53951
21.52542
21.6396
21.57552
21.68978
21.62515
21.73967
21.67513
21.78983
21.72531
21.84012
21.77504
21.88974
21.82545
21.93952
21.87518
21.98992
21.92546
22.04025
21.97557
22.08996
22.02563
22.14016
22.0752
22.1898
22.12554
22.23964
22.17521
22.28995
22.22534
22.34037
22.27573
22.39015
22.32607
22.44025
22.37652
22.49065
22.4269
22.5411
22.4769
22.59129
22.52664
22.64135
22.57704
22.69145
22.62717
22.74156
22.67752
22.79164
22.7274
22.84144
22.77725
22.87555
22.82545
22.92545
22.87569
22.97551
22.92598
23.02518
22.97635
23.07488
23.02648
23.12531
23.07671
23.17504
23.17655
23.22483
23.22644
23.27494
23.2769
23.32482
23.31464
23.3748
23.38856
23.42471
23.43851
23.4733
23.48844
23.52378
23.53834
23.57375
23.5886
23.62348
23.63867
23.67402
23.73889
23.72344
23.78868
23.77373
23.83893
23.8235
23.88891
23.87357
23.9313
23.92374
23.98108
23.97401
24.03143
24.02373
24.08167
24.07403
24.13129
24.12399
24.18141
24.17448
24.23149
24.22448
24.2812
24.2742
24.33101
24.32439
24.38104
24.37453
24.4311
24.42466
24.48132
24.47496
24.53101
24.525
24.58067
24.57528
24.63038
24.62553
24.6807
24.67552
24.73075
24.72562
24.78108
24.77587
24.8307
24.87579
24.88096
24.92604
24.93141
24.97625
24.98116
25.02669
25.03126
25.07638
25.08129
25.12635
25.13179
25.17641
25.18152
25.22611
25.23196
25.27657
25.28188
25.32628
25.33195
25.37593
25.38235
25.42586
25.4326
25.47614
25.48301
25.52637
25.53266
25.57631
25.58281
25.62658
25.63294
25.6766
25.68273
25.72672
25.73245
25.77677
25.78207
25.82713
25.83225
25.87677
25.88211
25.9271
25.93207
25.97673
25.98203
26.02687
26.03251
26.07727
26.08247
26.12773
26.13219
26.1774
26.18233
26.22704
26.23237
26.27692
26.28261
26.32726
26.3327
26.37743
26.38267
26.4273
26.43258
26.47717
26.48258
26.52762
26.53283
26.57743
26.58267
26.62731
26.63219
26.67732
26.68223
26.72712
26.73185
26.77686
26.78183
26.82701
26.83206
26.87725
26.88229
26.92748
26.93236
26.97759
26.98246
27.02824
27.03276
27.07835
27.08303
27.12896
27.13326
27.17837
27.18332
27.22802
27.23332
27.27831
27.28296
27.32795
27.33325
27.37797
27.38303
27.42775
27.43331
27.47737
27.48344
27.52777
27.53368
27.57794
27.58415
27.62797
27.63389
27.67774
27.68358
27.7282
27.7333
27.77857
27.78303
27.82853
27.83324
27.8786
27.88293
27.92822
27.93343
27.97842
27.98383
28.02847
28.03423
28.07882
28.08428
28.12862
28.13457
28.17881
28.18484
28.22828
28.23451
28.27836
28.27782
28.32855
28.32817
28.37822
28.3782
28.42813
28.42786
28.47854
28.47416
28.52131
28.52455
28.57103
28.55576
28.62085
28.60553
28.66099
28.65513
28.70706
28.70501
28.75731
28.75537
28.80718
28.80572
28.85699
28.85573
28.90721
28.90536
28.95768
28.95559
29.00799
29.00522
29.05835
29.05509
29.10815
29.10489
29.15832
29.15461
29.20868
29.20463
29.25875
29.25481
29.30893
29.30472
29.4094
29.35512
29.45938
29.40554
29.50965
29.45562
29.55968
29.50533
29.61012
29.55493
29.66059
29.60511
29.71032
29.65491
29.76019
29.70517
29.80985
29.75487
29.8589
29.80507
29.90517
29.85522
29.95523
29.88697
30.00565
29.93719
30.05247
29.97017
30.10292
30.05613
30.14912
30.0963
30.19724
30.19665
30.24726
30.24648
30.29704
30.29634
30.34732
30.34644
30.39728
30.39687
30.44756
30.447
30.4977
30.49672
30.54744
30.54713
30.59763
30.59696
30.64898
30.64709
30.69826
30.6968
30.74828
30.74673
30.79843
30.79649
30.84869
30.84617
30.89892
30.89579
30.94918
30.99649
30.99929
31.04606
31.04955
31.09578
31.09975
31.14591
31.14968
31.19582
31.19987
31.24562
31.24955
31.29583
31.29964
31.34596
31.34991
31.39617
31.39989
31.44592
31.45004
31.49575
31.4999
31.54558
31.54971
31.59592
31.59935
31.64614
31.64931
31.69657
31.69914
31.74636
31.74901
31.79652
31.79897
31.84657
31.84896
31.89651
31.89862
31.94593
31.94593
31.996
31.99586
32.04538
32.02599
32.09517
32.07595
32.14487
32.12613
32.19482
32.17603
32.24495
32.22621
32.29489
32.27593
32.3451
32.32608
32.3949
32.37596
32.44482
32.42576
32.49509
32.4761
32.54484
32.52641
32.5949
32.57665
32.64496
32.62666
32.69534
32.67649
32.74563
32.72671
32.79567
32.77663
32.84576
32.82708
32.89582
32.87749
32.94613
32.92759
32.99606
32.97807
33.0461
33.02854
33.09652
33.07825
33.14621
33.12806
33.19635
33.17812
33.24621
33.22861
33.29607
33.27835
33.34595
33.32878
33.39599
33.37873
33.44632
33.42899
33.49629
33.47932
33.54655
33.52898
33.59668
33.62937
33.64645
33.67926
33.69648
33.72913
33.74613
33.77887
33.79587
33.82887
33.84551
33.87906
33.89545
33.92945
33.94507
33.97977
33.99481
34.0302
34.04446
34.0802
34.09454
34.13012
34.14494
34.1802
34.1951
34.23033
34.24532
34.28057
34.2954
34.3303
34.34501
34.38037
34.39484
34.43022
34.44534
34.4799
34.49554
34.5302
34.54525
34.58042
34.59552
34.63071
34.64591
34.68119
34.69633
34.73123
34.74666
34.78105
34.79676
34.83111
34.84658
34.88077
34.89702
34.93039
34.94691
34.98012
34.99664
35.02972
35.04685
35.07975
35.09688
35.12943
35.14723
35.17921
35.19759
35.2292
35.24802
35.27904
35.29778
35.32914
35.34766
35.37948
35.39782
35.42977
35.44815
35.47982
35.49789
35.53022
35.54814
35.58064
35.59792
35.63034
35.69727
35.68055
35.74696
35.73093
35.79665
35.78057
35.84652
35.83084
35.89642
35.8805
35.94675
35.93044
35.99685
35.98013
36.04671
36.02988
36.09716
36.08027
36.14694
36.13063
36.1971
36.18057
36.24741
36.23027
36.29749
36.28066
36.34781
36.33103
36.39784
36.38101
36.44801
36.43105
36.49808
36.48126
36.54844
36.53147
36.59861
36.5812
36.64876
36.63163
36.69863
36.68161
36.74888
36.73187
36.80081
36.78193
36.84952
36.83207
36.90003
36.88186
36.94934
36.93235
36.99957
36.98196
37.04956
37.03192
37.09982
37.08241
37.15009
37.13234
37.20015
37.18232
37.25048
37.23272
37.30068
37.28278
37.35043
37.33317
37.40028
37.38311
37.45061
37.43375
37.50027
37.48366
37.55066
37.53375
37.60059
37.58371
37.65027
37.63345
37.70061
37.68327
37.75041
37.73344
37.80008
37.78368
37.85031
37.83372
37.90026
37.88364
37.95071
37.93386
38.00045
37.98376
38.05031
38.03367
38.09663
38.08381
38.14671
38.13397
38.19694
38.18359
38.2469
38.23359
38.29728
38.28333
38.34737
38.33319
38.39759
38.38287
38.44726
38.43265
38.49751
38.48259
38.54717
38.53223
38.59752
38.58225
38.64717
38.63205
38.6974
38.73219
38.74769
38.78248
38.7979
38.83264
38.84757
38.88279
38.89787
38.93319
38.9482
38.98312
38.99844
39.03352
39.04869
39.08343
39.09896
39.13364
39.14911
39.18384
39.19894
39.23409
39.23664
39.27461
39.28658
39.32495
39.33695
39.37465
39.38732
39.42429
39.43748
39.47451
39.47482
39.51385
39.52348
39.56382
39.5473
39.60075
39.59735
39.64242
39.63305
39.66956
39.65956
39.70591
39.70303
39.72886
39.73374
39.76529
39.77974
39.80393
39.82143
39.85428
39.85907
39.89602
39.90883
39.94589
39.95868
39.99586
40.00874
40.04571
40.05874
40.09617
40.10917
40.14656
40.15958
40.19703
40.20982
40.24741
40.25982
40.29777
40.31017
40.34743
40.35997
40.39729
40.41
40.44703
40.46004
40.4967
40.51017
40.54694
40.5602
40.59726
40.60996
40.64736
40.71017
40.69706
40.75997
40.74676
40.8098
40.79703
40.85968
40.84734
40.9095
40.89775
40.95988
40.94802
41.00967
40.99825
41.05963
41.04795
41.10965
41.09819
41.15967
41.14765
41.20935
41.19699
41.24368
41.24688
41.29401
41.29691
41.34362
41.34653
41.394
41.39673
41.44398
41.44677
41.49421
41.49665
41.54402
41.54667
41.59448
41.59711
41.64474
41.64694
41.69449
41.69734
41.74438
41.74728
41.79465
41.79739
41.84428
41.84764
41.89455
41.89774
41.9444
41.94798
41.99468
41.99831
42.04488
42.0482
42.09512
42.098
42.14513
42.14763
42.1949
42.19801
42.24493
42.24839
42.2949
42.29811
42.34531
42.34773
42.3955
42.39753
42.44513
42.44718
42.49483
42.49765
42.54526
42.54729
42.59526
42.59711
42.64554
42.64692
42.69573
42.74697
42.74604
42.79712
42.7957
42.84732
42.84533
42.89766
42.89497
42.94765
42.94534
42.99784
42.9956
43.04809
43.04586
43.09795
43.0956
43.14756
43.14556
43.19765
43.19532
43.24791
43.24545
43.29794
43.29584
43.34792
43.3462
43.39295
43.39592
43.44321
43.44564
43.4933
43.49551
43.54301
43.54562
43.59335
43.59589
43.64302
43.64571
43.69323
43.69602
43.74351
43.74571
43.79313
43.79625
43.84277
43.84672
43.89297
43.8972
43.94335
43.94687
43.99375
43.99683
44.04342
44.04698
44.09309
44.09701
44.14347
44.14704
44.19382
44.19749
44.24402
44.24781
44.29414
44.2975
44.34396
44.34769
44.39435
44.44813
44.44463
44.4981
44.49432
44.54851
44.5443
44.5983
44.59416
44.64876
44.64389
44.69864
44.69435
44.74846
44.74406
44.79861
44.79441
44.84824
44.84445
44.89854
44.89412
44.94875
44.94409
44.99909
44.99374
45.04935
45.04361
45.09962
45.09328
45.14979
45.14328
45.19996
45.19372
45.24963
45.24349
45.29976
45.29377
45.34961
45.34415
45.45018
45.394
45.50016
45.44374
45.55005
45.49403
45.6
45.5443
45.65004
45.59475
45.70008
45.64505
45.75031
45.6954
45.80014
45.74533
45.85048
45.7957
45.90018
45.84566
45.95021
45.89577
46.00021
45.94606
46.05063
45.99606
46.10028
46.04653
46.15054
46.09686
46.20028
46.14658
46.25005
46.19634
46.29977
46.246
46.35013
46.29633
46.40053
46.34659
46.45033
46.39677
46.50047
46.44696
46.55083
46.49687
46.60076
46.54677
46.65093
46.59687
46.70057
46.64678
46.75079
46.69691
46.80069
46.74662
46.85096
46.84591
46.9012
46.89591
46.95136
46.94559
47.00147
46.99576
47.05192
47.04609
47.10232
47.09652
47.154
47.14617
47.20245
47.19638
47.25224
47.24622
47.3018
47.29615
47.3521
47.34584
47.40251
47.39548
47.45251
47.44579
47.50219
47.49614
47.55228
47.54624
47.60237
47.59662
47.65269
47.64688
47.70244
47.69714
47.75275
47.74717
47.80268
47.79698
47.85275
47.84678
47.90281
47.89734
47.95319
47.94756
48.00298
47.99775
48.05283
48.04744
48.10331
48.09718
48.15345
48.14749
48.20316
48.1977
48.25364
48.24808
48.30394
48.2978
48.3541
48.34747
48.40417
48.3973
48.45441
48.44714
48.50434
48.49743
48.55462
48.54734
48.60431
48.59713
48.65461
48.64695
48.70483
48.69707
48.75523
48.74709
48.80548
48.7975
48.85511
48.84796
48.90509
48.89815
48.95517
48.94823
49.0049
48.99843
49.0553
49.04826
49.10529
49.09846
49.15503
49.14875
49.20496
49.19859
49.30449
49.24828
49.35421
49.29859
49.40409
49.34902
49.45442
49.39935
49.50423
49.44899
49.55465
49.49928
49.60498
49.54906
49.65462
49.599
49.70427
49.64906
49.75407
49.69886
49.80395
49.74921
49.8536
49.79945
49.90394
49.84918
49.95441
49.89948
50.00455
49.94994
50.05452
49.99954
50.10422
50.04961
50.15402
50.09948
50.20406
50.1494
50.25581
50.19943
50.30453
50.2497
50.35471
50.29993
50.4044
50.39994
50.45443
50.44953
50.50481
50.49979
50.5548
50.5494
50.60501
50.59936
50.65527
50.649
50.70554
50.69865
50.75537
50.74832
50.80577
50.79868
50.85613
50.84877
50.9064
50.8992
50.95644
50.94951
51.0065
50.99971
51.0565
51.0445
51.10682
51.09512
51.15691
51.14502
51.20676
51.19499
51.2571
51.24445
51.30746
51.29436
51.35791
51.34401
51.40829
51.39442
51.458
51.44405
51.50818
51.49397
51.55855
51.54368
51.60889
51.59343
51.65924
51.64322
51.7089
51.69314
51.75856
51.74311
51.80841
51.79289
51.85863
51.84288
51.90877
51.89318
51.95903
51.94334
52.00872
51.99347
52.05837
52.04347
52.10798
52.09349
52.15781
52.14389
52.20811
52.19416
52.25804
52.2445
52.30769
52.29417
52.35761
52.34439
52.40804
52.3948
52.45837
52.44456
52.50798
52.49433
52.55821
52.54408
52.60828
52.59385
52.65804
52.64423
52.70795
52.6946
52.7584
52.74426
52.80803
52.79427
52.85815
52.84476
52.90787
52.89472
52.9577
52.94434
53.00787
52.99398
53.05776
53.04361
53.1076
53.09372
53.15792
53.14346
53.20788
53.19387
53.258
53.24371
53.30839
53.29385
53.35803
53.34407
53.40815
53.39395
53.45988
53.4436
53.50828
53.494
53.55849
53.54433
53.60822
53.59455
53.658
53.64488
53.7084
53.69479
53.75884
53.7444
53.80899
53.79474
53.85888
53.84513
53.90928
53.89543
53.95891
53.94508
54.009
53.99508
54.05915
54.04507
54.10892
54.0948
54.15915
54.14521
54.20932
54.19491
54.259
54.24471
54.30912
54.29457
54.35946
54.34532
54.40988
54.3956
54.45993
54.49585
54.50993
54.54583
54.56024
54.59627
54.61038
54.64597
54.66034
54.69577
54.71011
54.74553
54.76034
54.79571
54.81016
54.84542
54.85978
54.89531
54.9102
54.94503
54.96053
54.99472
55.01072
55.04508
55.06098
55.09546
55.11071
55.14521
55.16049
55.19557
55.21029
55.24517
55.26022
55.29512
55.3601
55.34531
55.40977
55.39562
55.46011
55.44556
55.51036
55.49537
55.55998
55.54555
55.61026
55.59581
55.66029
55.6459
55.71066
55.69601
55.76091
55.74636
55.81091
55.79648
55.86122
55.8463
55.91123
55.89614
55.96158
55.94645
56.01132
55.99664
56.06099
56.04655
56.11129
56.09674
56.16137
56.14709
56.21155
56.19757
56.26184
56.24773
56.3619
56.2976
56.41156
56.34783
56.46194
56.39816
56.51221
56.4483
56.562
56.49857
56.61217
56.54844
56.66182
56.59828
56.71202
56.64848
56.76224
56.69875
56.81217
56.74841
56.86204
56.79815
56.91246
56.84793
56.9621
56.89835
56.99994
56.94812
57.04956
56.98241
57.07562
57.02885
57.12569
57.07806
57.17583
57.12819
57.22587
57.1786
57.27567
57.229
57.3254
57.27948
57.37502
57.32968
57.4248
57.37981
57.47512
57.42988
57.52528
57.4803
57.57493
57.53059
57.62468
57.58074
57.67501
57.63038
57.72535
57.68011
57.77532
57.73008
57.82541
57.77982
57.87532
57.83001
57.92493
57.88032
57.97454
57.93035
58.0244
57.98078
58.07481
58.03048
58.12452
58.08018
58.17494
58.13031
58.22479
58.18032
58.27441
58.23038
58.3246
58.28059
58.37467
58.33091
58.42479
58.3814
58.47503
58.43164
58.5254
58.48206
58.57532
58.53173
58.62505
58.58137
58.6749
58.6312
58.72483
58.68086
58.77503
58.73096
58.82491
58.78146
58.87477
58.83124
58.92494
58.88105
58.97539
58.93131
59.02564
58.98163
59.07604
59.03152
59.12585
59.08146
59.1763
59.13118
59.22627
59.18146
59.27592
59.23185
59.32597
59.28228
59.37639
59.33252
59.42683
59.38297
59.47723
59.43264
59.52742
59.48264
59.57772
59.53291
59.62806
59.58318
59.67773
59.63323
59.72763
59.68323
59.77746
59.73367
59.82776
59.78348
59.87806
59.83338
59.92839
59.88363
59.9783
59.93394
60.02848
59.98385
60.07859
60.0337
60.1283
60.08382
60.1799
60.13347
60.22841
60.18388
60.27855
60.23427
60.32894
60.28437
60.37871
60.3347
60.42849
60.3851
60.47875
60.43534
60.52881
60.48507
60.57924
60.5347
60.62931
60.58508
60.67937
60.63523
60.72984
60.6853
60.78024
60.7356
60.83051
60.78548
60.88074
60.83583
60.93093
60.8856
60.98136
60.93596
61.03101
60.98619
61.08136
61.03653
61.13174
61.08696
61.18208
61.13967
61.23179
61.18835
61.28181
61.23882
61.33162
61.28843
61.3818
61.33793
61.43213
61.38822
61.48262
61.43807
61.53296
61.48847
61.58342
61.53809
61.63369
61.58781
61.68376
61.63812
61.73408
61.68819
61.78442
61.73793
61.8346
61.78755
61.88456
61.83762
61.93502
61.88784
61.98481
61.938
62.03468
61.98835
62.08498
62.03874
62.13478
62.08844
62.18448
62.13887
62.23418
62.18919
62.28381
62.23883
62.33371
62.28923
62.38346
62.33965
62.43314
62.38973
62.48301
62.43997
62.53337
62.49038
62.58305
62.54066
62.63274
62.591
62.68307
62.64138
62.73308
62.69112
62.78341
62.7415
62.83358
62.79111
62.88391
62.84138
62.93417
62.8917
62.98434
62.94132
63.03437
62.99104
63.08477
63.04093
63.13516
63.09066
63.18483
63.14092
63.23486
63.19096
63.28451
63.24119
63.33469
63.29099
63.3847
63.34132
63.43517
63.39109
63.48653
63.44134
63.53509
63.49168
63.5848
63.54129
63.63488
63.59168
63.68473
63.64132
63.73519
63.69111
63.78552
63.74089
63.83569
63.79089
63.88609
63.84104
63.93638
63.89131
63.98661
63.94158
64.03683
63.9915
64.08684
64.04169
64.13728
64.09211
64.18717
64.14185
64.23756
64.19228
64.28783
64.2424
64.33794
64.29256
64.38757
64.34236
64.43801
64.44374
64.48788
64.49222
64.53822
64.5419
64.58857
64.59151
64.63896
64.64127
64.6889
64.69097
64.73923
64.7406
64.76926
64.77067
64.81896
64.80401
64.85994
64.83675
64.90631
64.88467
64.95608
64.92694
65.006
64.97682
65.05621
65.02723
65.10609
65.07749
65.156
65.12727
65.20568
65.17759
65.25562
65.22728
65.3054
65.27767
65.35556
65.32761
65.40593
65.37735
65.4558
65.42714
65.50588
65.4772
65.55623
65.52751
65.60608
65.57782
65.65625
65.6282
65.68621
65.65884
65.73272
65.70911
65.76972
65.74441
65.86971
65.79449
65.91992
65.84495
65.97025
65.89459
66.01985
65.94426
66.06956
65.99458
66.11951
66.04491
66.16925
66.0952
66.21954
66.14538
66.2696
66.1952
66.31947
66.24545
66.36964
66.29564
66.42004
66.34588
66.47033
66.39573
66.52045
66.44553
66.57018
66.49567
66.62038
66.54591
66.67068
66.59594
66.72046
66.64605
66.77021
66.69645
66.82053
66.7468
66.87019
66.7971
66.91685
66.84752
66.96678
66.89771
67.01681
66.94802
67.06712
66.99785
67.11966
67.04755
67.16753
67.09776
67.21777
67.13719
67.26792
67.18716
67.31758
67.23753
67.36686
67.28758
67.4173
67.38762
67.46699
67.43799
67.51729
67.48835
67.56712
67.53801
67.61745
67.58817
67.66706
67.63864
67.71669
67.6885
67.76662
67.73812
67.81632
67.78856
67.86666
67.83829
67.91644
67.88805
67.96655
67.93783
68.01671
67.98808
68.06659
68.03784
68.11701
68.08775
68.16666
68.1377
68.21645
68.18811
68.26646
68.23804
68.31609
68.28771
68.3663
68.33801
68.4164
68.38773
68.46658
68.43777
68.51677
68.48748
68.5665
68.53761
68.6162
68.58737
68.66636
68.63776
68.71622
68.68816
68.76611
68.73788
68.81616
68.78828
68.8658
68.83869
68.91567
68.8884
68.96601
68.93861
69.01626
68.98833
69.06641
69.03814
69.1161
69.0878
69.16657
69.13794
69.21702
69.1879
69.26687
69.23818
69.31696
69.28841
69.36657
69.3381
69.41644
69.38805
69.46619
69.43801
69.51656
69.48822
69.56689
69.53848
69.61723
69.58837
69.65196
69.63807
69.69854
69.68787
69.74386
69.73827
69.79392
69.77304
69.84402
69.8234
69.89428
69.87307
69.94392
69.923
69.99432
69.97294
70.04459
70.0231
70.09439
70.0728
70.14408
70.12244
70.19373
70.17267
70.24416
70.22308
70.29395
70.27292
70.34364
70.32253
70.39348
70.37263
70.44338
70.42306
70.49311
70.47274
70.54344
70.51678
70.5933
70.61723
70.63667
70.66743
70.68684
70.7175
70.73672
70.76756
70.78835
70.81772
70.8371
70.86772
70.88694
70.91739
70.93691
70.96742
70.98647
71.01745
71.03632
71.06732
71.08605
71.11697
71.13593
71.16699
71.1863
71.21666
71.23643
71.26698
71.28632
71.31669
71.33609
71.36657
71.3865
71.41644
71.43642
71.46652
71.48609
71.51675
71.53603
71.56638
71.58646
71.61629
71.68693
71.66656
71.73656
71.71665
71.77165
71.7667
71.82156
71.81721
71.87143
71.86768
71.92126
71.91791
71.97109
71.96769
72.02131
72.00683
72.07102
72.05665
72.12016
72.1065
72.17058
72.15628
72.22028
72.20657
72.27077
72.25665
72.32045
72.3065
72.37037
72.35643
72.42077
72.40623
72.47064
72.4562
72.5211
72.50641
72.5715
72.55683
72.62194
72.60722
72.67207
72.65755
72.72228
72.70727
72.77256
72.75707
72.82294
72.8074
72.87337
72.85709
72.92329
72.90687
72.9736
72.95673
73.02377
73.00654
73.07356
73.05663
73.12324
73.1068
73.17369
73.15648
73.22334
73.20623
73.27348
73.2559
73.32366
73.30601
73.37407
73.35567
73.42395
73.40541
73.47433
73.45546
73.52422
73.50546
73.57388
73.55582
73.62356
73.60602
73.67374
73.65641
73.72346
73.70667
73.77386
73.75678
73.82386
73.80642
73.87355
73.85667
73.92348
73.90672
73.97365
73.95645
74.02389
74.00654
74.07392
74.0563
74.12405
74.10615
74.17382
74.15654
74.22413
74.20673
74.27415
74.25721
74.32405
74.30701
74.37441
74.35732
74.42488
74.40776
74.47515
74.45777
74.52547
74.50741
74.57554
74.55752
74.62534
74.60785
74.67525
74.65805
74.72539
74.70779
74.77571
74.75758
74.82572
74.80724
74.87534
74.85712
74.92558
74.90697
74.97574
74.95693
75.02607
75.00684
75.0757
75.05663
75.12533
75.10656
75.17499
75.15705
75.22546
75.20676
75.27544
75.25691
75.32523
75.30693
75.37519
75.35677
75.42489
75.40659
75.47478
75.45689
75.52451
75.50698
75.5748
75.55712
75.62482
75.60743
75.67493
75.65771
75.72466
75.70808
75.77431
75.75845
75.82445
75.80835
75.8743
75.85844
75.92478
75.90827
75.97456
75.95818
76.02431
76.0079
76.07478
76.05795
76.12496
76.10795
76.17491
76.15775
76.22461
76.20757
76.27456
76.25757
76.32501
76.30801
76.37479
76.35844
76.42472
76.4085
76.47455
76.45813
76.52496
76.5078
76.57491
76.55788
76.62473
76.60838
76.67516
76.65881
76.72508
76.70847
76.77496
76.75822
76.82483
76.80821
76.8748
76.85797
76.9251
76.908
76.97488
76.95772
77.02491
77.00763
77.07524
77.05783
77.12563
77.1076
77.1754
77.15755
77.22523
77.20755
77.27524
77.30753
77.32564
77.3572
77.3757
77.40742
77.42544
77.45708
77.4753
77.50703
77.52527
77.55668
77.57515
77.6064
77.6256
77.65618
77.67503
77.70626
77.72509
77.75624
77.77528
77.80614
77.82552
77.85632
77.87526
77.90618
77.92494
77.95584
77.97508
78.00578
78.02553
78.05566
78.07558
78.10561
78.12534
78.15533
78.17551
78.20513
78.22549
78.255
78.27524
78.30618
78.32538
78.35481
78.37499
78.40488
78.4152
78.45517
78.46513
78.50552
78.51532
78.55547
78.56532
78.60538
78.61539
78.65523
78.66534
78.70497
78.76555
78.75492
78.81564
78.80524
78.85599
78.85529
78.90636
78.8921
78.95654
78.94173
79.0068
78.99139
79.05683
79.04112
79.1071
79.09105
79.15753
79.14119
79.20757
79.19093
79.25799
79.24096
79.30764
79.29083
79.35778
79.34078
79.40773
79.39096
79.45786
79.4408
79.5083
79.49069
79.55798
79.5407
79.60785
79.59066
79.65784
79.64101
79.7077
79.69142
79.7582
79.74124
79.80843
79.79128
79.85806
79.84144
79.90823
79.89143
79.95862
79.94109
80.00895
79.99115
80.05942
80.04111
80.10923
80.09138
80.1589
80.1414
80.20869
80.19135
80.25849
80.24149
80.30811
80.29128
80.35803
80.34155
80.40792
80.39194
80.45762
80.44215
80.50732
80.49236
80.55695
80.54214
80.60704
80.59203
80.65685
80.64182
80.70688
80.69143
80.75677
80.74177
80.80718
80.79184
80.85691
80.8415
80.9069
80.89149
80.95664
80.94154
81.00624
80.99149
81.05601
81.0413
81.1059
81.09148
81.15561
81.14153
81.2054
81.1915
81.25542
81.24128
81.30556
81.29133
81.35555
81.34106
81.40541
81.39128
81.4554
81.44113
81.50572
81.49059
81.54681
81.54082
81.59686
81.59066
81.647
81.64038
81.6971
81.69003
81.74707
81.73986
81.7971
81.78999
81.84689
81.83987
81.8967
81.88976
81.94648
81.93961
81.9964
81.9896
82.04616
82.03952
82.09656
82.08994
82.14652
82.13965
82.19678
82.18941
82.24706
82.23921
82.29678
82.28893
82.34667
82.33884
82.39713
82.38859
82.44742
82.43828
82.49732
82.48848
82.54722
82.53887
82.59724
82.58891
82.64702
82.63878
82.69735
82.6886
82.74711
82.73861
82.79735
82.78837
82.84773
82.83872
82.89738
82.88834
82.94772
82.93832
82.99751
82.98798
83.0479
83.03772
83.09831
83.08772
83.14854
83.13797
83.19883
83.18787
83.24877
83.23792
83.29857
83.28816
83.34819
83.33865
83.39791
83.38866
83.4477
83.43909
83.49786
83.48924
83.54766
83.53898
83.59758
83.58945
83.64751
83.63952
83.69779
83.68925
83.74797
83.73895
83.79826
83.78938
83.84819
83.83978
83.89825
83.89011
83.94946
83.94051
83.99791
83.99028
84.0481
84.04053
84.09858
84.09037
84.14829
84.14077
84.19859
84.19044
84.24835
84.24025
84.29814
84.29003
84.34797
84.34048
84.39768
84.39088
84.44752
84.44055
84.4975
84.49104
84.54723
84.54108
84.59723
84.59145
84.64736
84.64114
84.69723
84.69147
84.74695
84.74176
84.79678
84.79242
84.84637
84.84277
84.89687
84.89317
84.94727
84.94315
84.997
84.99307
85.04736
85.04288
85.09727
85.09283
85.14764
85.14292
85.19767
85.1927
85.24777
85.2426
85.29797
85.29249
85.34804
85.34294
85.39837
85.39299
85.44864
85.44339
85.49841
85.49372
85.5481
85.54361
85.59542
85.59365
85.6457
85.63922
85.6833
85.67188
85.71268
85.70366
85.74967
85.74052
85.77708
85.76688
85.79943
85.79456
85.82161
85.8222
85.86823
85.85056
85.89314
85.87636
85.92252
85.89607
85.9527
85.92006
85.96814
85.93147
85.98388
85.94941
85.99716
85.96461
86.01182
85.97889
86.02641
85.99382
86.04109
86.01635
86.06095
86.03434
86.08769
86.05687
86.10233
86.07754
86.11865
86.11121
86.13322
86.12769
86.16
86.15193
86.17142
86.1656
86.18291
86.18021
86.1965
86.1888
86.21221
86.20188
86.22616
86.21615
86.23576
86.23248
86.25014
86.24672
86.27655
86.26161
86.29061
86.27437
86.3022
86.29001
86.31575
86.30559
86.33067
86.31721
86.33825
86.32633
86.35056
86.3378
86.37582
86.35088
86.38882
86.36435
86.39841
86.37835
86.40922
86.39059
86.42229
86.40359
86.43575
86.41668
86.44742
86.43127
86.45628
86.44787
86.46993
86.46033
86.48222
86.47621
86.49013
86.48773
86.50442
86.50004
86.51615
86.51379
86.53049
86.5257
86.53742
86.53806
86.55187
86.54923
86.55885
86.56477
86.56808
86.57753
86.58369
86.59141
86.59435
86.6063
86.60775
86.61758
86.62142
86.62801
86.63387
86.64168
86.64695
86.6563
86.66228
86.66681
86.67531
86.67807
86.68898
86.69281
86.70107
86.70506
86.71261
86.71613
86.72742
86.73138
86.74288
86.74314
86.75655
86.75361
86.76908
86.76598
86.78281
86.77306
86.79542
86.7849
86.80688
86.7981
86.81853
86.81118
86.82881
86.82443
86.84195
86.83151
86.85648
86.8424
86.86501
86.85487
86.87788
86.88874
86.89188
86.89794
86.90108
86.91222
86.91465
86.92391
86.9273
86.93459
86.9401
86.94543
86.95287
86.95461
86.96787
86.967
86.979
86.98035
86.98641
86.99014
86.99981
86.9994
87.00721
87.01414
87.01971
87.02327
87.03194
87.04613
87.04501
87.05827
87.05755
87.0708
87.07101
87.0815
87.08184
87.09338
87.0966
87.1026
87.10716
87.11557
87.12018
87.12874
87.12978
87.13613
87.14478
87.14818
87.15686
87.1588
87.17039
87.1711
87.18261
87.17839
87.19052
87.1943
87.20545
87.20715
87.21658
87.21897
87.2252
87.22992
87.23795
87.24026
87.24957
87.25272
87.25699
87.26553
87.26841
87.27557
87.28243
87.28947
87.29468
87.2997
87.30794
87.30893
87.32078
87.3182
87.33224
87.32986
87.34619
87.34087
87.35709
87.35351
87.37154
87.36316
87.38457
87.3849
87.397
87.3952
87.40437
87.4052
87.41779
87.41444
87.43103
87.42373
87.44231
87.43569
87.45262
87.44736
87.46677
87.4618
87.47602
87.47537
87.48827
87.48276
87.49867
87.49683
87.51456
87.5069
87.52838
87.51653
87.53839
87.53013
87.5487
87.5431
87.56189
87.55586
87.57118
87.56997
87.58412
87.58378
87.59331
87.59606
87.606
87.60632
87.61992
87.61659
87.63407
87.63512
87.64877
87.65366
87.66414
87.66517
87.67844
87.67439
87.69219
87.68409
87.704
87.69684
87.71846
87.71036
87.73226
87.72221
87.74151
87.73145
87.7518
87.74295
87.76343
87.75742
87.77374
87.76664
87.78545
87.77589
87.7957
87.78857
87.80492
87.80038
87.81413
87.80959
87.82391
87.81989
87.8332
87.82909
87.84653
87.83907
87.85371
87.84625
87.864
87.85548
87.87669
87.8647
87.88988
87.87621
87.90592
87.89718
87.9184
87.91319
87.9287
87.92748
87.94118
87.94064
87.95071
87.95212
87.96195
87.95952
87.96917
87.96875
87.97636
87.97899
87.98353
87.98823
87.99107
87.99744
87.9982
88.00771
88.00829
88.0169
88.01546
88.02429
88.02251
88.03148
88.02972
88.03865
88.03693
88.04582
88.04732
88.05305
88.0547
88.06025
88.06743
88.06744
88.07479
88.07664
88.08398
88.08401
88.09117
88.09505
88.0984
88.10239
88.10758
88.10957
88.11479
88.11677
88.12432
88.12399
88.13157
88.13119
88.14077
88.13838
88.14996
88.14561
88.15733
88.15738
88.16457
88.16765
88.17178
88.18038
88.18206
88.19485
88.19553
88.20658
88.20799
88.21836
88.22184
88.23288
88.23116
88.24091
88.24512
88.25268
88.26352
88.26431
88.27298
88.27158
88.28236
88.27892
88.29212
88.28615
88.30399
88.29571
88.31679
88.30594
88.32612
88.31621
88.33351
88.32702
88.34086
88.33418
88.35021
88.3415
88.35952
88.3586
88.36701
88.37074
88.37432
88.37991
88.38361
88.39311
88.39297
88.40487
88.40492
88.42025
88.41805
88.43581
88.43148
88.44572
88.44772
88.46108
88.46065
88.4748
88.47961
88.48211
88.49419
88.50123
88.50801
88.51093
88.53883
88.52587
88.55209
88.54182
88.56908
88.55611
88.58352
88.57729
88.60052
88.59029
88.60992
88.60564
88.62624
88.62404
88.63645
88.63536
88.65099
88.65475
88.66283
88.66584
88.67863
88.68334
88.69362
88.6968
88.70744
88.71269
88.71476
88.72011
88.72925
88.73294
88.74314
88.74027
88.75288
88.75408
88.76804
88.76864
88.77537
88.78551
88.79742
88.80997
88.82674
88.82095
88.85425
88.84991
88.86607
88.86172
88.88982
88.88383
88.90598
88.89824
88.92905
88.91964
88.96017
88.95046
88.9745
88.96662
88.99216
88.98844
89.00903
89.00793
89.02817
89.02226
89.0387
89.03513
89.05054
89.04741
89.05865
89.05804
89.07365
89.06901
89.08089
89.08144
89.09354
89.09106
89.10415
89.10297
89.11581
89.11168
89.1275
89.12316
89.13676
89.1385
89.14596
89.14874
89.15797
89.16212
89.16537
89.1693
89.17705
89.17849
89.18938
89.1877
89.19658
89.19686
89.20373
89.20402
89.21291
89.21314
89.22551
89.22033
89.23478
89.22952
89.2491
89.24123
89.26089
89.25148
89.27404
89.2617
89.28528
89.27673
89.29271
89.28928
89.31047
89.30133
89.31971
89.31167
89.33
89.32581
89.33924
89.33496
89.3485
89.34423
89.36053
89.35759
89.36797
89.3649
89.3783
89.37394
89.38986
89.38116
89.39728
89.39039
89.40448
89.40358
89.4137
89.41611
89.42088
89.42336
89.43011
89.43256
89.4375
89.4418
89.45924
89.45206
89.46658
89.46127
89.47577
89.46845
89.48499
89.47763
89.49422
89.48502
89.50472
89.49689
89.51396
89.50754
89.5232
89.51675
89.53247
89.52415
89.54472
89.5334
89.55215
89.54366
89.56245
89.55629
89.5749
89.56354
89.58414
89.57372
89.59341
89.58929
89.60701
89.5986
89.61446
89.61393
89.62943
89.62385
89.63689
89.63654
89.64867
89.64683
89.6625
89.65858
89.67521
89.67196
89.68694
89.68223
89.69729
89.69379
89.71182
89.70882
89.72287
89.71983
89.73632
89.72906
89.74552
89.74082
89.75823
89.75536
89.76743
89.76851
89.7799
89.78116
89.79156
89.79146
89.80406
89.80491
89.81503
89.81811
89.82848
89.83073
89.84023
89.84129
89.85217
89.84966
89.8595
89.87611
89.87472
89.88393
89.88488
89.89768
89.89932
89.91115
89.90663
89.92385
89.91693
89.93535
89.93092
89.94636
89.94267
89.95581
89.95003
89.96517
89.95927
89.9726
89.97841
89.98445
89.99242
89.99389
