0.008032691
0.007989609
0.0233971
0.02094948
0.03792986
0.03408059
0.05178579
0.04505923
0.06646099
0.05800901
0.07946459
0.07021105
0.09287059
0.08297504
0.1056369
0.09448955
0.117591
0.1070789
0.1298258
0.1158495
0.1439211
0.1296575
0.1565274
0.1416884
0.169069
0.1553171
0.1801307
0.166404
0.1927266
0.1729979
0.2039926
0.1832102
0.2185757
0.1946121
0.2331606
0.2057557
0.248573
0.2185203
0.2643914
0.2312784
0.2732014
0.2398881
0.2873845
0.2515127
0.2999279
0.2642519
0.3125695
0.278206
0.3257543
0.2917535
0.3367541
0.3043052
0.347852
0.3158865
0.3601806
0.3302487
0.3704225
0.3455211
0.3810931
0.3588478
0.3941694
0.3700538
0.4032173
0.3833408
0.4160546
0.3899514
0.4249981
0.398576
0.4381059
0.4113423
0.4484265
0.423315
0.4611826
0.4352834
0.471397
0.4470722
0.4837756
0.453729
0.4982961
0.4654681
0.5099897
0.4767388
0.5233958
0.4866635
0.5373724
0.4980842
0.5460225
0.5119296
0.5579159
0.5250043
0.5688323
0.5337499
0.5784633
0.5488161
0.593115
0.5630742
0.6057229
0.5754156
0.6193478
0.5886589
0.6315097
0.6003422
0.644039
0.6152749
0.6542595
0.6272081
0.6683193
0.6383996
0.6820334
0.6514639
0.6911626
0.665051
0.7063207
0.6796133
0.7183746
0.692604
0.7321534
0.6992708
0.7471199
0.7121958
0.7593921
0.7258766
0.7730922
0.740389
0.7863603
0.7533928
0.7999433
0.7652403
0.813414
0.7809379
0.8276532
0.7956647
0.8398112
0.8080124
0.8532568
0.8218055
0.867575
0.8304722
0.8820456
0.8437095
0.8947726
0.8574051
0.9078097
0.8713877
0.9184906
0.8857207
0.9328113
0.8993995
0.944971
0.911164
0.9604438
0.9254095
0.9720562
0.9396008
0.9886491
0.9507422
1.001959
0.9627399
1.013705
0.9792082
1.026844
0.9888081
1.04011
1.000593
1.053358
1.014474
1.069179
1.029384
1.081778
1.044984
1.095207
1.059933
1.106009
1.072464
1.12058
1.083402
1.134712
1.095526
1.148871
1.107993
1.15891
1.120936
1.169974
1.131324
1.183422
1.144263
1.194622
1.154783
1.20335
1.168291
1.216019
1.181583
1.227719
1.193795
1.236403
1.204649
1.243018
1.216403
1.249631
1.227065
1.261011
1.238527
1.267639
1.248089
1.276292
1.256766
1.284917
1.265726
1.293569
1.27247
1.302315
1.281114
1.313439
1.290536
1.322417
1.303304
1.333582
1.310255
1.340349
1.321033
1.346916
1.333048
1.353488
1.341862
1.360072
1.348633
1.368742
1.360191
1.377425
1.368784
1.386035
1.375372
1.392781
1.385626
1.399381
1.394225
1.408166
1.403752
1.417708
1.415521
1.426633
1.424569
1.433407
1.433258
1.43998
1.442135
1.44858
1.452233
1.455349
1.463401
1.465878
1.46998
1.475405
1.476534
1.484025
1.482963
1.492712
1.4916
1.503699
1.500634
1.510439
1.509667
1.517013
1.521387
1.523628
1.528122
1.535616
1.534533
1.544313
1.543599
1.553246
1.552909
1.560027
1.561732
1.569046
1.570499
1.577627
1.581017
1.584208
1.589664
1.592804
1.596254
1.599578
1.606356
1.608235
1.613114
1.617232
1.624064
1.625874
1.632699
1.634578
1.64133
1.643213
1.650017
1.660625
1.658663
1.672095
1.665261
1.678843
1.675195
1.687506
1.681965
1.696216
1.690789
1.706422
1.699456
1.713174
1.712057
1.722007
1.723844
1.734069
1.730595
1.744496
1.740507
1.759841
1.752996
1.766616
1.759757
1.77337
1.768463
1.782241
1.778662
1.793363
1.785282
1.799969
1.792031
1.806557
1.800793
1.815507
1.809641
1.824165
1.820247
1.832831
1.826982
1.839402
1.833588
1.845998
1.845648
1.854975
1.85226
1.864143
1.860912
1.874743
1.86956
1.883372
1.876127
1.892342
1.88486
1.901107
1.894889
1.912023
1.903518
1.924207
1.912192
1.932958
1.918986
1.941973
1.927682
1.950633
1.939992
1.962203
1.95196
1.968972
1.958693
1.975564
1.965449
1.984199
1.974101
1.992863
1.980857
2.001603
1.989499
2.010336
1.998123
2.01729
2.005057
2.02406
2.015382
2.03297
2.024848
2.039703
2.03439
2.046302
2.045429
2.05697
2.055893
2.065939
2.067774
2.074563
2.074366
2.083207
2.086372
2.089969
2.095057
2.098623
2.106257
2.107302
2.117723
2.118469
2.126785
2.131155
2.137293
2.137939
2.144041
2.150211
2.153079
2.159253
2.161781
2.168013
2.173621
2.178232
2.180367
2.18683
2.189053
2.195471
2.195811
2.204527
2.20705
2.213217
2.219106
2.222301
2.227837
2.228891
2.234618
2.237615
2.247045
2.244353
2.255739
2.250936
2.264424
2.259634
2.276147
2.269065
2.284852
2.278683
2.291611
2.289418
2.301715
2.29621
2.313698
2.304833
2.325833
2.313523
2.334964
2.322861
2.344882
2.329659
2.357557
2.33867
2.366282
2.347323
2.374947
2.354069
2.383566
2.362811
2.390359
2.373383
2.399964
2.380118
2.408918
2.386691
2.420784
2.395285
2.42737
2.404027
2.436024
2.412793
2.446019
2.423517
2.454738
2.430297
2.463806
2.439018
2.470554
2.447742
2.479208
2.45449
2.48905
2.463279
2.498689
2.471965
2.510382
2.480623
2.517153
2.489293
2.528271
2.498987
2.535024
2.50963
2.545338
2.516363
2.552115
2.522959
2.560977
2.532096
2.573767
2.538861
2.583406
2.54749
2.592078
2.556804
2.598647
2.563593
2.607299
2.572209
2.61738
2.578798
2.627998
2.590459
2.636669
2.602943
2.648292
2.611719
2.656979
2.620313
2.665937
2.626886
2.672691
2.635579
2.682443
2.644254
2.691431
2.650816
2.703101
2.657387
2.71177
2.66596
2.722357
2.67468
2.732446
2.686595
2.743779
2.695263
2.752444
2.706269
2.763646
2.713006
2.775235
2.719586
2.784428
2.726658
2.79513
2.735381
2.801978
2.744689
2.810679
2.753424
2.817263
2.765274
2.826271
2.778332
2.833196
2.787076
2.842137
2.795746
2.849091
2.804402
2.862211
2.811135
2.868976
2.817692
2.880762
2.826358
2.891328
2.832958
2.903506
2.839545
2.910242
2.850385
2.919042
2.860193
2.927927
2.869659
2.934677
2.878357
2.944335
2.88511
2.953107
2.891673
2.959864
2.898281
2.969074
2.907084
2.977828
2.916356
2.986548
2.923116
2.99329
2.931785
3.001975
2.943547
3.008575
2.950322
3.020612
2.960151
3.027364
2.969198
3.037796
2.975754
3.046736
2.984386
3.053507
2.995287
3.062486
3.003983
3.071084
3.015337
3.081228
3.02402
3.089839
3.030618
3.096573
3.037203
3.103139
3.047659
3.109702
3.056269
3.116275
3.064929
3.124955
3.07734
3.131505
3.085952
3.138105
3.092687
3.150075
3.101382
3.156705
3.108133
3.169663
3.116995
3.180625
3.129309
3.187425
3.136053
3.197869
3.144619
3.206925
3.155819
3.215724
3.162606
3.224363
3.171262
3.230953
3.177993
3.242824
3.184581
3.254488
3.196377
3.263163
3.208535
3.271741
3.218784
3.278479
3.231328
3.287501
3.242271
3.294263
3.250908
3.302876
3.259521
3.309626
3.266138
3.319834
3.276474
3.33057
3.283016
3.339207
3.289593
3.351865
3.29619
3.363702
3.302748
3.372279
3.30932
3.380901
3.317949
3.387695
3.326584
3.396333
3.336836
3.407129
3.345527
3.415672
3.356475
3.426188
3.36668
3.432761
3.373268
3.441355
3.383722
3.449946
3.392457
3.459156
3.404434
3.467739
3.411038
3.474662
3.423532
3.483499
3.432131
3.492064
3.441077
3.502868
3.452587
3.515415
3.461127
3.524348
3.469747
3.532873
3.477651
3.539631
3.484247
3.549281
3.496045
3.562746
3.504869
3.574816
3.516642
3.585853
3.526279
3.598261
3.534969
3.61155
3.54952
3.61819
3.560985
3.630473
3.574061
3.644231
3.582665
3.656739
3.592994
3.669326
3.605411
3.680153
3.615065
3.689822
3.623731
3.698602
3.635729
3.707253
3.647928
3.720204
3.657255
3.728804
3.667372
3.742881
3.679365
3.755935
3.685974
3.764595
3.699433
3.777828
3.713077
3.788021
3.722266
3.800009
3.736376
3.811656
3.749076
3.820946
3.759538
3.832493
3.768255
3.843729
3.781135
3.858053
3.787711
3.869292
3.796396
3.877959
3.807454
3.891386
3.818656
3.902673
3.829541
3.915091
3.838066
3.926222
3.846966
3.937874
3.859395
3.946461
3.871807
3.957538
3.884698
3.971413
3.896171
3.984984
3.909406
3.997654
3.923376
4.011006
3.936126
4.020791
3.946272
4.032457
3.955521
4.041024
3.968182
4.050557
3.978671
4.063394
3.987604
4.072289
4.001181
4.08401
4.010991
4.095689
4.022959
4.102259
4.029505
4.108676
4.038472
4.118401
4.052919
4.131188
4.064248
4.139869
4.076452
4.1484
4.087991
4.156988
4.10097
4.168002
4.114403
4.176954
4.125651
4.18862
4.137002
4.197314
4.146602
4.212193
4.156633
4.225172
4.168572
4.235599
4.179249
4.248713
4.190174
4.258673
4.200426
4.271866
4.20904
4.285353
4.21563
4.298353
4.22593
4.311734
4.239154
4.324329
4.25156
4.338311
4.26226
4.352727
4.275426
4.366256
4.289034
4.378818
4.304032
4.393595
4.319867
4.406151
4.335456
4.418467
4.349124
4.431513
4.363457
4.445933
4.376186
4.456549
4.385332
4.472126
4.403234
4.486407
4.416131
4.498805
4.441185
4.513733
4.460906
4.525515
4.475228
4.543279
4.503702
4.556616
4.518595
4.570432
4.535858
4.582409
4.54937
4.595465
4.563892
4.615212
4.578459
4.631999
4.59706
4.647249
4.608635
4.665843
4.615306
4.681661
4.629859
4.711737
4.647717
4.725641
4.658036
4.741866
4.67048
4.76087
4.682081
4.779852
4.694612
4.799737
4.710695
4.824395
4.725624
4.837066
4.740126
4.851541
4.753499
4.86693
4.774117
4.879611
4.791192
4.895666
4.807647
4.909143
4.823191
4.921276
4.841317
4.937405
4.859246
4.953936
4.877227
4.977912
4.892712
4.997662
4.909111
5.015445
4.926017
5.03744
4.943228
5.055109
4.96809
5.074663
4.986093
5.093374
5.008513
5.111228
5.029021
5.127125
5.046019
5.145738
5.06222
5.162737
5.082683
5.179396
5.095576
5.194688
5.108374
5.211859
5.13064
5.226659
5.146102
5.247225
5.165758
5.266756
5.183118
5.29887
5.210354
5.316803
5.227573
5.343335
5.254956
5.362295
5.28604
5.385497
5.308421
5.407733
5.335823
5.426575
5.365907
5.445391
5.39089
5.466572
5.427706
5.489934
5.447913
5.518533
5.46778
5.542522
5.493551
5.568865
5.517568
5.592665
5.556949
5.621127
5.579225
5.651032
5.595352
5.674376
5.62647
5.705696
5.653067
5.722899
5.702909
5.751636
5.787706
5.79386
5.81083
5.820497
5.856741
5.851442
5.888595
5.880041
5.915326
5.922103
5.944621
5.948592
5.973676
5.978016
5.994476
6.011784
6.059418
6.045389
6.097292
6.091424
6.121564
6.121429
6.156741
6.158389
6.176501
6.191947
6.239187
6.226429
6.262334
6.259226
6.31836
6.28978
6.3812
6.315554
6.402185
6.354159
6.430182
6.380096
6.460296
6.430176
6.492958
6.469009
6.541162
6.513916
6.591591
6.564115
6.641811
6.614068
6.69212
6.664411
6.742402
6.714645
6.792789
6.764283
6.89313
6.813972
6.943197
6.864043
6.992882
6.914421
7.043216
6.96455
7.093396
7.014813
7.14382
7.065105
7.193619
7.114769
7.294077
7.164905
7.344255
7.214637
7.394543
7.264298
7.444348
7.31447
7.494006
7.364099
7.593901
7.413835
7.644181
7.464213
7.693855
7.513946
7.743704
7.564265
7.793664
7.664414
7.84366
7.764829
7.893498
7.814876
7.943568
7.864826
7.993327
7.915281
8.043003
7.965653
8.092774
8.015537
8.142803
8.06529
8.192852
8.115212
8.242776
8.165214
8.293062
8.21502
8.343307
8.265148
8.393132
8.365479
8.443031
8.415126
8.492816
8.464781
8.543181
8.565414
8.593519
8.61524
8.643162
8.664948
8.693594
8.714879
8.74366
8.764656
8.793526
8.814915
8.843289
8.864541
8.893633
8.914208
8.94344
8.964312
8.993114
9.064178
9.042953
9.114462
9.092979
9.164773
9.142896
9.214399
9.193027
9.264112
9.242694
9.31447
9.292429
9.364706
9.342172
9.414734
9.441886
9.464972
9.491531
9.515997
9.541945
9.564841
9.591845
9.615298
9.641937
9.664923
9.691882
9.715329
9.742062
9.765708
9.791741
9.815759
9.842157
9.865662
9.8926
9.965278
9.942222
10.01556
9.992167
10.06519
10.04229
10.11488
10.0922
10.16499
10.14193
10.21537
10.192
10.26552
10.242
10.31528
10.29194
10.36556
10.34174
10.41598
10.39148
10.46576
10.4419
10.5162
10.49236
10.56631
10.54207
10.61636
10.59221
10.66616
10.64258
10.71665
10.69226
10.76644
10.74274
10.8163
10.79319
10.86601
10.84362
10.91577
10.89329
10.9655
10.94369
11.01544
10.99347
11.0651
11.0432
11.11491
11.09321
11.16468
11.14319
11.21477
11.19359
11.2651
11.24382
11.3151
11.2936
11.36517
11.34341
11.41547
11.39305
11.46521
11.49315
11.51489
11.54331
11.56499
11.59367
11.61533
11.64367
11.6654
11.69394
11.71575
11.74428
11.76556
11.79447
11.8155
11.84419
11.86572
11.89439
11.91553
11.94411
11.96536
11.97939
12.00996
12.02932
12.06022
12.07898
12.11048
12.12866
12.16052
12.17846
12.21048
12.22891
12.26014
12.27887
12.3098
12.32882
12.35953
12.37872
12.40926
12.42905
12.4592
12.47879
12.50907
12.52844
12.55873
12.57831
12.6088
12.6287
12.65854
12.67897
12.71001
12.72922
12.7594
12.77968
12.8098
12.82943
12.859
12.87912
12.90905
12.92916
12.95911
12.97919
13.00911
13.02919
13.05912
13.07959
13.10912
13.12965
13.15912
13.17978
13.2089
13.22985
13.25859
13.27962
13.30834
13.37916
13.35823
13.42884
13.40864
13.47871
13.45853
13.52842
13.50872
13.57877
13.55864
13.62863
13.60913
13.67836
13.65942
13.72808
13.7091
13.77837
13.75893
13.82803
13.80884
13.87781
13.85916
13.92787
13.90902
13.97837
13.95945
14.0281
14.05943
14.0784
14.10962
14.12864
14.15937
14.17876
14.20952
14.22842
14.25925
14.27881
14.30929
14.32909
14.3595
14.37873
14.40925
14.42906
14.4593
14.4787
14.50954
14.52867
14.55935
14.57865
14.60938
14.62914
14.65943
14.67912
14.70987
14.77961
14.76023
14.82928
14.81063
14.87953
14.86088
14.98015
14.9112
15.03047
14.96158
15.0808
15.01164
15.13115
15.062
15.18082
15.11163
15.23104
15.16131
15.2809
15.21022
15.33087
15.26066
15.38055
15.31048
15.43065
15.3602
15.48098
15.41049
15.5308
15.46074
15.58101
15.51123
15.63146
15.56143
15.68134
15.6118
15.7314
15.66207
15.78134
15.7124
15.83148
15.76281
15.88172
15.8125
15.93169
15.8629
15.98237
15.91451
16.03234
15.96309
16.08234
16.01349
16.13218
16.06383
16.18239
16.11308
16.23206
16.16353
16.28244
16.21382
16.33219
16.26395
16.38197
16.3142
16.43177
16.36393
16.4822
16.41417
16.53192
16.46393
16.58192
16.51385
16.63157
16.56418
16.68177
16.61464
16.73199
16.66464
16.78231
16.71498
16.83205
16.76525
16.88226
16.81528
16.93272
16.86544
16.98292
16.91505
17.03275
16.96532
17.08303
17.01581
17.13338
17.06567
17.18337
17.11597
17.23344
17.16597
17.28337
17.21639
17.33352
17.26632
17.38378
17.31667
17.4335
17.367
17.48316
17.41665
17.53277
17.46694
17.58302
17.51717
17.63331
17.56726
17.68321
17.61745
17.73338
17.6671
17.78322
17.71676
17.8334
17.76643
17.88338
17.81606
17.9333
17.86605
17.98337
17.91618
18.03344
17.96643
18.08346
18.01686
18.13314
18.06731
18.18288
18.11695
18.23323
18.16658
18.28289
18.26726
18.3327
18.31751
18.38244
18.36784
18.43213
18.41829
18.48183
18.46836
18.53147
18.51875
18.58119
18.56851
18.63101
18.619
18.68147
18.66908
18.7319
18.71912
18.78209
18.76936
18.83221
18.81975
18.88261
18.86958
18.93282
18.9192
18.9828
18.96964
19.03244
19.02004
19.08249
19.07027
19.13212
19.1204
19.18235
19.17017
19.23234
19.2202
19.28254
19.27029
19.33302
19.3709
19.38281
19.4224
19.43301
19.47116
19.48298
19.52106
19.53246
19.57141
19.58218
19.62087
19.63193
19.67082
19.68155
19.72081
19.7312
19.77041
19.78091
19.82065
19.83134
19.8703
19.88154
19.91992
19.9315
19.97021
19.98184
20.01985
20.0316
20.0698
20.08194
20.12014
20.13204
20.17019
20.18203
20.22006
20.23165
20.27012
20.28172
20.32029
20.33172
20.37035
20.38147
20.42061
20.43117
20.47062
20.48083
20.52078
20.53079
20.57107
20.58092
20.62134
20.63057
20.67111
20.68085
20.72131
20.73053
20.77167
20.78064
20.82152
20.83072
20.87188
20.88119
20.92203
20.93132
20.97179
21.03165
21.02214
21.08197
21.07188
21.13164
21.12204
21.18204
21.17184
21.23166
21.22153
21.28183
21.27185
21.33217
21.32194
21.38216
21.3722
21.43198
21.42196
21.48215
21.4723
21.53259
21.5225
21.63247
21.5728
21.68262
21.62312
21.73284
21.67317
21.78295
21.72332
21.83336
21.77338
21.88371
21.82371
21.93414
21.87406
21.98448
21.92446
22.03481
21.97455
22.0851
22.0249
22.13517
22.07512
22.18501
22.12493
22.23544
22.17519
22.28519
22.22559
22.335
22.27606
22.38502
22.3263
22.43517
22.37651
22.48536
22.42669
22.53506
22.47644
22.58475
22.52664
22.63448
22.56835
22.68455
22.61871
22.72747
22.66871
22.77768
22.71841
22.82766
22.76808
22.87746
22.81838
22.92774
22.86905
22.97809
22.91924
23.02798
23.01911
23.07773
23.0692
23.12754
23.11747
23.17728
23.16723
23.22772
23.21688
23.27752
23.26624
23.32802
23.3665
23.3784
23.41668
23.42809
23.46695
23.47828
23.5172
23.52812
23.56687
23.57808
23.61668
23.62786
23.66688
23.67827
23.71309
23.72825
23.76345
23.77811
23.81367
23.82811
23.86335
23.87798
23.91366
23.92759
23.96346
23.97773
24.01308
24.02784
24.06269
24.06071
24.11255
24.11093
24.16219
24.16086
24.21254
24.2109
24.26288
24.2606
24.31265
24.31054
24.36315
24.36099
24.41326
24.4108
24.46325
24.46119
24.51322
24.5108
24.56365
24.56125
24.61406
24.66143
24.66428
24.71156
24.71459
24.7619
24.76455
24.81195
24.8145
24.8622
24.86425
24.91242
24.91433
24.96292
24.96467
25.01317
25.0144
25.06283
25.06474
25.11256
25.11452
25.16239
25.16417
25.21219
25.21381
25.26226
25.26385
25.31192
25.31405
25.36216
25.36367
25.41179
25.414
25.46205
25.464
25.51224
25.51381
25.5619
25.56417
25.61175
25.61466
25.66184
25.6646
25.71195
25.71439
25.76207
25.76436
25.81205
25.81452
25.86218
25.86478
25.91246
25.91504
25.9627
25.96545
26.01294
26.01591
26.06327
26.0663
26.11295
26.11598
26.16334
26.16585
26.21354
26.21578
26.26364
26.26612
26.314
26.31796
26.36684
26.3667
26.4137
26.41678
26.46357
26.46694
26.51404
26.5163
26.56341
26.56635
26.61359
26.61674
26.66329
26.66681
26.71373
26.71705
26.76396
26.76716
26.81409
26.8171
26.8644
26.86735
26.91488
26.96728
26.96468
27.01747
27.01429
27.06757
27.06448
27.11788
27.1146
27.16801
27.16469
27.21847
27.21452
27.2689
27.26414
27.31908
27.31433
27.36943
27.36413
27.41987
27.41446
27.4703
27.46429
27.52066
27.51421
27.57044
27.56407
27.62074
27.61434
27.67055
27.66454
27.72068
27.71479
27.77057
27.76521
27.8206
27.81495
27.8704
27.86526
27.9207
27.91555
27.97059
27.96538
28.0207
28.01537
28.07093
28.06564
28.12076
28.11601
28.17103
28.21012
28.22065
28.24097
28.25899
28.29103
28.30761
28.33306
28.3506
28.38293
28.40034
28.43279
28.44954
28.48311
28.49922
28.53339
28.54932
28.58313
28.59925
28.63319
28.64926
28.68337
28.69941
28.73303
28.74953
28.78265
28.79952
28.83292
28.84958
28.88272
28.89955
28.93277
28.94991
28.98302
28.99964
29.033
29.04941
29.08282
29.0998
29.18302
29.15008
29.23335
29.19972
29.28358
29.24945
29.33403
29.29978
29.38402
29.34991
29.43432
29.40013
29.48415
29.44976
29.53408
29.4999
29.58375
29.54959
29.63368
29.59939
29.6839
29.64916
29.73354
29.69905
29.78376
29.74807
29.83281
29.7984
29.87123
29.84482
29.92101
29.89467
29.97225
29.94515
30.02114
29.99471
30.0715
30.0448
30.12193
30.09468
30.1714
30.14493
30.2213
30.19539
30.27168
30.24564
30.32213
30.29596
30.37241
30.34559
30.42242
30.39544
30.47221
30.4453
30.52248
30.49536
30.57212
30.54519
30.62214
30.59543
30.67248
30.64518
30.7222
30.69512
30.77234
30.74525
30.82207
30.79511
30.87201
30.84523
30.92249
30.89557
30.97276
30.94549
31.02283
30.99542
31.07276
31.04549
31.12307
31.09511
31.17309
31.14524
31.22342
31.19549
31.27386
31.24522
31.32353
31.2957
31.37345
31.34595
31.4238
31.44662
31.47379
31.49702
31.52422
31.54737
31.57407
31.59755
31.6167
31.63077
31.66315
31.67486
31.7136
31.71602
31.76375
31.76569
31.81415
31.81563
31.86399
31.86581
31.91365
31.91614
31.96394
31.96645
32.01401
32.0166
32.0642
32.06702
32.11451
32.11713
32.16423
32.16719
32.21439
32.21685
32.26453
32.26661
32.31474
32.31699
32.3644
32.36667
32.41467
32.41646
32.46474
32.46669
32.5149
32.51699
32.56466
32.56707
32.61472
32.61699
32.6644
32.66686
32.71427
32.71728
32.76427
32.76701
32.81465
32.81711
32.8651
32.86707
32.91544
32.91681
32.96508
32.96717
33.0153
33.01751
33.06532
33.06748
33.11506
33.11748
33.16518
33.16725
33.21498
33.21745
33.26559
33.26825
33.3155
33.31861
33.36586
33.36848
33.4157
33.41864
33.4655
33.4684
33.51512
33.51823
33.56561
33.56863
33.61555
33.61854
33.66525
33.66885
33.71509
33.7185
33.76552
33.76827
33.81549
33.81796
33.86514
33.86778
33.91516
33.91785
33.96487
33.96751
34.01514
34.01767
34.06548
34.06789
34.11515
34.11766
34.16497
34.16729
34.21534
34.21695
34.26498
34.2673
34.31475
34.31696
34.36444
34.36662
34.41457
34.41639
34.46436
34.46679
34.51448
34.51675
34.5647
34.56659
34.6146
34.61669
34.66454
34.66703
34.71456
34.71725
34.76456
34.76731
34.81493
34.81712
34.86533
34.86744
34.91507
34.91705
34.96483
34.96711
35.01529
35.01751
35.0656
35.06768
35.1158
35.11777
35.16615
35.16769
35.2166
35.21808
35.26623
35.26789
35.31596
35.31758
35.36629
35.36803
35.41599
35.41791
35.466
35.46815
35.51575
35.51777
35.56565
35.56821
35.61573
35.61797
35.66609
35.66824
35.71607
35.7181
35.76634
35.76776
35.81667
35.81804
35.86632
35.86767
35.91652
35.91802
35.96634
35.96767
36.01659
36.01759
36.0663
36.06783
36.1166
36.11796
36.16677
36.16813
36.21655
36.21854
36.26628
36.26836
36.31672
36.31815
36.36644
36.36852
36.41653
36.41871
36.46831
36.46832
36.51719
36.51842
36.56706
36.56878
36.61674
36.61888
36.66676
36.66853
36.76639
36.71827
36.8161
36.76796
36.86652
36.81761
36.91692
36.86758
36.96659
36.91762
37.01698
36.96734
37.06709
37.01754
37.11751
37.06762
37.16756
37.11739
37.21804
37.16761
37.26778
37.21785
37.31745
37.26834
37.36792
37.31831
37.41776
37.36818
37.46748
37.4182
37.51785
37.46864
37.56789
37.51886
37.61792
37.56887
37.66817
37.61907
37.71811
37.66924
37.76801
37.7196
37.81588
37.76919
37.86569
37.81927
37.91544
37.86937
37.95943
37.9192
38.00918
37.96953
38.05889
38.01959
38.10869
38.06979
38.15908
38.11958
38.20947
38.16976
38.25967
38.2201
38.30938
38.26978
38.35976
38.31957
38.4097
38.36992
38.45988
38.42013
38.51014
38.47042
38.56023
38.52082
38.61002
38.57049
38.66015
38.62062
38.7099
38.67075
38.76007
38.72071
38.81029
38.77105
38.86043
38.82083
38.91046
38.87054
38.96019
38.9209
39.01068
38.96952
39.04059
39.0149
39.09019
39.06485
39.14
39.11518
39.19003
39.16531
39.24019
39.21568
39.29058
39.25761
39.33705
39.30793
39.36489
39.3336
39.41013
39.3836
39.44418
39.42766
39.48064
39.45789
39.5096
39.48554
39.55246
39.52751
39.57635
39.56402
39.62365
39.60586
39.66455
39.68755
39.71487
39.73771
39.76487
39.78799
39.81499
39.83812
39.86517
39.88333
39.91502
39.93344
39.96528
39.98377
40.01688
40.03408
40.06567
40.08394
40.11584
40.13376
40.16604
40.18402
40.21547
40.23433
40.26524
40.28428
40.31564
40.33367
40.36537
40.38332
40.41507
40.43322
40.46485
40.483
40.51529
40.533
40.56544
40.58275
40.61511
40.63248
40.66505
40.68295
40.71492
40.73278
40.81437
40.78282
40.8648
40.83281
40.91525
40.88294
40.96545
40.9328
41.01585
40.98304
41.06564
41.03286
41.1156
41.08291
41.16584
41.13264
41.21618
41.18307
41.26645
41.23347
41.31631
41.28387
41.36659
41.3343
41.41683
41.38467
41.46717
41.43507
41.5175
41.48554
41.56791
41.5352
41.61758
41.58566
41.66785
41.63604
41.71812
41.68631
41.76791
41.73663
41.81798
41.78627
41.86788
41.83629
41.91821
41.88651
41.96841
41.93642
42.01865
41.98675
42.06907
42.03707
42.11869
42.08711
42.16841
42.1372
42.21865
42.187
42.26851
42.23699
42.31848
42.28709
42.36884
42.33676
42.41918
42.38699
42.46893
42.43697
42.51863
42.48669
42.56843
42.53644
42.61847
42.5863
42.6683
42.63612
42.71807
42.68655
42.76823
42.78665
42.81849
42.83649
42.86879
42.88651
42.9188
42.93625
42.96887
42.98652
43.01909
43.03637
43.06919
43.08643
43.11894
43.12849
43.16881
43.17847
43.21927
43.22849
43.26939
43.27863
43.31948
43.3288
43.36996
43.37921
43.42023
43.42924
43.46994
43.47963
43.52034
43.5294
43.57056
43.57915
43.62074
43.62931
43.6706
43.67984
43.72049
43.72994
43.77018
43.82941
43.82035
43.87951
43.87059
43.92915
43.92034
43.97921
43.97047
44.02912
44.02015
44.07914
44.06995
44.1294
44.12027
44.17983
44.1706
44.2303
44.2206
44.27994
44.27088
44.33009
44.32132
44.38026
44.37094
44.43035
44.42106
44.48035
44.47146
44.53072
44.52104
44.58045
44.57117
44.63036
44.62145
44.68045
44.67144
44.73065
44.7213
44.78074
44.77097
44.83069
44.82084
44.88052
44.8711
44.93045
44.9211
44.98042
44.97079
45.03044
45.02092
45.08051
45.07082
45.1302
45.12125
45.16931
45.17125
45.21912
45.22124
45.26891
45.27162
45.31899
45.32176
45.3687
45.37153
45.41871
45.42136
45.4688
45.47179
45.51892
45.52149
45.56931
45.57175
45.61971
45.62196
45.67
45.67211
45.72044
45.72245
45.77094
45.77216
45.82134
45.82255
45.87133
45.87255
45.92125
45.92236
45.97104
45.97238
46.02145
46.02209
46.07186
46.07251
46.12192
46.1227
46.17233
46.17234
46.22232
46.22275
46.27259
46.32283
46.32257
46.37307
46.37223
46.4232
46.42256
46.47334
46.47244
46.52376
46.52216
46.57389
46.57256
46.6242
46.62296
46.67448
46.67317
46.72464
46.72341
46.82561
46.77304
46.87537
46.82342
46.9253
46.87384
46.97521
46.92409
47.02494
46.97549
47.07509
47.02419
47.1254
47.07377
47.17559
47.12392
47.22602
47.17361
47.27647
47.22376
47.32647
47.2735
47.37626
47.32362
47.42614
47.37402
47.47606
47.42396
47.52594
47.47382
47.57573
47.52388
47.62541
47.57388
47.67538
47.62375
47.72553
47.67411
47.77526
47.72417
47.82492
47.77415
47.87528
47.87424
47.92515
47.92388
47.97535
47.9743
48.02512
48.02401
48.07508
48.07434
48.12482
48.12467
48.17445
48.17487
48.22448
48.22536
48.27486
48.27517
48.32527
48.32495
48.37534
48.37461
48.4251
48.47485
48.47546
48.52453
48.52512
48.5747
48.57554
48.62442
48.62541
48.67472
48.67548
48.72449
48.72592
48.77436
48.7758
48.82409
48.8258
48.87444
48.87577
48.92482
48.92564
48.97444
48.97571
49.02421
49.0256
49.07402
49.07578
49.12445
49.12547
49.17473
49.1754
49.27481
49.22531
49.32521
49.27496
49.37488
49.32516
49.42473
49.37484
49.47461
49.42451
49.52441
49.47463
49.57414
49.52503
49.624
49.57491
49.67364
49.62482
49.72351
49.6747
49.77326
49.72446
49.82352
49.77442
49.8734
49.8241
49.92364
49.87399
49.97404
49.92401
50.02392
49.97405
50.0739
50.02398
50.12514
50.12362
50.17353
50.17331
50.22333
50.22375
50.27393
50.2737
50.3239
50.32408
50.37372
50.37374
50.42409
50.42389
50.47385
50.47436
50.52365
50.524
50.57337
50.57443
50.62323
50.62482
50.67364
50.67496
50.72371
50.72529
50.77391
50.77553
50.82423
50.82517
50.87437
50.87537
50.92423
50.92504
50.97472
50.97515
51.02512
51.0252
51.07492
51.07529
51.12525
51.12514
51.17538
51.17514
51.22569
51.22497
51.27608
51.2754
51.32635
51.3256
51.37611
51.37562
51.42584
51.42606
51.47631
51.47596
51.52598
51.52587
51.57597
51.57619
51.62596
51.62652
51.67634
51.67624
51.72669
51.72594
51.77682
51.77625
51.82647
51.8264
51.8762
51.87605
51.92649
51.92609
51.97637
51.97595
52.02635
52.02586
52.07624
52.07571
52.1263
52.12581
52.17594
52.17548
52.226
52.22574
52.27642
52.27594
52.3262
52.32621
52.37652
52.37645
52.42629
52.42619
52.47676
52.47647
52.52641
52.52631
52.57629
52.57607
52.62601
52.62619
52.67576
52.67605
52.72609
52.72607
52.77602
52.77639
52.82605
52.82666
52.87641
52.8767
52.92617
52.9267
52.97614
52.96932
53.02298
53.01957
53.07305
53.06973
53.12327
53.11974
53.17361
53.16984
53.22408
53.2201
53.27428
53.26973
53.32395
53.31943
53.37397
53.36943
53.42419
53.41932
53.47461
53.46937
53.52421
53.51973
53.57398
53.56942
53.62381
53.61978
53.67374
53.66964
53.72384
53.71941
53.77367
53.76957
53.82404
53.81962
53.87371
53.86956
53.9237
53.91962
53.97374
53.96955
54.02411
54.01951
54.0739
54.06955
54.12436
54.11917
54.17443
54.16895
54.22433
54.21885
54.27465
54.26861
54.32505
54.31824
54.37516
54.36844
54.42543
54.41883
54.47513
54.4691
54.525
54.51949
54.57477
54.56964
54.62477
54.61929
54.67459
54.66902
54.72439
54.71921
54.77409
54.76909
54.82372
54.81949
54.87355
54.86953
54.92363
54.91962
54.97363
54.96962
55.02367
55.01962
55.07407
55.06993
55.12397
55.12003
55.17394
55.16968
55.22429
55.21968
55.27436
55.26999
55.32434
55.31999
55.37442
55.3698
55.42453
55.41999
55.47475
55.47042
55.52488
55.52055
55.57454
55.5704
55.62429
55.62053
55.6741
55.67102
55.72401
55.7214
55.77382
55.77113
55.82357
55.82086
55.87334
55.87061
55.92309
55.97125
55.97314
56.02098
56.02337
56.07135
56.07313
56.12178
56.12276
56.17188
56.17313
56.22187
56.22329
56.27164
56.27333
56.32137
56.32315
56.37143
56.37312
56.42165
56.42279
56.47172
56.47313
56.52145
56.52352
56.57188
56.57529
56.62199
56.62408
56.67243
56.67433
56.71797
56.71392
56.76793
56.76449
56.81801
56.81419
56.86819
56.8646
56.91793
56.91459
56.96769
56.96453
57.0182
57.01462
57.06806
57.06461
57.11816
57.11506
57.16806
57.16518
57.21779
57.21504
57.26823
57.26511
57.31858
57.31478
57.36836
57.41518
57.41803
57.46537
57.46777
57.51535
57.51773
57.56567
57.56766
57.61564
57.61717
57.66598
57.66682
57.7164
57.71592
57.76664
57.76633
57.81706
57.81662
57.86724
57.86645
57.91729
57.91683
57.96727
57.96649
58.01691
58.01636
58.06671
58.06641
58.11673
58.11631
58.1668
58.16658
58.21684
58.21623
58.26697
58.26611
58.31731
58.31616
58.3676
58.36584
58.41759
58.41557
58.46784
58.46522
58.51757
58.51555
58.5675
58.56541
58.6179
58.61577
58.66839
58.66548
58.71879
58.71575
58.76925
58.76624
58.81931
58.81668
58.86966
58.86636
58.91939
58.91627
58.96938
58.96633
59.01917
59.01674
59.06951
59.06644
59.11988
59.1162
59.17002
59.16608
59.2197
59.21646
59.27008
59.26637
59.32008
59.31656
59.36995
59.36617
59.42025
59.4159
59.47036
59.46552
59.52047
59.51519
59.57051
59.5652
59.6208
59.61498
59.67044
59.66532
59.72011
59.71532
59.76982
59.76618
59.82011
59.81615
59.87042
59.86629
59.92077
59.91688
59.97384
59.96681
60.02082
60.01671
60.07099
60.06648
60.1215
60.11612
60.17154
60.16654
60.2212
60.21698
60.27136
60.26672
60.32157
60.31667
60.37123
60.36706
60.42128
60.41684
60.47095
60.46703
60.52108
60.51719
60.57141
60.56705
60.62183
60.61738
60.67146
60.66704
60.72113
60.71728
60.77096
60.76714
60.82058
60.81751
60.8706
60.86787
60.92035
60.91798
60.97013
60.96797
61.01995
61.01811
61.07042
61.06853
61.1208
61.11845
61.17055
61.1682
61.22066
61.21826
61.27078
61.26858
61.32104
61.31826
61.37112
61.36843
61.42124
61.41848
61.47139
61.46886
61.52188
61.51917
61.57221
61.56944
61.62208
61.61972
61.67187
61.66935
61.72173
61.71966
61.77139
61.77003
61.8213
61.81985
61.87132
61.87016
61.92106
61.92044
61.97077
61.97082
62.02044
62.02056
62.07018
62.07044
62.11998
62.12016
62.16977
62.16983
62.2202
62.21969
62.27066
62.27018
62.32104
62.31995
62.3714
62.37024
62.42157
62.4199
62.47165
62.47017
62.52129
62.51998
62.57098
62.56984
62.62129
62.62004
62.67172
62.67024
62.72211
62.71995
62.77172
62.77015
62.82205
62.82048
62.8717
62.87062
62.92212
62.92084
62.97183
62.97101
63.02206
63.02069
63.0717
63.07066
63.12192
63.12093
63.17169
63.17144
63.22205
63.2213
63.27245
63.27129
63.32238
63.32137
63.37244
63.37164
63.4215
63.42157
63.47137
63.47148
63.52168
63.5211
63.57135
63.57109
63.62142
63.62142
63.67124
63.67168
63.72157
63.722
63.77135
63.77201
63.82177
63.82206
63.87162
63.87225
63.92136
63.92274
63.97111
63.9724
64.0208
64.02234
64.07124
64.07205
64.12109
64.12186
64.17101
64.17172
64.22087
64.2216
64.271
64.27141
64.32122
64.32119
64.37143
64.37093
64.4216
64.42065
64.47148
64.44915
64.51833
64.49878
64.5517
64.53368
64.60173
64.58378
64.64023
64.63348
64.68993
64.68308
64.73593
64.73328
64.78564
64.78365
64.83566
64.83344
64.88618
64.8833
64.93607
64.93301
64.98602
64.98347
65.03568
65.03374
65.08575
65.08364
65.13588
65.13398
65.18593
65.18439
65.23586
65.23405
65.28597
65.2837
65.33615
65.31438
65.37714
65.35625
65.42525
65.39299
65.47488
65.44299
65.51532
65.49059
65.56559
65.54106
65.61535
65.6414
65.66581
65.6916
65.71625
65.74179
65.76614
65.79216
65.81661
65.84209
65.86633
65.89252
65.91619
65.94273
65.96604
65.99306
66.01637
66.04292
66.06671
66.09264
66.11699
66.14255
66.1671
66.19291
66.21684
66.24328
66.26663
66.29331
66.31625
66.34338
66.36654
66.39322
66.41653
66.44302
66.46671
66.49277
66.51685
66.54308
66.56651
66.59356
66.61629
66.64375
66.66653
66.69363
66.71692
66.74347
66.76679
66.79317
66.81813
66.84349
66.86716
66.89351
66.91739
66.94381
66.96752
66.99414
67.01699
67.04444
67.06734
67.09468
67.11697
67.14434
67.16709
67.19469
67.21671
67.24442
67.26692
67.29411
67.31737
67.34444
67.36722
67.39423
67.41761
67.44409
67.46778
67.49377
67.51789
67.5434
67.56751
67.5937
67.61729
67.64414
67.66698
67.69454
67.71663
67.74454
67.76637
67.79418
67.81613
67.84435
67.86603
67.89473
67.91637
67.945
67.96655
67.99542
68.01624
68.04575
68.06597
68.09586
68.11568
68.14598
68.16576
68.19617
68.21568
68.24642
68.26535
68.29642
68.31546
68.34645
68.36562
68.39677
68.41582
68.44727
68.46547
68.4977
68.51555
68.54774
68.56581
68.59753
68.61563
68.64752
68.66595
68.69715
68.71614
68.74738
68.76583
68.79705
68.81615
68.84717
68.86603
68.89745
68.91602
68.94767
68.96574
68.99777
69.01619
69.04778
69.06585
69.09743
69.11572
69.1459
69.16551
69.19586
69.20378
69.24566
69.25351
69.2957
69.29978
69.3429
69.38152
69.38992
69.43147
69.43996
69.48138
69.4903
69.53181
69.5403
69.58145
69.59025
69.63107
69.63997
69.68088
69.6896
69.73059
69.73999
69.78026
69.79043
69.82995
69.84065
69.87974
69.89105
69.92947
69.94071
69.97919
69.99117
70.02944
70.04096
70.07933
70.09138
70.12907
70.14143
70.17917
70.19164
70.22927
70.24472
70.2796
70.29164
70.32996
70.34221
70.38023
70.39218
70.4301
70.44192
70.48061
70.49158
70.5308
70.51411
70.58085
70.56408
70.63067
70.61437
70.68039
70.71375
70.73071
70.76358
70.78065
70.81324
70.83031
70.86307
70.88019
70.91344
70.93003
70.96342
70.97989
71.01318
71.02975
71.06338
71.07998
71.11369
71.12985
71.16364
71.1797
71.21349
71.22956
71.26343
71.27925
71.31355
71.32903
71.36368
71.37885
71.41369
71.42898
71.46375
71.47884
71.51363
71.51903
71.56329
71.5669
71.61346
71.61657
71.66319
71.66644
71.71208
71.71618
71.75836
71.75665
71.80592
71.7973
71.85593
71.84701
71.9063
71.89124
71.95612
71.9415
72.00652
71.99123
72.05692
72.0415
72.10735
72.09129
72.15715
72.14096
72.20734
72.19141
72.25708
72.24181
72.30692
72.29156
72.35674
72.34129
72.40681
72.39095
72.45648
72.44134
72.50641
72.49172
72.55621
72.54189
72.60654
72.59227
72.65678
72.64208
72.70675
72.6918
72.75654
72.74143
72.80695
72.79128
72.85731
72.84172
72.90752
72.89168
72.95788
72.94147
73.00819
72.99129
73.05786
73.04099
73.10797
73.09121
73.15839
73.14146
73.20813
73.19112
73.25853
73.24146
73.30838
73.29179
73.35886
73.34209
73.40859
73.39246
73.45847
73.44272
73.50893
73.49306
73.55917
73.54352
73.60935
73.59374
73.65974
73.64402
73.70983
73.6944
73.75957
73.79472
73.80996
73.84481
73.86015
73.89505
73.91033
73.94651
73.96006
73.99515
74.01015
74.0452
74.06057
74.09579
74.11055
74.14507
74.16079
74.19479
74.21083
74.24447
74.26052
74.29445
74.31026
74.34417
74.3605
74.39431
74.41032
74.44473
74.45995
74.495
74.51023
74.545
74.56004
74.59473
74.60995
74.64503
74.66033
74.6953
74.71001
74.74502
74.7597
74.79473
74.80943
74.84436
74.85976
74.89411
74.90954
74.94451
74.95923
74.99451
75.00963
75.04433
75.05947
75.09396
75.10942
75.14417
75.15947
75.19415
75.20921
75.24419
75.25895
75.29446
75.30917
75.34456
75.3596
75.39484
75.40981
75.44531
75.45953
75.49544
75.50934
75.54581
75.55933
75.59588
75.60954
75.64621
75.65937
75.69641
75.70917
75.74613
75.75887
75.79598
75.80862
75.84638
75.8586
75.89655
75.9086
75.94695
75.95856
75.99687
76.00852
76.04729
76.05846
76.09721
76.10875
76.14696
76.15853
76.19667
76.20896
76.24673
76.25867
76.29682
76.30861
76.34667
76.35861
76.39636
76.40834
76.4463
76.45833
76.49673
76.5084
76.54679
76.55872
76.59724
76.60878
76.64694
76.65866
76.69712
76.75918
76.74733
76.80895
76.79782
76.85854
76.84828
76.90855
76.89821
76.95887
76.94862
77.00933
76.99861
77.059
77.04858
77.11095
77.09819
77.15928
77.14809
77.20888
77.19813
77.25894
77.24792
77.30891
77.29776
77.35905
77.34805
77.40923
77.39795
77.45937
77.44785
77.50938
77.49758
77.55931
77.54728
77.60949
77.59705
77.65936
77.64711
77.7094
77.69745
77.75903
77.74713
77.80927
77.7976
77.85957
77.84791
77.90996
77.8982
77.95979
77.94794
78.00948
77.99837
78.05942
78.0481
78.10918
78.09772
78.15881
78.14791
78.20901
78.19825
78.25919
78.24825
78.30961
78.29703
78.35934
78.33438
78.40918
78.38412
78.45937
78.43407
78.50948
78.48399
78.55965
78.53374
78.60992
78.58356
78.65989
78.63386
78.71029
78.68358
78.76076
78.73359
78.80189
78.7832
78.8522
78.83308
78.90247
78.8827
78.95225
78.93313
79.00227
78.98296
79.05191
79.03323
79.10184
79.08298
79.15193
79.13279
79.20179
79.18276
79.25178
79.23289
79.30186
79.28333
79.35222
79.33317
79.40203
79.38289
79.4523
79.43271
79.50241
79.48235
79.55276
79.53224
79.60275
79.58262
79.65276
79.63264
79.70293
79.68262
79.75279
79.73271
79.79845
79.76511
79.84828
79.81535
79.89809
79.86521
79.94801
79.91555
79.99779
79.96545
80.04815
80.01564
80.09793
80.06567
80.14851
80.11603
80.19839
80.16611
80.24793
80.21782
80.29794
80.26669
80.34795
80.31707
80.39772
80.36703
80.44767
80.41708
80.49788
80.46703
80.54814
80.51716
80.59828
80.5676
80.64818
80.61746
80.69794
80.66766
80.74764
80.71762
80.79781
80.76775
80.84787
80.81819
80.89761
80.91779
80.94724
80.96779
80.99708
81.01801
81.04711
81.06796
81.0973
81.11808
81.14701
81.16808
81.19687
81.21807
81.24686
81.26812
81.29678
81.31829
81.39691
81.36815
81.44678
81.41835
81.47917
81.46876
81.52917
81.51273
81.57911
81.56255
81.62926
81.6124
81.67899
81.66222
81.72894
81.71185
81.7789
81.76186
81.82884
81.81171
81.8789
81.86158
81.92878
81.91128
81.97919
81.96101
82.02896
82.0114
82.0787
82.06127
82.12865
82.11106
82.17843
82.16098
82.22849
82.21113
82.27829
82.2611
82.32809
82.31086
82.37815
82.36073
82.42849
82.41113
82.47823
82.46098
82.52816
82.51084
82.57809
82.56133
82.62794
82.61122
82.67822
82.66165
82.72804
82.712
82.77775
82.76242
82.82748
82.81205
82.87756
82.86215
82.9274
82.91222
82.97768
82.96249
83.02784
83.01244
83.07791
83.06223
83.12769
83.11216
83.17407
83.16204
83.22586
83.21169
83.27444
83.2617
83.32444
83.31205
83.37402
83.36353
83.42376
83.41218
83.47343
83.4625
83.52334
83.51239
83.5733
83.56203
83.62332
83.61185
83.67336
83.66184
83.72317
83.71223
83.77362
83.76241
83.8233
83.81281
83.87337
83.8631
83.92381
83.91341
83.97405
83.96313
84.02374
84.01294
84.07415
84.06257
84.12389
84.1127
84.17361
84.16234
84.22385
84.2124
84.27393
84.26215
84.32368
84.31184
84.37379
84.36163
84.42359
84.4115
84.47334
84.46128
84.52325
84.51134
84.57325
84.56137
84.62325
84.61102
84.67334
84.66071
84.72314
84.71108
84.77354
84.76156
84.82391
84.81195
84.87435
84.8616
84.92454
84.91134
84.97473
84.96113
85.02513
85.01093
85.47478
85.06086
85.52528
85.11068
85.57506
85.16113
85.62043
85.21141
85.66245
85.26159
85.71079
85.31186
85.76083
85.36214
85.81
85.41239
85.8427
85.46249
85.8821
85.51259
85.91636
85.56274
85.9403
85.61305
85.96465
85.66287
85.99219
85.70934
86.01712
85.75925
86.05738
85.80485
86.09684
85.84973
86.12872
85.88951
86.16582
85.93946
86.19833
85.98517
86.21822
86.01868
86.24065
86.04718
86.26536
86.08592
86.28424
86.12206
86.30071
86.16333
86.31964
86.1988
86.34736
86.24181
86.39211
86.2814
86.42779
86.31473
86.46925
86.33719
86.49422
86.35954
86.52345
86.3889
86.54922
86.41114
86.57171
86.43247
86.59238
86.45458
86.60706
86.46819
86.61912
86.48687
86.63097
86.50393
86.64607
86.5189
86.66003
86.53114
86.67558
86.54569
86.69065
86.55786
86.70305
86.57153
86.71755
86.58347
86.72678
86.59818
86.74226
86.61546
86.75775
86.62672
86.77155
86.63953
86.78525
86.65165
86.79862
86.66393
86.81095
86.67074
86.82256
86.68474
86.8313
86.69154
86.84496
86.70461
86.85864
86.71263
86.87238
86.723
86.88592
86.73584
86.8955
86.77934
86.90978
86.78873
86.92309
86.79874
86.93504
86.81213
86.94824
86.82127
86.96117
86.83405
86.97085
86.8466
86.98724
86.86176
86.9994
86.87584
87.01091
86.88705
87.01785
86.89946
87.03114
86.90643
87.04197
86.9152
87.05553
86.92836
87.06973
86.94025
87.08271
86.96733
87.09509
86.97784
87.11078
86.98491
87.12318
86.99851
87.13771
87.01202
87.14488
87.02375
87.1588
87.03675
87.17431
87.04875
87.1901
87.05782
87.20557
87.07108
87.21645
87.08372
87.22391
87.11015
87.23804
87.22626
87.24976
87.23571
87.26611
87.2503
87.2773
87.27015
87.29416
87.28378
87.30584
87.29636
87.32142
87.30869
87.33144
87.31966
87.34297
87.33286
87.35582
87.34551
87.36547
87.36092
87.37981
87.37155
87.39185
87.38573
87.40636
87.39962
87.42051
87.40936
87.43153
87.42466
87.44337
87.44299
87.45866
87.45786
87.47254
87.46645
87.48523
87.47961
87.49457
87.49357
87.50732
87.50332
87.52069
87.51732
87.53555
87.52852
87.54662
87.54163
87.56234
87.55437
87.57577
87.56716
87.58477
87.57655
87.6007
87.59012
87.61104
87.6047
87.62267
87.61366
87.63674
87.62116
87.64417
87.63376
87.65762
87.64412
87.66953
87.65809
87.68124
87.67072
87.69461
87.68166
87.7021
87.69325
87.71393
87.72363
87.72794
87.73289
87.73866
87.75145
87.75222
87.75895
87.76493
87.76881
87.77597
87.77622
87.78873
87.79276
87.80137
87.80018
87.81065
87.80945
87.82241
87.81979
87.82989
87.82903
87.84016
87.83825
87.84939
87.8475
87.85679
87.85671
87.8661
87.86394
87.87961
87.87424
87.893
87.88769
87.90799
87.90263
87.91669
87.92029
87.9314
87.93087
87.94383
87.94231
87.95107
87.95156
87.9583
87.96145
87.96555
87.97356
87.97279
87.98694
87.98203
87.99723
87.99128
88.00753
88.00056
88.01782
88.0098
88.02708
88.01907
88.03635
88.0283
88.04562
88.03557
88.05828
88.04607
88.06567
88.0553
88.07291
88.06458
88.08215
88.07383
88.09145
88.0811
88.09868
88.09129
88.10578
88.0988
88.11501
88.1133
88.12241
88.12255
88.12968
88.13352
88.13894
88.14379
88.14618
88.15123
88.15548
88.16579
88.16477
88.17748
88.17657
88.19202
88.19168
88.20393
88.20504
88.21563
88.21893
88.22398
88.23155
88.24162
88.24623
88.24896
88.25597
88.26407
88.27036
88.27616
88.27771
88.29072
88.2893
88.30215
88.29871
88.31078
88.30591
88.32003
88.31514
88.32929
88.32688
88.33853
88.33858
88.34882
88.34776
88.35976
88.35511
88.36899
88.36209
88.37633
88.36923
88.38549
88.3764
88.39269
88.38564
88.40233
88.40437
88.41405
88.41442
88.42816
88.42784
88.44375
88.43521
88.46114
88.44901
88.47039
88.46088
88.47969
88.47757
88.49474
88.48491
88.50211
88.49522
88.51547
88.51108
88.52709
88.5183
88.53628
88.533
88.55128
88.54733
88.5646
88.55469
88.58665
88.56924
88.59426
88.58303
88.63202
88.61429
88.64271
88.63209
88.65919
88.64657
88.66853
88.65913
88.68446
88.66977
88.69815
88.67902
88.70552
88.69168
88.71955
88.70092
88.72682
88.7209
88.73682
88.73014
88.74939
88.73735
88.75875
88.75493
88.77639
88.7699
88.79092
88.77996
88.80589
88.80352
88.82698
88.81526
88.83961
88.83577
88.87355
88.8476
88.88706
88.88063
88.90668
88.8967
88.92818
88.92146
88.95833
88.93939
88.98045
88.96921
89.00011
88.98192
89.02088
89.00492
89.03603
89.02097
89.0529
89.03612
89.06635
89.04958
89.07981
89.06539
89.09045
89.0758
89.10626
89.08756
89.11359
89.09712
89.12608
89.10634
89.13531
89.11803
89.14701
89.12974
89.15404
89.14142
89.1679
89.15066
89.17454
89.1599
89.18371
89.16839
89.19086
89.17571
89.19948
89.18525
89.21031
89.19442
89.21766
89.20358
89.22681
89.2104
89.23699
89.22074
89.24435
89.23239
89.25604
89.23976
89.26337
89.25152
89.2726
89.25892
89.28183
89.2712
89.29437
89.28147
89.30761
89.29072
89.31947
89.29996
89.32872
89.31019
89.33617
89.31756
89.34644
89.32925
89.3538
89.33665
89.36105
89.34389
89.3683
89.35422
89.37553
89.36591
89.38472
89.37328
89.39214
89.38029
89.40393
89.39102
89.41385
89.39841
89.42107
89.40761
89.43288
89.41478
89.44434
89.422
89.45354
89.4292
89.46074
89.43639
89.46799
89.44358
89.4752
89.4528
89.48473
89.46017
89.49194
89.47184
89.50119
89.47904
89.5085
89.48936
89.52287
89.50095
89.5303
89.51018
89.54078
89.51942
89.54817
89.53108
89.55846
89.53846
89.56773
89.54871
89.57497
89.55612
89.58527
89.56532
89.59401
89.57455
89.60426
89.58632
89.61151
89.59954
89.6218
89.60676
89.63211
89.61848
89.64239
89.62585
89.6516
89.63728
89.6608
89.64902
89.67092
89.66137
89.68298
89.6706
89.69025
89.68091
89.702
89.69428
89.7137
89.70596
89.72303
89.72935
89.74072
89.74268
89.74998
89.75008
89.76545
89.76346
89.77722
89.77079
89.79273
89.78415
89.80258
89.79149
89.8112
89.80489
89.8246
89.82001
89.83894
89.83284
89.85113
89.84235
89.86436
89.85447
89.87724
89.8698
89.88911
89.88298
89.89977
89.89101
89.91473
89.90364
89.92198
89.91093
89.93329
89.92368
89.94254
89.93427
89.95427
89.9538
89.96484
89.96406
89.97207
89.97328
89.98233
89.98351
89.99157
90.00014
