0.008065573
0.008032691
0.02841514
0.0233971
0.03660229
0.03792986
0.052354
0.05178579
0.06757242
0.06646099
0.07976843
0.07946459
0.09557828
0.09287059
0.1036232
0.1056369
0.1102443
0.117591
0.1243627
0.1298258
0.1400352
0.1439211
0.1487457
0.1565274
0.1623641
0.169069
0.1778343
0.1801307
0.1908008
0.1927266
0.2046649
0.2039926
0.2167752
0.2185757
0.2289643
0.2331606
0.2419539
0.248573
0.2554806
0.2643914
0.2685514
0.2732014
0.2816301
0.2873845
0.2953003
0.2999279
0.3094187
0.3125695
0.3219582
0.3257543
0.3356953
0.3367541
0.3500636
0.347852
0.3680965
0.3601806
0.3783278
0.3704225
0.3884305
0.3810931
0.4028645
0.3941694
0.4168267
0.4032173
0.4268953
0.4160546
0.435608
0.4249981
0.4492155
0.4381059
0.4638779
0.4484265
0.4770814
0.4611826
0.4906728
0.471397
0.5035539
0.4837756
0.5170933
0.4982961
0.5292345
0.5099897
0.5412134
0.5233958
0.5532591
0.5373724
0.5680127
0.5460225
0.5808043
0.5579159
0.5922144
0.5688323
0.6040058
0.5784633
0.6167366
0.593115
0.6258345
0.6057229
0.6398714
0.6193478
0.6523483
0.6315097
0.6655312
0.644039
0.6788998
0.6542595
0.6936287
0.6683193
0.7022613
0.6820334
0.7090616
0.6911626
0.7208801
0.7063207
0.7296299
0.7183746
0.7449606
0.7321534
0.7580894
0.7471199
0.7706083
0.7593921
0.7832827
0.7730922
0.7926744
0.7863603
0.8060243
0.7999433
0.819944
0.813414
0.8269443
0.8276532
0.8401896
0.8398112
0.851535
0.8532568
0.8651515
0.867575
0.8746638
0.8820456
0.8842806
0.8947726
0.897934
0.9078097
0.9110715
0.9184906
0.9268958
0.9328113
0.9400602
0.944971
0.9501932
0.9604438
0.9588806
0.9720562
0.9740051
0.9886491
0.9869243
1.001959
0.9992965
1.013705
1.010425
1.026844
1.025946
1.04011
1.039629
1.053358
1.054947
1.069179
1.067603
1.081778
1.079795
1.095207
1.093494
1.106009
1.112261
1.12058
1.125589
1.134712
1.13927
1.148871
1.156353
1.15891
1.169407
1.169974
1.183825
1.183422
1.197425
1.194622
1.209618
1.20335
1.21822
1.216019
1.224989
1.227719
1.234116
1.236403
1.246353
1.243018
1.257728
1.249631
1.270979
1.261011
1.277723
1.267639
1.284325
1.276292
1.2934
1.284917
1.304224
1.293569
1.310816
1.302315
1.319424
1.313439
1.328343
1.322417
1.339055
1.333582
1.347684
1.340349
1.356355
1.346916
1.366956
1.353488
1.373708
1.360072
1.382319
1.368742
1.390954
1.377425
1.39967
1.386035
1.408553
1.392781
1.418986
1.399381
1.427586
1.408166
1.434378
1.417708
1.444088
1.426633
1.450859
1.433407
1.460539
1.43998
1.467329
1.44858
1.477944
1.455349
1.486608
1.465878
1.493353
1.475405
1.504711
1.484025
1.511468
1.492712
1.520086
1.503699
1.529419
1.510439
1.538071
1.517013
1.547081
1.523628
1.555748
1.535616
1.564525
1.544313
1.571085
1.553246
1.579687
1.560027
1.586439
1.569046
1.593003
1.577627
1.599451
1.584208
1.608115
1.592804
1.616732
1.599578
1.625382
1.608235
1.634977
1.617232
1.643679
1.625874
1.652333
1.634578
1.66095
1.643213
1.670074
1.651863
1.67907
1.660625
1.687778
1.672095
1.699751
1.678843
1.70844
1.687506
1.717238
1.696216
1.72964
1.706422
1.739267
1.713174
1.747864
1.722007
1.754435
1.734069
1.76118
1.744496
1.767793
1.751242
1.774372
1.759841
1.783034
1.766616
1.791636
1.77337
1.798415
1.782241
1.804991
1.793363
1.811748
1.799969
1.8204
1.806557
1.826988
1.815507
1.836175
1.824165
1.844814
1.832831
1.851578
1.839402
1.860259
1.845998
1.868936
1.854975
1.877578
1.864143
1.88431
1.874743
1.890882
1.883372
1.899637
1.892342
1.908727
1.901107
1.915669
1.912023
1.927045
1.924207
1.93385
1.932958
1.944993
1.941973
1.953934
1.950633
1.9605
1.962203
1.967116
1.968972
1.975788
1.975564
1.985796
1.984199
1.992535
1.992863
1.998981
2.001603
2.005546
2.010336
2.014364
2.01729
2.027012
2.02406
2.033678
2.03297
2.0423
2.039703
2.049065
2.046302
2.060931
2.05697
2.067715
2.065939
2.076323
2.074563
2.082913
2.083207
2.093737
2.089969
2.10241
2.098623
2.10917
2.107302
2.119466
2.118469
2.128114
2.131155
2.138563
2.137939
2.147209
2.150211
2.156538
2.159253
2.165575
2.168013
2.178467
2.178232
2.185918
2.18683
2.192506
2.195471
2.203522
2.204527
2.210276
2.213217
2.220849
2.222301
2.231982
2.228891
2.240742
2.237615
2.251175
2.244353
2.259854
2.250936
2.27296
2.259634
2.28532
2.269065
2.292059
2.278683
2.298661
2.289418
2.305226
2.29621
2.311807
2.304833
2.321425
2.313523
2.328173
2.322861
2.336798
2.329659
2.345706
2.33867
2.355785
2.347323
2.364431
2.354069
2.374628
2.362811
2.381363
2.373383
2.387932
2.380118
2.39452
2.386691
2.403599
2.395285
2.414732
2.404027
2.423429
2.412793
2.430205
2.423517
2.439046
2.430297
2.447651
2.439018
2.454558
2.447742
2.461297
2.45449
2.468089
2.463279
2.47727
2.471965
2.484003
2.480623
2.49058
2.489293
2.497186
2.498987
2.50378
2.50963
2.515108
2.516363
2.521863
2.522959
2.530956
2.532096
2.539637
2.538861
2.548329
2.54749
2.556958
2.556804
2.567001
2.563593
2.575828
2.572209
2.582601
2.578798
2.595646
2.590459
2.606508
2.602943
2.614112
2.611719
2.625644
2.620313
2.635914
2.626886
2.642493
2.635579
2.65366
2.644254
2.662401
2.650816
2.669155
2.657387
2.679574
2.66596
2.688192
2.67468
2.696908
2.686595
2.70545
2.695263
2.714133
2.706269
2.72092
2.713006
2.733168
2.719586
2.739918
2.726658
2.750132
2.735381
2.756732
2.744689
2.765753
2.753424
2.774361
2.765274
2.783086
2.778332
2.792665
2.787076
2.801306
2.795746
2.809931
2.804402
2.818749
2.811135
2.827387
2.817692
2.836128
2.826358
2.842695
2.832958
2.851372
2.839545
2.860086
2.850385
2.868825
2.860193
2.877798
2.869659
2.884398
2.878357
2.895356
2.88511
2.904112
2.891673
2.916389
2.898281
2.925646
2.907084
2.932264
2.916356
2.942784
2.923116
2.951433
2.931785
2.958329
2.943547
2.964981
2.950322
2.973583
2.960151
2.982225
2.969198
2.990901
2.975754
2.997527
2.984386
3.006491
2.995287
3.015159
3.003983
3.023853
3.015337
3.033194
3.02402
3.039927
3.030618
3.046519
3.037203
3.055223
3.047659
3.061954
3.056269
3.068564
3.064929
3.077308
3.07734
3.083891
3.085952
3.093974
3.092687
3.102722
3.101382
3.112659
3.108133
3.119417
3.116995
3.128425
3.129309
3.135194
3.136053
3.143861
3.144619
3.15246
3.155819
3.159052
3.162606
3.168082
3.171262
3.174641
3.177993
3.181216
3.184581
3.192416
3.196377
3.20183
3.208535
3.210449
3.218784
3.219059
3.231328
3.227659
3.242271
3.236306
3.250908
3.244893
3.259521
3.251633
3.266138
3.260257
3.276474
3.266858
3.283016
3.273443
3.289593
3.282057
3.29619
3.288647
3.302748
3.300107
3.30932
3.308773
3.317949
3.31739
3.326584
3.325969
3.336836
3.336816
3.345527
3.346644
3.356475
3.356612
3.36668
3.365247
3.373268
3.373832
3.383722
3.382809
3.392457
3.393655
3.404434
3.403773
3.411038
3.412362
3.423532
3.419104
3.432131
3.427685
3.441077
3.436302
3.452587
3.444941
3.461127
3.456343
3.469747
3.464922
3.477651
3.473703
3.484247
3.485109
3.496045
3.497611
3.504869
3.507365
3.516642
3.516906
3.526279
3.530904
3.534969
3.542241
3.54952
3.553711
3.560985
3.566878
3.574061
3.578505
3.582665
3.586986
3.592994
3.595541
3.605411
3.604337
3.615065
3.616233
3.623731
3.625172
3.635729
3.633762
3.647928
3.642318
3.657255
3.654584
3.667372
3.666548
3.679365
3.67745
3.685974
3.686554
3.699433
3.701068
3.713077
3.71328
3.722266
3.724403
3.736376
3.733707
3.749076
3.74227
3.759538
3.752182
3.768255
3.766567
3.781135
3.781783
3.787711
3.793033
3.796396
3.805783
3.807454
3.814649
3.818656
3.823222
3.829541
3.834701
3.838066
3.843486
3.846966
3.856515
3.859395
3.867946
3.871807
3.878845
3.884698
3.88821
3.896171
3.899114
3.909406
3.910291
3.923376
3.918846
3.936126
3.932098
3.946272
3.940646
3.955521
3.950867
3.968182
3.96397
3.978671
3.972912
3.987604
3.982095
4.001181
3.991102
4.010991
4.003978
4.022959
4.012578
4.029505
4.025377
4.038472
4.038777
4.052919
4.049043
4.064248
4.062422
4.076452
4.071037
4.087991
4.079578
4.10097
4.091363
4.114403
4.104355
4.125651
4.117111
4.137002
4.129633
4.146602
4.142577
4.156633
4.151337
4.168572
4.163156
4.179249
4.173409
4.190174
4.187276
4.200426
4.19813
4.20904
4.207221
4.21563
4.220952
4.22593
4.234308
4.239154
4.246341
4.25156
4.262362
4.26226
4.27304
4.275426
4.285275
4.289034
4.296694
4.304032
4.310081
4.319867
4.323202
4.335456
4.33568
4.349124
4.349672
4.363457
4.361036
4.376186
4.373063
4.385332
4.386004
4.403234
4.397798
4.416131
4.407673
4.432185
4.419589
4.441185
4.433339
4.460906
4.449342
4.475228
4.461105
4.490463
4.480565
4.503702
4.496225
4.518595
4.508164
4.535858
4.524608
4.54937
4.534399
4.563892
4.548836
4.578459
4.561267
4.59706
4.576502
4.608635
4.589666
4.615306
4.605822
4.629859
4.619732
4.647717
4.634567
4.658036
4.645276
4.67048
4.658492
4.682081
4.671521
4.694612
4.687664
4.710695
4.702864
4.725624
4.727665
4.740126
4.743473
4.753499
4.761277
4.774117
4.778264
4.791192
4.796937
4.807647
4.813899
4.823191
4.827134
4.841317
4.850187
4.859246
4.869016
4.877227
4.884403
4.892712
4.902455
4.909111
4.922154
4.926017
4.943733
4.943228
4.963339
4.96809
4.977066
4.986093
4.992621
5.008513
5.0098
5.029021
5.032883
5.046019
5.046991
5.06222
5.065762
5.082683
5.082821
5.095576
5.100459
5.108374
5.115862
5.13064
5.136475
5.146102
5.151959
5.165758
5.179878
5.183118
5.19709
5.210354
5.217523
5.227573
5.232933
5.254956
5.24832
5.28604
5.273353
5.308421
5.292194
5.335823
5.309856
5.365907
5.323135
5.39089
5.341249
5.427706
5.371338
5.447913
5.386752
5.46778
5.408112
5.493551
5.423084
5.517568
5.447125
5.538103
5.468283
5.556949
5.485394
5.579225
5.511851
5.595352
5.534855
5.62647
5.556258
5.653067
5.586939
5.678748
5.605794
5.702909
5.632375
5.722642
5.718084
5.744
5.747914
5.769702
5.770128
5.787706
5.805069
5.81083
5.834168
5.834631
5.864099
5.856741
5.889198
5.888595
5.928843
5.915326
5.953188
5.944621
5.988679
5.973676
6.019608
5.994476
6.04532
6.02814
6.070453
6.059418
6.102208
6.097292
6.12941
6.121564
6.156074
6.156741
6.182715
6.176501
6.211114
6.202227
6.233474
6.239187
6.268805
6.262334
6.292206
6.280478
6.323325
6.31836
6.369109
6.3812
6.384271
6.402185
6.426032
6.430182
6.451581
6.460296
6.500851
6.492958
6.538573
6.541162
6.573322
6.591591
6.616003
6.641811
6.665635
6.69212
6.715333
6.742402
6.765354
6.792789
6.815727
6.842952
6.865486
6.89313
6.915792
6.943197
6.966192
6.992882
7.016455
7.043216
7.066661
7.093396
7.11666
7.14382
7.1665
7.193619
7.216918
7.244014
7.267323
7.294077
7.317657
7.344255
7.367941
7.394543
7.4181
7.444348
7.468491
7.494006
7.518219
7.593901
7.568164
7.644181
7.618477
7.693855
7.66883
7.743704
7.719316
7.793664
7.769782
7.84366
7.820269
7.893498
7.920514
7.943568
7.970148
7.993327
8.020578
8.043003
8.070488
8.142803
8.120495
8.192852
8.170431
8.242776
8.220367
8.293062
8.270154
8.343307
8.319957
8.393132
8.419896
8.443031
8.470005
8.492816
8.520096
8.543181
8.569824
8.593519
8.619769
8.643162
8.669534
8.693594
8.719479
8.74366
8.769501
8.793526
8.819366
8.843289
8.869669
8.893633
8.919951
8.94344
8.970062
8.993114
9.020361
9.042953
9.070731
9.092979
9.120559
9.193027
9.170426
9.242694
9.220674
9.292429
9.270418
9.342172
9.320736
9.392097
9.370664
9.441886
9.420754
9.491531
9.471088
9.541945
9.521202
9.591845
9.571573
9.641937
9.621312
9.691882
9.671507
9.742062
9.721475
9.791741
9.771399
9.842157
9.821815
9.8926
9.871634
9.942222
9.921259
10.04229
9.971146
10.0922
10.021
10.14193
10.07108
10.192
10.12111
10.242
10.1709
10.29194
10.22124
10.39148
10.27145
10.4419
10.32114
10.49236
10.37114
10.54207
10.42164
10.59221
10.47203
10.64258
10.52171
10.69226
10.5714
10.74274
10.62153
10.79319
10.6715
10.84362
10.72186
10.89329
10.77164
10.94369
10.82191
10.99347
10.87166
11.0432
10.92152
11.09321
10.97156
11.14319
11.02196
11.19359
11.07169
11.24382
11.17163
11.2936
11.22183
11.34341
11.27158
11.39305
11.32126
11.44288
11.37099
11.49315
11.42135
11.54331
11.47174
11.59367
11.52209
11.64367
11.57183
11.69394
11.62159
11.74428
11.6715
11.79447
11.72112
11.84419
11.77082
11.89439
11.84343
11.94411
11.8931
11.97939
11.9429
12.02932
11.99303
12.07898
12.04348
12.12866
12.09394
12.17846
12.19482
12.22891
12.24462
12.27887
12.29451
12.32882
12.34468
12.37872
12.39489
12.42905
12.44461
12.47879
12.49504
12.52844
12.54517
12.57831
12.59488
12.6287
12.6453
12.67897
12.69522
12.77968
12.7465
12.82943
12.79496
12.87912
12.84479
12.92916
12.89412
12.97919
12.94409
13.02919
12.99456
13.07959
13.04434
13.12965
13.09427
13.17978
13.14413
13.22985
13.19388
13.27962
13.2442
13.32955
13.29388
13.37916
13.34409
13.42884
13.39393
13.47871
13.44441
13.52842
13.49486
13.62863
13.54452
13.67836
13.59448
13.72808
13.64472
13.77837
13.69502
13.82803
13.74534
13.87781
13.79573
13.92787
13.84545
13.97837
13.89562
14.0281
13.94575
14.0784
13.99598
14.12864
14.09613
14.17876
14.14598
14.22842
14.19627
14.27881
14.24639
14.32909
14.29667
14.37873
14.34639
14.42906
14.39667
14.4787
14.44712
14.52867
14.49677
14.57865
14.54678
14.62914
14.59709
14.67912
14.64738
14.72914
14.69746
14.77961
14.7471
14.82928
14.79706
14.87953
14.84737
14.92982
14.89724
14.98015
14.94698
15.03047
14.99707
15.0808
15.04725
15.13115
15.097
15.18082
15.14698
15.23104
15.19737
15.2809
15.24724
15.38055
15.29703
15.43065
15.34697
15.48098
15.39686
15.5308
15.44663
15.58101
15.49639
15.63146
15.54604
15.68134
15.59634
15.7314
15.64631
15.78134
15.69628
15.83148
15.74592
15.88172
15.79558
15.93169
15.84518
15.98237
15.89561
16.03234
15.94534
16.08234
15.99557
16.13218
16.04614
16.18239
16.09611
16.23206
16.14637
16.28244
16.19615
16.33219
16.24582
16.38197
16.29608
16.43177
16.34624
16.4822
16.39644
16.53192
16.44681
16.63157
16.49701
16.68177
16.54663
16.73199
16.59677
16.78231
16.64703
16.83205
16.6971
16.88226
16.74712
16.93272
16.79734
16.98292
16.84737
17.03275
16.89783
17.08303
16.94783
17.13338
16.99808
17.18337
17.04795
17.23344
17.09785
17.28337
17.14776
17.33352
17.19786
17.38378
17.24836
17.4335
17.29802
17.48316
17.3482
17.53277
17.3986
17.58302
17.44899
17.63331
17.49921
17.68321
17.54908
17.73338
17.59938
17.78322
17.64987
17.8334
17.69987
17.88338
17.75002
17.9333
17.80047
17.98337
17.85081
18.03344
17.90119
18.08346
17.9515
18.13314
18.00148
18.18288
18.05174
18.23323
18.10217
18.28289
18.1518
18.3327
18.20188
18.38244
18.25183
18.43213
18.30151
18.48183
18.35185
18.53147
18.40221
18.58119
18.45193
18.63101
18.50226
18.68147
18.55258
18.7319
18.60278
18.78209
18.65289
18.83221
18.70285
18.88261
18.75276
18.93282
18.80264
18.9828
18.85277
19.03244
18.90313
19.08249
18.95325
19.13212
19.00343
19.18235
19.0535
19.23234
19.10317
19.28254
19.20353
19.33302
19.25324
19.38281
19.30296
19.43301
19.3533
19.48298
19.40448
19.53246
19.45306
19.58218
19.50319
19.63193
19.55322
19.68155
19.60332
19.7312
19.65317
19.78091
19.70288
19.83134
19.75323
19.88154
19.80347
19.9315
19.85377
19.98184
19.95415
20.0316
20.00458
20.08194
20.05456
20.13204
20.10465
20.18203
20.15458
20.23165
20.2043
20.28172
20.25428
20.33172
20.30469
20.38147
20.35518
20.43117
20.40522
20.48083
20.45553
20.53079
20.50534
20.58092
20.55503
20.63057
20.60486
20.68085
20.65476
20.73053
20.70457
20.78064
20.75428
20.83072
20.80395
20.88119
20.8537
20.93132
20.90343
20.98146
20.9537
21.03165
21.00375
21.08197
21.05373
21.13164
21.10336
21.18204
21.15313
21.23166
21.20307
21.28183
21.25294
21.33217
21.30263
21.43198
21.35223
21.48215
21.40261
21.53259
21.45254
21.58228
21.50249
21.63247
21.55288
21.68262
21.60259
21.73284
21.65221
21.78295
21.70193
21.83336
21.75215
21.88371
21.80248
21.93414
21.85292
21.98448
21.90294
22.03481
21.95262
22.0851
22.00308
22.13517
22.05319
22.18501
22.10308
22.23544
22.15335
22.28519
22.20347
22.335
22.25387
22.38502
22.3037
22.43517
22.35337
22.48536
22.40373
22.53506
22.45351
22.58475
22.50319
22.63448
22.53864
22.68455
22.58837
22.72747
22.63486
22.77768
22.6849
22.82766
22.73479
22.87746
22.78474
22.92774
22.885
22.97809
22.93477
23.02798
22.98507
23.07773
23.0352
23.12754
23.08467
23.17728
23.12572
23.22772
23.17604
23.27752
23.22584
23.32802
23.27582
23.3784
23.32613
23.42809
23.37624
23.47828
23.42626
23.52812
23.47643
23.57808
23.52656
23.62786
23.57683
23.67827
23.62698
23.72825
23.67731
23.77811
23.72705
23.82811
23.77684
23.87798
23.82663
23.92759
23.87671
23.97773
23.92702
24.02784
23.97677
24.06071
24.02694
24.11093
24.06815
24.16086
24.11835
24.2109
24.16838
24.2606
24.21822
24.31054
24.26841
24.36099
24.31818
24.4108
24.36844
24.46119
24.41889
24.5108
24.46864
24.56125
24.51904
24.61147
24.56895
24.66143
24.61908
24.71156
24.66888
24.7619
24.71926
24.81195
24.76944
24.8622
24.81907
24.91242
24.86956
24.96292
24.91928
25.01317
24.96959
25.06283
25.0193
25.11256
25.06963
25.16239
25.11982
25.21219
25.17025
25.26226
25.22021
25.31192
25.27033
25.36216
25.32028
25.41179
25.37034
25.46205
25.42068
25.51224
25.47083
25.5619
25.521
25.61175
25.57067
25.66184
25.62103
25.71195
25.67066
25.76207
25.72095
25.81205
25.77138
25.86218
25.82148
25.91246
25.87128
25.9627
25.92165
26.01294
25.97168
26.06327
26.02133
26.11295
26.07142
26.16334
26.12105
26.21354
26.17145
26.26364
26.22114
26.314
26.27461
26.36684
26.32174
26.4137
26.37214
26.46357
26.42266
26.51404
26.4723
26.56341
26.52237
26.61359
26.57219
26.66329
26.62197
26.71373
26.67234
26.76396
26.72226
26.81409
26.7726
26.8644
26.82265
26.91488
26.92274
26.96468
26.97286
27.01429
27.02299
27.06448
27.07311
27.1146
27.1232
27.16469
27.17303
27.21452
27.22346
27.26414
27.27346
27.31433
27.32339
27.36413
27.37365
27.41446
27.42364
27.46429
27.47393
27.51421
27.52382
27.56407
27.57352
27.61434
27.62391
27.71479
27.67416
27.76521
27.72451
27.81495
27.77436
27.86526
27.82415
27.91555
27.87417
27.96538
27.92382
28.01537
27.97408
28.06564
28.02397
28.11601
28.07443
28.16594
28.11748
28.21012
28.16774
28.29103
28.2179
28.33306
28.26823
28.38293
28.31835
28.43279
28.36843
28.48311
28.4183
28.53339
28.46803
28.58313
28.5183
28.63319
28.56815
28.68337
28.61782
28.73303
28.66751
28.78265
28.71768
28.83292
28.76808
28.88272
28.81821
28.93277
28.86823
28.98302
28.9186
29.033
28.96887
29.08282
29.01927
29.13311
29.06964
29.18302
29.12007
29.23335
29.17036
29.28358
29.22033
29.33403
29.2704
29.38402
29.32016
29.43432
29.37005
29.48415
29.42006
29.53408
29.46946
29.58375
29.51968
29.63368
29.56927
29.6839
29.61973
29.73354
29.65887
29.78376
29.70906
29.83281
29.74852
29.87123
29.79854
29.92101
29.84869
29.97225
29.89875
30.02114
29.94882
30.0715
29.99855
30.12193
30.04833
30.1714
30.09819
30.2213
30.14785
30.27168
30.19754
30.32213
30.24801
30.37241
30.29846
30.42242
30.34875
30.47221
30.39881
30.52248
30.44908
30.57212
30.49907
30.62214
30.54873
30.67248
30.59846
30.7222
30.64871
30.77234
30.69833
30.82207
30.74806
30.87201
30.79843
30.92249
30.84819
30.97276
30.89853
31.02283
30.94894
31.07276
30.99904
31.12307
31.04946
31.17309
31.09937
31.22342
31.14952
31.27386
31.19986
31.32353
31.24953
31.37345
31.29973
31.4238
31.34999
31.47379
31.44985
31.52422
31.49955
31.57407
31.53977
31.6167
31.58948
31.66315
31.63917
31.7136
31.68945
31.76375
31.78972
31.81415
31.83958
31.86399
31.89005
31.91365
31.94049
31.96394
32.04062
32.01401
32.09035
32.0642
32.1407
32.11451
32.19117
32.16423
32.24138
32.21439
32.29171
32.26453
32.34171
32.31474
32.39211
32.3644
32.4422
32.41467
32.49208
32.46474
32.54221
32.5149
32.5927
32.56466
32.64276
32.61472
32.69238
32.6644
32.7421
32.71427
32.79176
32.76427
32.842
32.81465
32.89162
32.8651
32.94124
32.91544
32.99097
33.0153
33.0414
33.06532
33.09114
33.11506
33.14096
33.16518
33.19099
33.21498
33.24093
33.26559
33.2911
33.3155
33.34073
33.36586
33.391
33.4157
33.44111
33.4655
33.49108
33.51512
33.54128
33.56561
33.59107
33.61555
33.64133
33.66525
33.69114
33.71509
33.74154
33.76552
33.7916
33.81549
33.84172
33.86514
33.89175
33.91516
33.94137
34.01514
33.99138
34.06548
34.04153
34.11515
34.09186
34.21534
34.14186
34.26498
34.1922
34.31475
34.24258
34.36444
34.29268
34.41457
34.34283
34.46436
34.39257
34.51448
34.44225
34.5647
34.49231
34.6146
34.54259
34.66454
34.5928
34.71456
34.64307
34.76456
34.69351
34.81493
34.74319
34.86533
34.79304
34.91507
34.84318
34.96483
34.8936
35.01529
34.94399
35.0656
34.99382
35.1158
35.04351
35.16615
35.09327
35.2166
35.19357
35.26623
35.24327
35.31596
35.29373
35.36629
35.34349
35.41599
35.39373
35.466
35.44413
35.51575
35.49379
35.56565
35.54404
35.61573
35.59446
35.66609
35.6441
35.71607
35.6943
35.76634
35.74432
35.81667
35.79424
35.86632
35.84459
35.91652
35.89436
35.96634
35.94438
36.01659
35.99436
36.0663
36.04402
36.1166
36.09395
36.16677
36.14423
36.21655
36.19471
36.26628
36.24438
36.31672
36.2947
36.36644
36.34616
36.41653
36.39455
36.46831
36.44411
36.51719
36.49405
36.56706
36.54398
36.61674
36.59424
36.66676
36.64386
36.71643
36.69361
36.76639
36.74396
36.8161
36.79413
36.86652
36.84434
36.91692
36.89434
36.96659
36.94453
37.01698
36.9946
37.06709
37.04427
37.11751
37.09413
37.16756
37.14386
37.21804
37.19389
37.26778
37.24368
37.31745
37.29365
37.36792
37.34381
37.41776
37.39362
37.51785
37.44345
37.56789
37.49371
37.61792
37.54396
37.66817
37.59381
37.71811
37.64393
37.76801
37.69361
37.81588
37.74347
37.86569
37.79348
37.91544
37.84373
37.95943
37.89368
38.00918
37.94408
38.05889
37.99452
38.10869
38.04441
38.15908
38.09487
38.20947
38.14493
38.25967
38.19492
38.30938
38.24517
38.35976
38.29492
38.45988
38.34492
38.51014
38.39515
38.56023
38.44492
38.61002
38.49458
38.66015
38.54441
38.7099
38.59432
38.76007
38.64467
38.81029
38.6945
38.86043
38.74439
38.91046
38.79406
38.96019
38.84437
39.01068
38.88999
39.04059
38.93973
39.09019
38.98966
39.14
39.03979
39.19003
39.08945
39.24019
39.13942
39.29058
39.18109
39.33705
39.22504
39.36489
39.25233
39.41013
39.32262
39.44418
39.34944
39.48064
39.38893
39.5096
39.41793
39.55246
39.45278
39.57635
39.51965
39.62365
39.60684
39.66455
39.65466
39.71487
39.70457
39.76487
39.75124
39.81499
39.80097
39.86517
39.90039
39.91502
39.95005
39.96528
40.00029
40.01688
40.05079
40.06567
40.10064
40.11584
40.15071
40.16604
40.20079
40.21547
40.25048
40.26524
40.30024
40.31564
40.35068
40.36537
40.40104
40.41507
40.45149
40.46485
40.50137
40.51529
40.55184
40.56544
40.60182
40.61511
40.65178
40.66505
40.70151
40.71492
40.75129
40.76455
40.80148
40.81437
40.85177
40.91525
40.90154
40.96545
40.95055
41.01585
40.99206
41.06564
41.04175
41.1156
41.09182
41.16584
41.14206
41.21618
41.19195
41.26645
41.24227
41.31631
41.29267
41.36659
41.34233
41.41683
41.39227
41.46717
41.44253
41.5175
41.49269
41.56791
41.54242
41.61758
41.59206
41.66785
41.64242
41.71812
41.69245
41.76791
41.74266
41.81798
41.79282
41.86788
41.84294
41.96841
41.89339
42.01865
41.94378
42.06907
41.9938
42.11869
42.04427
42.16841
42.09412
42.21865
42.14422
42.26851
42.19392
42.31848
42.24441
42.36884
42.29405
42.41918
42.34431
42.46893
42.3948
42.51863
42.44526
42.56843
42.49492
42.61847
42.54507
42.6683
42.59518
42.71807
42.64492
42.76823
42.69511
42.81849
42.74533
42.86879
42.79548
42.9188
42.89529
42.96887
42.94513
43.01909
42.99399
43.06919
43.04363
43.11894
43.09356
43.16881
43.14352
43.21927
43.19372
43.26939
43.24376
43.31948
43.29411
43.36996
43.34406
43.42023
43.39423
43.46994
43.44419
43.52034
43.49406
43.57056
43.5438
43.62074
43.64386
43.6706
43.6943
43.72049
43.744
43.77018
43.79425
43.82035
43.84456
43.87059
43.89472
43.92034
43.94438
43.97047
43.99458
44.02015
44.04432
44.06995
44.09474
44.12027
44.14511
44.1706
44.19559
44.2206
44.24562
44.27088
44.29559
44.32132
44.34518
44.37094
44.39536
44.42106
44.44528
44.47146
44.49551
44.52104
44.54572
44.57117
44.59551
44.62145
44.64547
44.67144
44.69576
44.7213
44.74534
44.77097
44.79571
44.82084
44.84611
44.8711
44.89618
44.9211
44.9461
44.97079
44.99586
45.02092
45.04564
45.07082
45.09584
45.12125
45.14589
45.17125
45.19597
45.22124
45.24601
45.27162
45.29636
45.32176
45.34628
45.37153
45.39603
45.42136
45.44615
45.47179
45.4964
45.52149
45.54662
45.57175
45.59673
45.62196
45.647
45.67211
45.69702
45.72245
45.74727
45.77216
45.79766
45.87255
45.84741
45.92236
45.89743
45.97238
45.94706
46.02209
45.99675
46.07251
46.04669
46.1227
46.09636
46.17234
46.14659
46.22275
46.1962
46.27249
46.24586
46.32283
46.29551
46.37307
46.3456
46.47334
46.39588
46.52376
46.44547
46.57389
46.49561
46.6242
46.54544
46.67448
46.59562
46.72464
46.64588
46.82561
46.69635
46.87537
46.74687
46.9253
46.79714
46.97521
46.84683
47.02494
46.89634
47.07509
46.94625
47.1254
46.99619
47.17559
47.04659
47.22602
47.09645
47.27647
47.14606
47.32647
47.19651
47.37626
47.29675
47.42614
47.34667
47.47606
47.39684
47.52594
47.44645
47.57573
47.4962
47.62541
47.54585
47.67538
47.59618
47.72553
47.6461
47.77526
47.69659
47.82492
47.74632
47.87528
47.79632
47.92515
47.84605
47.97535
47.89653
48.02512
47.94618
48.07508
47.99586
48.12482
48.04564
48.17445
48.09566
48.22448
48.14571
48.27486
48.24608
48.32527
48.29605
48.37534
48.34644
48.4251
48.39684
48.47546
48.4469
48.52512
48.49678
48.57554
48.54712
48.62541
48.59723
48.67548
48.64698
48.72592
48.69695
48.7758
48.74661
48.8258
48.79631
48.87577
48.89708
48.92564
48.94688
48.97571
48.9968
49.0256
49.04713
49.07578
49.09704
49.12547
49.14748
49.1754
49.19754
49.22531
49.24728
49.27496
49.29773
49.32516
49.34748
49.37484
49.3973
49.42451
49.44694
49.47463
49.49673
49.52503
49.54707
49.57491
49.59722
49.62482
49.64762
49.6747
49.6975
49.72446
49.74762
49.77442
49.79776
49.8241
49.84739
49.87399
49.89733
49.92401
49.94722
49.97405
49.99726
50.02398
50.04742
50.07384
50.09723
50.12362
50.14769
50.17331
50.19738
50.22375
50.24714
50.2737
50.29696
50.32408
50.34671
50.37374
50.39669
50.42389
50.44654
50.524
50.49694
50.57443
50.54694
50.62482
50.59678
50.67496
50.64691
50.72529
50.69705
50.77553
50.74705
50.82517
50.79741
50.87537
50.84758
50.92504
50.89754
50.97515
50.94751
51.0252
50.99754
51.07529
51.0472
51.12514
51.09693
51.17514
51.14671
51.22497
51.19659
51.2754
51.24651
51.3256
51.29652
51.37562
51.34653
51.42606
51.39635
51.47596
51.44672
51.52587
51.49638
51.57619
51.54645
51.62652
51.59673
51.67624
51.64671
51.72594
51.69696
51.77625
51.74718
51.8264
51.79689
51.87605
51.84686
51.92609
51.89697
51.97595
51.94724
52.02586
51.99706
52.07571
52.04677
52.12581
52.09699
52.17548
52.14729
52.22574
52.19703
52.27594
52.24746
52.32621
52.29776
52.37645
52.34795
52.42619
52.39769
52.47647
52.44802
52.52631
52.49823
52.57607
52.54784
52.62619
52.59751
52.67605
52.64784
52.72607
52.69818
52.77639
52.74823
52.82666
52.79831
52.8767
52.8485
52.9267
52.8984
52.96932
52.94843
53.01957
52.99868
53.06973
53.04833
53.11974
53.09828
53.16984
53.1487
53.2201
53.19904
53.26973
53.24913
53.31943
53.29877
53.36943
53.34866
53.41932
53.39868
53.46937
53.44868
53.51973
53.49833
53.56942
53.54796
53.61978
53.59816
53.66964
53.64847
53.71941
53.69809
53.76957
53.74801
53.81962
53.79827
53.86956
53.84814
53.91962
53.89809
53.96955
53.94806
54.01951
53.99783
54.06955
54.04812
54.11917
54.09782
54.16895
54.14753
54.21885
54.19761
54.26861
54.24725
54.31824
54.29694
54.36844
54.34666
54.41883
54.39657
54.4691
54.44642
54.51949
54.49612
54.56964
54.54588
54.61929
54.59626
54.66902
54.64592
54.71921
54.69567
54.76909
54.74566
54.81949
54.79548
54.86953
54.8455
54.91962
54.89594
54.96962
54.94572
55.01962
54.99613
55.06993
55.04647
55.12003
55.09641
55.16968
55.14636
55.21968
55.19634
55.26999
55.24663
55.31999
55.29647
55.3698
55.34624
55.41999
55.39592
55.47042
55.44552
55.52055
55.4957
55.5704
55.54544
55.62053
55.59585
55.67102
55.64547
55.7214
55.69577
55.77113
55.74604
55.82086
55.7964
55.87061
55.84686
55.92081
55.89713
55.97125
55.94706
56.02098
55.99751
56.07135
56.04733
56.12178
56.09697
56.17188
56.14669
56.22187
56.19656
56.27164
56.2465
56.32137
56.29648
56.37143
56.34819
56.42165
56.39737
56.47172
56.4473
56.52145
56.49718
56.57188
56.54681
56.62199
56.59669
56.67243
56.64648
56.71797
56.69043
56.76793
56.74017
56.81801
56.79042
56.86819
56.84049
56.91793
56.89037
56.96769
56.94064
57.0182
56.99104
57.06806
57.0415
57.11816
57.09155
57.16806
57.14127
57.21779
57.1917
57.26823
57.24143
57.31858
57.29119
57.36836
57.34169
57.41803
57.39174
57.46777
57.44214
57.51773
57.49179
57.56766
57.53055
57.61717
57.58102
57.66682
57.6314
57.71592
57.68129
57.76633
57.73127
57.81662
57.78126
57.86645
57.83127
57.91683
57.88129
57.96649
57.93142
58.01636
57.98167
58.06641
58.032
58.11631
58.08208
58.16658
58.13174
58.21623
58.18182
58.26611
58.23215
58.31616
58.28233
58.36584
58.33205
58.41557
58.38181
58.46522
58.43168
58.51555
58.48131
58.56541
58.53099
58.61577
58.5811
58.66548
58.631
58.71575
58.6813
58.76624
58.73099
58.81668
58.78078
58.86636
58.83067
58.91627
58.88093
58.96633
58.93138
59.01674
58.98158
59.06644
59.03193
59.1162
59.08177
59.16608
59.13211
59.21646
59.18174
59.26637
59.23214
59.31656
59.28194
59.36617
59.33224
59.4159
59.38245
59.46552
59.43284
59.51519
59.4827
59.5652
59.53311
59.61498
59.58344
59.66532
59.63313
59.71532
59.6836
59.76618
59.73397
59.81615
59.78405
59.86629
59.83442
59.91688
59.88389
59.96681
59.93359
60.01671
59.98343
60.06648
60.03386
60.11612
60.08422
60.16654
60.13435
60.21698
60.18476
60.26672
60.23512
60.31667
60.28497
60.36706
60.33484
60.41684
60.38532
60.46703
60.43498
60.51719
60.48543
60.56705
60.53522
60.61738
60.58487
60.66704
60.63478
60.71728
60.68464
60.76714
60.73487
60.81751
60.78515
60.86787
60.83532
60.91798
60.88551
60.96797
60.93597
61.01811
60.98624
61.06853
61.03635
61.11845
61.08651
61.1682
61.13662
61.21826
61.18642
61.26858
61.23621
61.31826
61.28594
61.36843
61.33636
61.41848
61.38604
61.46886
61.43637
61.51917
61.48681
61.56944
61.53673
61.61972
61.58633
61.66935
61.63673
61.71966
61.68723
61.77003
61.73708
61.81985
61.78695
61.87016
61.8374
61.92044
61.88701
61.97082
61.93663
62.02056
61.98642
62.07044
62.03609
62.12016
62.0858
62.16983
62.13613
62.21969
62.18596
62.27018
62.23566
62.31995
62.28553
62.37024
62.33594
62.4199
62.38627
62.47017
62.43665
62.51998
62.48668
62.56984
62.53709
62.62004
62.58744
62.67024
62.63705
62.71995
62.68721
62.77015
62.73719
62.82048
62.78748
62.87062
62.83784
62.92084
62.88799
62.97101
62.93844
63.02069
62.98921
63.07066
63.03947
63.12093
63.08941
63.17144
63.13936
63.2213
63.18905
63.27129
63.23901
63.32137
63.28885
63.37164
63.33863
63.42157
63.38826
63.47148
63.43844
63.5211
63.48827
63.57109
63.53852
63.62142
63.58873
63.67168
63.63864
63.722
63.68893
63.77201
63.73867
63.82206
63.78883
63.87225
63.83845
63.92274
63.88853
63.9724
63.93869
64.02234
63.98918
64.07205
64.03958
64.12186
64.08999
64.17172
64.14005
64.2216
64.19049
64.27141
64.24036
64.32119
64.29038
64.37093
64.34029
64.42065
64.37931
64.44915
64.41364
64.49878
64.46349
64.53368
64.51059
64.58378
64.56078
64.63348
64.61105
64.68308
64.66083
64.73328
64.71058
64.78365
64.7603
64.83344
64.81056
64.8833
64.86094
64.93301
64.91117
64.98347
64.96125
65.03374
65.01131
65.08364
65.06137
65.13398
65.11137
65.18439
65.16154
65.23405
65.21127
65.2837
65.26169
65.31438
65.28316
65.35625
65.33002
65.39299
65.3668
65.44299
65.40549
65.49059
65.45543
65.54106
65.50577
65.59092
65.5555
65.6414
65.60547
65.6916
65.6552
65.74179
65.7056
65.79216
65.75547
65.84209
65.8056
65.89252
65.85589
65.94273
65.9062
65.99306
65.95621
66.04292
66.00661
66.09264
66.05655
66.14255
66.10646
66.19291
66.15688
66.24328
66.20713
66.29331
66.25716
66.34338
66.30747
66.39322
66.35769
66.44302
66.40759
66.49277
66.45785
66.54308
66.50801
66.59356
66.55839
66.64375
66.60866
66.69363
66.65862
66.74347
66.70882
66.79317
66.75819
66.84349
66.80805
66.89351
66.854
66.94381
66.95432
66.99414
67.00465
67.04444
67.05472
67.09468
67.10508
67.14434
67.15476
67.19469
67.20508
67.24442
67.25471
67.29411
67.30463
67.34444
67.35497
67.39423
67.40472
67.44409
67.45445
67.49377
67.50418
67.5434
67.55412
67.5937
67.60378
67.64414
67.6534
67.69454
67.70325
67.74454
67.75349
67.79418
67.80392
67.84435
67.85429
67.89473
67.90403
67.945
67.95449
67.99542
68.0042
68.04575
68.05404
68.09586
68.10389
68.14598
68.15408
68.19617
68.20399
68.24642
68.25424
68.29642
68.30431
68.34645
68.35431
68.39677
68.40462
68.44727
68.45435
68.4977
68.50476
68.54774
68.55444
68.59753
68.60436
68.64752
68.65429
68.69715
68.70455
68.74738
68.75438
68.79705
68.80478
68.84717
68.85458
68.89745
68.90498
68.94767
68.95512
68.99777
69.00552
69.04778
69.05553
69.09743
69.09135
69.1459
69.13687
69.19586
69.18725
69.24566
69.23636
69.2957
69.28634
69.3429
69.33621
69.38992
69.38634
69.43996
69.43603
69.4903
69.48607
69.5403
69.53574
69.59025
69.58581
69.63997
69.6357
69.6896
69.68562
69.73999
69.7353
69.79043
69.78561
69.84065
69.83582
69.89105
69.88613
69.94071
69.93597
69.99117
69.98566
70.04096
70.03595
70.09138
70.08562
70.14143
70.13703
70.19164
70.18618
70.24472
70.23653
70.29164
70.28613
70.34221
70.33556
70.39218
70.38567
70.44192
70.43559
70.49158
70.48522
70.51411
70.53482
70.56408
70.58462
70.61437
70.63441
70.66403
70.68419
70.71375
70.73388
70.76358
70.78432
70.81324
70.83421
70.86307
70.8838
70.91344
70.93427
70.96342
70.98404
71.01318
71.0315
71.06338
71.06268
71.11369
71.11297
71.16364
71.16268
71.21349
71.21227
71.26343
71.26261
71.31355
71.31258
71.36368
71.36269
71.41369
71.40766
71.46375
71.45799
71.51363
71.50799
71.56329
71.55807
71.61346
71.60777
71.66319
71.65319
71.71208
71.7003
71.75836
71.74663
71.80592
71.79678
71.85593
71.84643
71.9063
71.89682
71.95612
71.94723
72.00652
71.99765
72.05692
72.0473
72.15715
72.09729
72.20734
72.14713
72.25708
72.19679
72.30692
72.24696
72.35674
72.2967
72.40681
72.34657
72.45648
72.39645
72.50641
72.44629
72.55621
72.49619
72.60654
72.54599
72.65678
72.59644
72.70675
72.64622
72.75654
72.69611
72.80695
72.74577
72.85731
72.79592
72.90752
72.84568
72.95788
72.89536
73.00819
72.94514
73.05786
72.99521
73.10797
73.04552
73.15839
73.09598
73.20813
73.14632
73.25853
73.19662
73.30838
73.24678
73.35886
73.29718
73.40859
73.34682
73.45847
73.39651
73.50893
73.44688
73.55917
73.49664
73.60935
73.54649
73.65974
73.59695
73.70983
73.64669
73.75957
73.69854
73.80996
73.74717
73.86015
73.79736
73.91033
73.84717
73.96006
73.89637
74.01015
73.94663
74.06057
73.99625
74.11055
74.04643
74.16079
74.09642
74.21083
74.14654
74.26052
74.19682
74.31026
74.24699
74.3605
74.29685
74.41032
74.34658
74.45995
74.39647
74.51023
74.44629
74.56004
74.49609
74.60995
74.54575
74.66033
74.59549
74.71001
74.64539
74.7597
74.69592
74.80943
74.74569
74.85976
74.79611
74.90954
74.84638
74.95923
74.8968
75.00963
74.94647
75.05947
75.04678
75.10942
75.09654
75.15947
75.14677
75.20921
75.19707
75.25895
75.24673
75.30917
75.2972
75.3596
75.3474
75.40981
75.39771
75.45953
75.44813
75.50934
75.49859
75.55933
75.54836
75.60954
75.59811
75.65937
75.64804
75.70917
75.69791
75.75887
75.7478
75.80862
75.79753
75.8586
75.84731
75.9086
75.89732
75.95856
75.94724
76.00852
75.99745
76.05846
76.04785
76.10875
76.09798
76.15853
76.1483
76.20896
76.19836
76.25867
76.24856
76.35861
76.29852
76.40834
76.34829
76.45833
76.39859
76.5084
76.44852
76.55872
76.49819
76.60878
76.5479
76.65866
76.59801
76.70911
76.64789
76.75918
76.69762
76.80895
76.74743
76.85854
76.84811
76.90855
76.89835
76.95887
76.94805
77.00933
76.99805
77.059
77.04778
77.11095
77.1473
77.15928
77.19707
77.20888
77.24678
77.25894
77.2971
77.30891
77.34671
77.35905
77.39656
77.40923
77.44627
77.45937
77.49625
77.50938
77.54649
77.55931
77.59623
77.60949
77.64629
77.65936
77.69634
77.7094
77.74613
77.75903
77.79583
77.80927
77.84582
77.85957
77.89614
77.90996
77.94621
77.95979
77.99621
78.00948
78.04586
78.05942
78.09566
78.10918
78.14578
78.15881
78.19556
78.20901
78.2458
78.25919
78.29466
78.30961
78.34429
78.35934
78.39468
78.40918
78.44459
78.45937
78.49461
78.50948
78.54473
78.55965
78.59449
78.60992
78.64439
78.65989
78.69434
78.71029
78.74432
78.76076
78.79224
78.80189
78.84239
78.8522
78.89202
78.90247
78.94168
78.95225
78.99178
79.00227
79.04169
79.05191
79.09175
79.10184
79.14135
79.15193
79.19174
79.20179
79.24155
79.25178
79.29188
79.30186
79.34211
79.35222
79.39193
79.40203
79.44228
79.4523
79.4924
79.50241
79.54221
79.55276
79.59244
79.60275
79.64249
79.65276
79.69254
79.70293
79.74216
79.75279
79.79212
79.79845
79.84244
79.84828
79.89267
79.89809
79.94244
79.94801
79.99239
79.99779
80.04239
80.04815
80.09233
80.09793
80.14252
80.14851
80.19226
80.19839
80.24192
80.24793
80.29135
80.29794
80.34169
80.34795
80.39162
80.39772
80.44142
80.44767
80.49156
80.54814
80.54177
80.59828
80.59196
80.64818
80.64185
80.69794
80.69151
80.74764
80.74145
80.79781
80.79121
80.84787
80.84161
80.89761
80.89124
80.94724
80.94124
80.99708
80.99129
81.04711
81.04168
81.0973
81.09164
81.14701
81.14211
81.19687
81.19203
81.24686
81.24242
81.29678
81.29282
81.34686
81.34316
81.39691
81.3932
81.44678
81.44286
81.47917
81.49269
81.52917
81.54278
81.57911
81.59274
81.62926
81.64241
81.67899
81.69257
81.72894
81.74242
81.7789
81.7927
81.82884
81.84281
81.8789
81.89269
81.92878
81.94267
81.97919
81.9927
82.02896
82.04249
82.0787
82.09213
82.12865
82.14213
82.17843
82.19248
82.22849
82.24213
82.27829
82.29176
82.32809
82.34139
82.37815
82.39181
82.42849
82.44167
82.47823
82.49135
82.52816
82.54147
82.57809
82.59128
82.62794
82.64126
82.67822
82.69115
82.72804
82.74099
82.77775
82.79086
82.82748
82.84104
82.87756
82.89071
82.9274
82.94041
82.97768
82.99025
83.02784
83.04025
83.07791
83.09011
83.12769
83.13987
83.17407
83.18975
83.22586
83.24021
83.27444
83.29001
83.32444
83.33994
83.37402
83.38933
83.42376
83.43927
83.47343
83.48907
83.52334
83.53873
83.5733
83.58853
83.62332
83.63853
83.67336
83.68845
83.72317
83.7386
83.77362
83.78873
83.8233
83.83871
83.87337
83.8887
83.92381
83.93847
83.97405
83.98826
84.02374
84.03833
84.07415
84.08806
84.12389
84.13785
84.17361
84.1879
84.22385
84.23797
84.27393
84.28825
84.32368
84.33812
84.37379
84.38838
84.42359
84.43823
84.47334
84.48801
84.52325
84.58765
84.57325
84.6377
84.62325
84.68798
84.67334
84.73808
84.72314
84.7879
84.77354
84.83765
84.82391
84.88743
84.87435
84.93751
84.92454
84.98742
84.97473
85.03704
85.02513
85.08691
85.07478
85.13684
85.12447
85.33709
85.17488
85.43758
85.2246
85.48766
85.2745
85.53761
85.3246
85.73536
85.3745
85.81439
85.42446
85.85316
85.47478
85.89797
85.52528
85.92969
85.57506
85.95463
85.62043
85.97534
85.66245
86.00115
85.71079
86.02349
85.76083
86.05527
85.81
86.08821
85.8427
86.12954
85.8821
86.15695
85.91636
86.17593
85.9403
86.19476
85.96465
86.21289
85.99219
86.23441
86.01712
86.25595
86.05738
86.28166
86.09684
86.29975
86.12872
86.32378
86.16582
86.34859
86.19833
86.36315
86.21822
86.38379
86.24065
86.40253
86.26536
86.42313
86.28424
86.44295
86.30071
86.46603
86.31964
86.48503
86.34736
86.51009
86.39211
86.53579
86.42779
86.55201
86.46925
86.57166
86.49422
86.59309
86.52345
86.61209
86.54922
86.63688
86.57171
86.66879
86.59238
86.68686
86.60706
86.70415
86.61912
86.72892
86.63097
86.74246
86.64607
86.75793
86.66003
86.76933
86.67558
86.78741
86.69065
86.80009
86.70305
86.81289
86.71755
86.82609
86.72678
86.84034
86.74226
86.85407
86.77155
86.86962
86.78525
86.88309
86.79862
86.89714
86.81095
86.91146
86.82256
86.92282
86.8313
86.93491
86.84496
86.95036
86.85864
86.95847
86.87238
86.97154
86.88592
86.98207
86.8955
86.99442
86.90978
87.00345
86.92309
87.02089
86.93504
87.02812
86.96117
87.04213
86.97085
87.05446
86.98724
87.06695
86.9994
87.08131
87.01091
87.09313
87.01785
87.10825
87.03114
87.11846
87.04197
87.12995
87.05553
87.14246
87.06973
87.15746
87.08271
87.17227
87.09509
87.18745
87.11078
87.20198
87.12318
87.21564
87.14488
87.2293
87.22391
87.24255
87.23804
87.2523
87.24976
87.26412
87.26611
87.27155
87.2773
87.28508
87.29416
87.29922
87.30584
87.31217
87.32142
87.32757
87.33144
87.34191
87.34297
87.3543
87.35582
87.36478
87.36547
87.37599
87.37981
87.38752
87.39185
87.39693
87.40636
87.41241
87.42051
87.41994
87.43153
87.43553
87.44337
87.45322
87.45866
87.46644
87.47254
87.48045
87.48523
87.49825
87.50732
87.51402
87.52069
87.52805
87.53555
87.54733
87.54662
87.56292
87.56234
87.5807
87.58477
87.59388
87.6007
87.60951
87.61104
87.6222
87.62267
87.63661
87.63674
87.6519
87.65762
87.66864
87.66953
87.6804
87.69461
87.6944
87.7021
87.71094
87.71393
87.7254
87.72794
87.73866
87.73866
87.75127
87.75222
87.76303
87.76493
87.77323
87.77597
87.78674
87.78873
87.80014
87.80137
87.81345
87.82241
87.82272
87.82989
87.83019
87.84016
87.8428
87.84939
87.85207
87.85679
87.8654
87.8661
87.87286
87.87961
87.88858
87.893
87.89903
87.90799
87.91092
87.91669
87.92018
87.9314
87.93316
87.94383
87.94238
87.95107
87.9498
87.9583
87.96233
87.96555
87.97157
87.97279
87.97898
87.98203
87.9893
87.99128
87.99964
88.00056
88.00887
88.0098
88.01916
88.01907
88.02658
88.0283
88.03587
88.03557
88.0451
88.04607
88.05434
88.0553
88.06363
88.06458
88.0729
88.07383
88.08322
88.0811
88.09353
88.09129
88.1008
88.0988
88.11007
88.1133
88.11977
88.12255
88.1272
88.13352
88.14053
88.14379
88.15084
88.15123
88.16116
88.16579
88.17047
88.17748
88.18499
88.19202
88.19233
88.20393
88.2075
88.21563
88.22137
88.22398
88.22876
88.24162
88.24664
88.24896
88.25531
88.26407
88.2681
88.27616
88.28313
88.29072
88.29526
88.30215
88.30523
88.31078
88.31757
88.32003
88.32496
88.32929
88.3342
88.33853
88.34339
88.34882
88.35072
88.35976
88.35793
88.36899
88.36707
88.37633
88.37969
88.38549
88.38886
88.39269
88.39949
88.40233
88.41624
88.41405
88.42997
88.42816
88.43935
88.44375
88.46455
88.46114
88.47517
88.47039
88.48444
88.47969
88.49793
88.49474
88.5098
88.50211
88.51842
88.51547
88.52776
88.52709
88.54451
88.53628
88.55206
88.55128
88.57404
88.5646
88.58218
88.58665
88.60172
88.59426
88.61878
88.63202
88.63889
88.64271
88.64771
88.65919
88.66219
88.66853
88.67251
88.68446
88.68528
88.69815
88.69625
88.70552
88.70549
88.71955
88.71473
88.72682
88.72743
88.73682
88.7349
88.74939
88.74832
88.75875
88.76369
88.77639
88.77903
88.79092
88.79945
88.80589
88.8205
88.82698
88.83495
88.83961
88.86672
88.87355
88.8819
88.88706
88.90067
88.90668
88.92379
88.92818
88.94412
88.95833
88.96638
88.98045
88.98251
89.00011
89.00208
89.02088
89.02419
89.03603
89.03857
89.0529
89.05448
89.06635
89.06582
89.07981
89.07832
89.09045
89.09165
89.10626
89.1023
89.11359
89.11498
89.12608
89.12215
89.13531
89.12923
89.14701
89.13815
89.15404
89.15197
89.1679
89.15916
89.17454
89.16943
89.19086
89.18205
89.19948
89.19158
89.21031
89.19878
89.21766
89.20795
89.22681
89.21711
89.23699
89.22634
89.24435
89.24122
89.25604
89.24845
89.26337
89.25571
89.2726
89.2683
89.28183
89.27858
89.29437
89.28891
89.30761
89.30235
89.31947
89.31264
89.32872
89.32188
89.33617
89.33112
89.34644
89.34016
89.3538
89.35275
89.36105
89.36308
89.3683
89.37231
89.37553
89.3797
89.38472
89.3869
89.39214
89.39616
89.40393
89.40356
89.41385
89.41078
89.42107
89.42001
89.43288
89.42928
89.44434
89.43851
89.45354
89.44774
89.46074
89.45693
89.46799
89.46616
89.4752
89.47357
89.48473
89.48282
89.49194
89.49454
89.50119
89.50604
89.5085
89.5153
89.52287
89.52684
89.5303
89.53426
89.54078
89.54148
89.54817
89.5507
89.55846
89.55807
89.56773
89.56534
89.57497
89.57462
89.58527
89.58867
89.59401
89.59798
89.60426
89.61256
89.61151
89.6199
89.6218
89.62711
89.63211
89.63737
89.64239
89.64767
89.6516
89.66213
89.6608
89.67138
89.67092
89.68311
89.68298
89.6977
89.69025
89.7083
89.702
89.72211
89.7137
89.73544
89.72303
89.74449
89.74072
89.75997
89.74998
89.76991
89.76545
89.78161
89.77722
89.79551
89.79273
89.80295
89.80258
89.81964
89.8112
89.83062
89.8246
89.8427
89.83894
89.85004
89.85113
89.8651
89.86436
89.87697
89.87724
89.88861
89.88911
89.8989
89.89977
89.90815
89.91473
89.92086
89.92198
89.93082
89.93329
89.93802
89.94254
89.95239
89.95427
89.969
89.96484
89.97821
89.97207
89.9874
89.98233
89.99667
89.99157
