0.007671619
0.007696197
0.02253153
0.02247726
0.03752066
0.03381676
0.05083701
0.04240995
0.06314097
0.05381352
0.07626599
0.06042854
0.08993202
0.07418042
0.1033335
0.09372345
0.1162481
0.1082126
0.129729
0.1168061
0.1427392
0.1296789
0.1562514
0.1422052
0.1706489
0.1488032
0.1838716
0.1609428
0.1955276
0.1741134
0.2061396
0.1830547
0.2152668
0.1962835
0.2286724
0.2056771
0.2426887
0.2180142
0.2519721
0.2299494
0.2605987
0.2424929
0.2695633
0.2560508
0.281592
0.270159
0.293921
0.2825502
0.3078705
0.2962601
0.3201036
0.3067495
0.3320349
0.3153826
0.3460614
0.32888
0.3546967
0.3380238
0.3634297
0.3567153
0.373661
0.3676231
0.3849063
0.3762125
0.396381
0.3857438
0.4056392
0.4065556
0.4143141
0.4184178
0.4279739
0.4274884
0.4399237
0.4396568
0.4509235
0.4487212
0.4614608
0.4631233
0.474325
0.4759333
0.4857539
0.4850807
0.4982662
0.5087929
0.5108596
0.5173508
0.5237862
0.5259134
0.5357256
0.5369359
0.5484005
0.5580103
0.5550919
0.567754
0.5687333
0.5763539
0.5773875
0.5852864
0.5911097
0.5920699
0.6004329
0.6041219
0.6139322
0.6127486
0.6247818
0.6257526
0.6333982
0.6355857
0.6453981
0.6482664
0.6603104
0.6572144
0.6700976
0.6679059
0.6826513
0.6910072
0.6933616
0.7002632
0.7031862
0.7136151
0.7167674
0.7262753
0.7299481
0.7380376
0.7396583
0.7491914
0.7532434
0.7590454
0.7655287
0.7785429
0.7793159
0.7916778
0.791955
0.8003483
0.8044486
0.8092831
0.817921
0.8158813
0.8310561
0.8244166
0.8426834
0.8330809
0.8552389
0.8476599
0.8677928
0.8611451
0.8764617
0.8702823
0.8898258
0.8814716
0.9001941
0.8926815
0.9112544
0.9013275
0.9250271
0.9140147
0.9400516
0.9257293
0.9531809
0.9379954
0.9678174
0.9497053
0.9833253
0.9588468
0.9978502
0.9716064
1.012223
0.9782591
1.023493
0.9921229
1.037754
1.006716
1.051566
1.018141
1.065657
1.031733
1.079421
1.04318
1.090221
1.054328
1.1009
1.067003
1.114856
1.091998
1.128772
1.104897
1.140457
1.11686
1.152991
1.129382
1.165655
1.136201
1.180277
1.148598
1.195296
1.158588
1.206122
1.171388
1.220645
1.18526
1.229299
1.197666
1.238426
1.206303
1.247053
1.219257
1.255742
1.227898
1.264742
1.234657
1.274637
1.243261
1.283273
1.251861
1.295043
1.275793
1.301787
1.284658
1.310378
1.301739
1.319007
1.310741
1.325632
1.319273
1.335878
1.325872
1.344509
1.337517
1.353208
1.344073
1.361852
1.350473
1.37065
1.356873
1.38207
1.365769
1.388674
1.374339
1.395243
1.380924
1.401824
1.389501
1.410436
1.399449
1.419072
1.40805
1.427717
1.414605
1.436344
1.421173
1.445848
1.427769
1.456213
1.434162
1.464852
1.44074
1.476108
1.450121
1.48627
1.458693
1.497959
1.465468
1.50684
1.474178
1.51854
1.480739
1.52756
1.497872
1.53431
1.506461
1.543035
1.516977
1.549783
1.525556
1.558491
1.534194
1.567115
1.542776
1.573893
1.549356
1.58437
1.558582
1.593542
1.565191
1.602208
1.573763
1.608944
1.582337
1.615884
1.590903
1.624881
1.601057
1.631641
1.609596
1.642085
1.616171
1.650668
1.626249
1.657272
1.633031
1.663838
1.641601
1.670409
1.648335
1.677003
1.656909
1.688367
1.663703
1.696979
1.672899
1.70674
1.6816
1.715344
1.6902
1.724026
1.701502
1.730779
1.708256
1.741045
1.719266
1.752768
1.727923
1.761779
1.736599
1.77044
1.743334
1.781546
1.749732
1.78835
1.756121
1.800312
1.762717
1.806908
1.769267
1.817026
1.775667
1.824002
1.784223
1.836291
1.790787
1.844934
1.7972
1.857911
1.803621
1.864644
1.812199
1.871071
1.818932
1.879731
1.825507
1.888577
1.831932
1.900208
1.83852
1.906958
1.847065
1.915489
1.85364
1.922272
1.860036
1.93089
1.86646
1.937625
1.881366
1.944194
1.888093
1.950776
1.89452
1.959775
1.901064
1.966371
1.907654
1.976
1.916239
1.986575
1.926367
1.995224
1.932963
2.004133
1.939361
2.010908
1.94575
2.02262
1.95233
2.029351
1.963492
2.03808
1.981016
2.047065
1.987729
2.057307
1.994187
2.065887
2.002862
2.072464
2.009593
2.081137
2.016147
2.092949
2.022728
2.099695
2.029328
2.108345
2.040317
2.117286
2.049389
2.125992
2.062396
2.134565
2.07129
2.144507
2.079929
2.155227
2.090712
2.163837
2.099368
2.173906
2.116984
2.182958
2.128765
2.191618
2.135346
2.200415
2.143927
2.207353
2.15051
2.217203
2.159446
2.22588
2.168356
2.237096
2.176993
2.243858
2.183553
2.254556
2.190124
2.263287
2.198778
2.273429
2.207359
2.284341
2.213926
2.293291
2.231117
2.304703
2.240108
2.311432
2.249012
2.318036
2.255779
2.329548
2.267562
2.338223
2.276155
2.349422
2.282886
2.359701
2.289442
2.368435
2.311236
2.377082
2.319842
2.383835
2.328456
2.393961
2.337748
2.40274
2.346341
2.411456
2.353083
2.418193
2.37623
2.424808
2.38279
2.433769
2.391315
2.442426
2.398086
2.451035
2.406675
2.459768
2.415319
2.470301
2.425789
2.481754
2.432389
2.488723
2.438954
2.498265
2.447589
2.505015
2.462949
2.515671
2.471553
2.524366
2.480155
2.536885
2.489827
2.54822
2.496429
2.557932
2.502988
2.564682
2.51152
2.575002
2.518247
2.584563
2.524639
2.593098
2.531254
2.601697
2.539822
2.608262
2.548413
2.614822
2.554967
2.621431
2.561578
2.630062
2.571519
2.638889
2.580017
2.647496
2.586583
2.654296
2.595179
2.664471
2.601718
2.671213
2.608289
2.679791
2.614685
2.686746
2.623251
2.695479
2.631828
2.708133
2.638572
2.71726
2.648984
2.728599
2.655572
2.737269
2.667503
2.746417
2.676417
2.755163
2.69435
2.763881
2.701074
2.770614
2.707481
2.7772
2.71797
2.786256
2.729438
2.792856
2.735984
2.799428
2.742373
2.80806
2.74878
2.817203
2.757703
2.823809
2.76635
2.832409
2.774945
2.841094
2.781516
2.852529
2.790077
2.86116
2.798782
2.867725
2.814478
2.874129
2.829782
2.882893
2.836182
2.89156
2.846956
2.901759
2.85351
2.908334
2.860079
2.916915
2.868647
2.925656
2.87522
2.932405
2.883774
2.943585
2.890314
2.950327
2.896914
2.959267
2.905485
2.969331
2.914087
2.977947
2.920775
2.986535
2.927336
2.995341
2.935952
3.004155
2.942506
3.013461
2.948913
3.022131
2.958579
3.028867
2.967168
3.037625
2.973712
3.049491
2.980274
3.056091
2.986668
3.06248
2.995265
3.069024
3.001819
3.075608
3.016934
3.084391
3.025888
3.094251
3.035712
3.103253
3.042285
3.111956
3.050845
3.11869
3.066174
3.127333
3.07273
3.133889
3.079111
3.140475
3.092066
3.150755
3.100644
3.15755
3.107378
3.166189
3.128896
3.174812
3.135621
3.186185
3.142177
3.195269
3.148754
3.208354
3.158664
3.214925
3.165274
3.221538
3.182773
3.232331
3.189161
3.242731
3.195575
3.251353
3.202135
3.258153
3.208552
3.267642
3.227566
3.274374
3.234107
3.280953
3.240508
3.290983
3.256224
3.29755
3.262668
3.3062
3.272307
3.315485
3.280932
3.328153
3.289502
3.334728
3.296107
3.34131
3.306294
3.350907
3.322485
3.359532
3.332307
3.368534
3.338876
3.37838
3.347472
3.387152
3.356041
3.393708
3.364623
3.400285
3.371344
3.409264
3.378073
3.420214
3.384469
3.430151
3.393075
3.43673
3.399677
3.443128
3.408204
3.451684
3.418464
3.46255
3.425014
3.4758
3.431437
3.487137
3.437834
3.495749
3.446369
3.50235
3.452957
3.513931
3.463742
3.523003
3.474705
3.531547
3.483217
3.542674
3.491796
3.552328
3.501904
3.560946
3.517166
3.571808
3.537269
3.580777
3.543836
3.589393
3.553415
3.601202
3.564302
3.612716
3.572819
3.624332
3.581302
3.636748
3.590221
3.649015
3.599568
3.657948
3.612468
3.670396
3.621062
3.681843
3.632103
3.691795
3.640605
3.703947
3.649588
3.71893
3.660435
3.725746
3.672635
3.738879
3.686754
3.750392
3.698282
3.764581
3.708655
3.775707
3.7199
3.78547
3.726501
3.797261
3.739148
3.808853
3.7499
3.81883
3.756479
3.831523
3.7653
3.8429
3.77713
3.853737
3.783699
3.86281
3.792287
3.86941
3.80249
3.881126
3.809061
3.891143
3.817965
3.899788
3.827865
3.909256
3.838
3.917831
3.846831
3.929858
3.859187
3.941794
3.870126
3.95661
3.878586
3.967918
3.885182
3.980476
3.896515
3.993724
3.908146
4.004729
3.914721
4.014009
3.923281
4.02451
3.933164
4.031098
3.93992
4.040922
3.951279
4.05233
3.96292
4.068182
3.988607
4.081863
3.99715
4.096159
4.005615
4.106671
4.015952
4.121525
4.02921
4.133193
4.04035
4.14432
4.046868
4.150895
4.060197
4.159426
4.06896
4.167913
4.077455
4.174471
4.085998
4.180871
4.092596
4.189517
4.102027
4.201737
4.110893
4.215491
4.123522
4.222156
4.134339
4.235537
4.142848
4.247455
4.149447
4.259315
4.162213
4.270913
4.174149
4.283033
4.182671
4.291871
4.191559
4.306712
4.201079
4.318101
4.209691
4.331136
4.223946
4.344203
4.236643
4.357836
4.245282
4.370794
4.257213
4.385054
4.270276
4.397789
4.281359
4.41191
4.291
4.422199
4.303079
4.435628
4.31535
4.4472
4.330066
4.460798
4.34068
4.475689
4.352876
4.490322
4.36369
4.501828
4.377477
4.515905
4.388212
4.529365
4.402941
4.543029
4.41301
4.552627
4.421532
4.56472
4.433599
4.57637
4.447536
4.590016
4.459077
4.608711
4.467754
4.622234
4.480531
4.637417
4.493526
4.651923
4.505343
4.671064
4.517661
4.697161
4.531009
4.710496
4.539971
4.725315
4.550485
4.742683
4.562608
4.760529
4.571342
4.776055
4.586487
4.798913
4.59542
4.807127
4.609536
4.832923
4.620332
4.85602
4.629403
4.873963
4.642742
4.898096
4.655706
4.920421
4.669952
4.947828
4.681253
4.962345
4.694043
4.978557
4.70793
4.996558
4.718617
5.011018
4.731673
5.02816
4.742969
5.043443
4.757054
5.059959
4.76967
5.075177
4.783605
5.097312
4.800215
5.112714
4.813081
5.137474
4.828414
5.152755
4.842202
5.170506
4.85991
5.184048
4.873566
5.207218
4.887615
5.222753
4.905646
5.24594
4.922646
5.264712
4.936714
5.286945
4.952013
5.302381
4.96608
5.322892
4.983213
5.337034
5.003506
5.356823
5.018731
5.377447
5.034545
5.39536
5.05484
5.411251
5.073731
5.426184
5.090864
5.442406
5.106445
5.457489
5.122057
5.478116
5.144968
5.498693
5.159117
5.517611
5.19525
5.537333
5.226178
5.551024
5.246732
5.570024
5.26904
5.587236
5.303443
5.60789
5.329065
5.63091
5.351446
5.646335
5.377066
5.668672
5.394034
5.696811
5.412574
5.726708
5.43205
5.745776
5.453294
5.776511
5.473691
5.793777
5.494955
5.815108
5.510272
5.840976
5.627668
5.859178
5.650841
5.882577
5.677401
5.911617
5.698055
5.936572
5.724833
5.970811
5.759866
5.998308
5.834839
6.02483
5.862444
6.052211
5.919368
6.082102
5.959836
6.107899
5.997656
6.144767
6.028103
6.167973
6.086699
6.196482
6.133972
6.226438
6.163396
6.25382
6.213507
6.280412
6.254121
6.316702
6.304032
6.359341
6.334678
6.393167
6.357543
6.4436
6.37883
6.490521
6.441052
6.5406
6.543387
6.590032
6.620119
6.640276
6.655451
6.690607
6.70384
6.740822
6.749514
6.791283
6.799879
6.841624
6.850182
6.89201
6.900558
6.942292
6.950979
6.992406
7.001085
7.042748
7.050644
7.093074
7.100949
7.142871
7.151377
7.192953
7.201709
7.242587
7.25157
7.292819
7.301307
7.342458
7.351743
7.39285
7.401563
7.442747
7.451231
7.492466
7.501063
7.542193
7.550668
7.591879
7.600348
7.691339
7.650626
7.741346
7.70026
7.791276
7.749876
7.841067
7.800262
7.890868
7.849929
7.941329
7.899626
7.991474
7.950054
8.041306
8.000543
8.091048
8.100228
8.140739
8.15016
8.190532
8.250092
8.240306
8.299923
8.290201
8.349957
8.340203
8.399796
8.389858
8.449689
8.439601
8.499448
8.489245
8.549076
8.539037
8.648803
8.588833
8.698607
8.638932
8.748775
8.689198
8.799262
8.739195
8.849681
8.789497
8.89948
8.839383
8.949236
8.889379
8.999072
8.939123
9.048745
8.989097
9.098517
9.039151
9.148533
9.089563
9.198378
9.139987
9.248876
9.190388
9.298592
9.240011
9.348392
9.290098
9.398194
9.34011
9.448505
9.390073
9.498252
9.489491
9.548466
9.539692
9.598937
9.590037
9.651561
9.640048
9.699372
9.690084
9.749534
9.73971
9.79978
9.789841
9.84966
9.839668
9.900026
9.889807
9.949841
9.939973
9.999725
9.989669
10.04972
10.0397
10.09939
10.08976
10.14939
10.14015
10.19949
10.18983
10.24923
10.23962
10.34952
10.2901
10.39921
10.34023
10.44903
10.39041
10.49879
10.4403
10.5489
10.49054
10.59907
10.54023
10.64918
10.59067
10.6993
10.6405
10.74968
10.69046
10.79952
10.74095
10.84925
10.79063
10.89921
10.84049
10.94882
10.89065
10.99856
10.94074
11.04862
11.0412
11.09829
11.09139
11.1485
11.14125
11.19868
11.19113
11.2485
11.29066
11.29837
11.34092
11.34807
11.39077
11.3979
11.44048
11.44757
11.49041
11.49793
11.54019
11.54833
11.59002
11.59877
11.63972
11.6488
11.6896
11.69901
11.73955
11.74869
11.78946
11.79843
11.83905
11.84837
11.88912
11.88705
11.92186
11.93741
12.02216
11.98727
12.07253
12.03766
12.12217
12.08807
12.1719
12.13775
12.22223
12.18745
12.27206
12.23741
12.322
12.28748
12.37173
12.33774
12.42192
12.38781
12.47232
12.43753
12.52231
12.48731
12.6217
12.537
12.67146
12.58672
12.72126
12.63704
12.77106
12.68702
12.82137
12.73669
12.8717
12.78698
12.92156
12.83732
12.97136
12.88733
13.02145
12.93734
13.07165
12.98775
13.12212
13.03728
13.17191
13.08712
13.22217
13.1372
13.27264
13.18738
13.32264
13.23754
13.37236
13.28733
13.42244
13.33746
13.47211
13.38707
13.52236
13.43718
13.57215
13.48721
13.62249
13.53739
13.67231
13.58707
13.72195
13.68766
13.77197
13.73745
13.82168
13.78783
13.8713
13.83807
13.92131
13.88836
13.97124
13.98849
14.02156
14.03843
14.07131
14.08883
14.12151
14.13852
14.17124
14.18896
14.22123
14.23925
14.27169
14.28897
14.3221
14.33932
14.37234
14.38919
14.42246
14.43941
14.47287
14.48959
14.57003
14.53995
14.62029
14.58965
14.67028
14.63955
14.72032
14.68944
14.77062
14.73967
14.82076
14.78985
14.87102
14.83996
14.92134
14.89024
14.97122
14.94055
15.02088
14.99078
15.07078
15.04077
15.12102
15.09061
15.17094
15.17583
15.22138
15.22624
15.2716
15.27669
15.32129
15.3263
15.37095
15.37617
15.42074
15.42588
15.47052
15.47568
15.52055
15.52617
15.57021
15.57586
15.62018
15.62589
15.67014
15.67554
15.71981
15.72579
15.7696
15.77599
15.81948
15.82568
15.91975
15.87567
15.97007
15.92537
16.0207
15.97573
16.1185
16.02603
16.16863
16.07648
16.21881
16.12666
16.26921
16.17669
16.31959
16.22668
16.3694
16.27709
16.41907
16.32707
16.4694
16.37674
16.51956
16.42715
16.5693
16.47679
16.61897
16.52728
16.6689
16.57767
16.71872
16.62812
16.76844
16.67832
16.81892
16.72849
16.8692
16.77894
16.91896
16.82915
16.96886
16.92981
17.01857
16.98021
17.06851
17.03007
17.11771
17.07997
17.16755
17.12973
17.21719
17.1795
17.26757
17.22966
17.31802
17.27978
17.36818
17.32948
17.41796
17.37932
17.46818
17.42938
17.51844
17.4792
17.56836
17.52953
17.61844
17.57943
17.66871
17.62946
17.71914
17.6797
17.76947
17.71699
17.81957
17.76678
17.8697
17.81499
17.92004
17.86525
17.97001
17.90239
18.01991
18.00259
18.07003
18.05279
18.12017
18.10312
18.17021
18.15275
18.22026
18.20244
18.27041
18.25206
18.32073
18.30199
18.37104
18.35166
18.42143
18.40131
18.47175
18.45103
18.52209
18.50079
18.57178
18.55048
18.62215
18.60015
18.67265
18.65019
18.72268
18.70011
18.77242
18.75015
18.82227
18.85095
18.87207
18.90125
18.92188
19.00181
18.97169
19.05215
19.02155
19.10242
19.07126
19.15221
19.12161
19.20264
19.17175
19.25297
19.22193
19.30295
19.27165
19.35276
19.3722
19.40321
19.42267
19.45356
19.47254
19.50388
19.52242
19.55384
19.57157
19.60388
19.62194
19.6545
19.67188
19.70477
19.72206
19.75497
19.77251
19.8048
19.82286
19.85502
19.87251
19.9049
19.92294
19.95454
19.97334
20.00482
20.02294
20.05482
20.07293
20.10526
20.1233
20.15545
20.17365
20.20561
20.21791
20.25552
20.26791
20.29929
20.31774
20.34893
20.36804
20.39859
20.41832
20.44902
20.4681
20.49881
20.51837
20.54912
20.56839
20.59934
20.61825
20.64976
20.66805
20.70005
20.71846
20.75041
20.7681
20.80029
20.81791
20.85041
20.86753
20.90048
20.91726
20.95055
20.9677
21.00081
21.01815
21.05112
21.06822
21.10107
21.11818
21.15145
21.16826
21.20185
21.21857
21.25214
21.26824
21.30221
21.31859
21.35188
21.36903
21.40148
21.41938
21.45113
21.46908
21.50119
21.51941
21.55152
21.56936
21.60134
21.61981
21.65151
21.67008
21.75159
21.72041
21.8016
21.77075
21.85192
21.8206
21.9018
21.87104
21.95204
21.92142
22.00179
21.97171
22.05167
22.02202
22.10191
22.07238
22.15228
22.12229
22.20258
22.17278
22.25224
22.22262
22.30211
22.27257
22.35173
22.32281
22.40219
22.37287
22.45185
22.4229
22.50222
22.47284
22.55184
22.52247
22.60204
22.57215
22.65183
22.62023
22.70185
22.67026
22.75155
22.72012
22.80131
22.77027
22.85109
22.82193
22.90111
22.87043
22.95136
22.9204
23.00163
22.97003
23.05141
23.02032
23.09327
23.06799
23.14331
23.1176
23.18668
23.16785
23.23682
23.21753
23.28648
23.26762
23.3867
23.31785
23.43616
23.36789
23.48629
23.4178
23.53664
23.46786
23.58646
23.51811
23.63651
23.56853
23.68661
23.61834
23.73663
23.66852
23.78683
23.71859
23.83656
23.76908
23.88697
23.81931
23.93742
23.86898
23.98722
23.9194
24.03741
23.96932
24.08703
24.01484
24.13728
24.06491
24.18772
24.11507
24.23802
24.21543
24.28849
24.26573
24.33849
24.31538
24.3882
24.36514
24.43805
24.41533
24.48796
24.46534
24.53776
24.51557
24.58814
24.61496
24.63792
24.66525
24.68816
24.71502
24.73851
24.76464
24.78891
24.81485
24.83898
24.9151
24.88885
24.96546
24.93901
25.0152
24.98908
25.06533
25.03944
25.11566
25.08982
25.16605
25.14027
25.21575
25.19011
25.26599
25.23981
25.31605
25.28994
25.36608
25.34032
25.41587
25.39001
25.46628
25.43986
25.51599
25.48991
25.56569
25.53967
25.61545
25.58944
25.66578
25.63987
25.7157
25.68946
25.76583
25.73984
25.8155
25.79014
25.86545
25.83994
25.91536
25.89032
25.96521
25.94046
26.01488
25.99079
26.06531
26.0408
26.11564
26.09047
26.16557
26.14033
26.2153
26.18999
26.2654
26.2399
26.31563
26.28985
26.36582
26.34011
26.41543
26.44071
26.46549
26.49104
26.51582
26.54146
26.566
26.59332
26.61648
26.69209
26.66628
26.74266
26.71647
26.7925
26.76687
26.84218
26.81654
26.89191
26.86662
26.94174
26.91701
26.99204
26.96707
27.04251
27.01686
27.09262
27.06666
27.14268
27.11635
27.19308
27.16675
27.24295
27.21708
27.2931
27.26682
27.34356
27.31701
27.39377
27.36742
27.44407
27.41787
27.49404
27.46828
27.5438
27.5186
27.59424
27.56907
27.64457
27.61947
27.69446
27.66952
27.74441
27.71954
27.79471
27.76967
27.84492
27.8194
27.89514
27.86527
27.94496
27.91546
27.99499
27.96588
28.04522
28.0158
28.09537
28.0655
28.1453
28.11573
28.18899
28.15764
28.23766
28.18912
28.28339
28.2395
28.33328
28.28937
28.38294
28.33967
28.41473
28.38994
28.46507
28.44033
28.51487
28.49021
28.56462
28.5406
28.61428
28.59078
28.66406
28.64107
28.71429
28.69082
28.76461
28.7409
28.81449
28.79111
28.86444
28.84125
28.91455
28.89123
28.96433
28.94143
29.01405
28.9912
29.06449
29.04143
29.11433
29.09165
29.16438
29.14131
29.21475
29.1917
29.26512
29.24196
29.31478
29.29206
29.36486
29.34211
29.41486
29.39178
29.46511
29.44215
29.51537
29.49178
29.56544
29.54155
29.61578
29.59156
29.66614
29.64179
29.69817
29.6899
29.74841
29.73134
29.77981
29.78121
29.82966
29.81601
29.8742
29.866
29.92237
29.91647
29.97266
29.9669
30.02272
30.01682
30.0726
30.06684
30.12302
30.11653
30.1728
30.16624
30.22305
30.21622
30.27253
30.26598
30.32215
30.31622
30.37257
30.3667
30.42239
30.41637
30.47225
30.46601
30.52192
30.51574
30.57165
30.56536
30.62193
30.61576
30.67163
30.66595
30.72131
30.71615
30.77107
30.7666
30.82082
30.8163
30.87111
30.86606
30.92144
30.91634
30.97112
30.9661
31.02076
31.01579
31.07084
31.06609
31.12125
31.11642
31.17131
31.16629
31.22098
31.21616
31.27095
31.26589
31.37111
31.31602
31.42091
31.36613
31.4709
31.41578
31.52051
31.46329
31.57091
31.51298
31.6043
31.55764
31.64375
31.60734
31.69377
31.65746
31.74416
31.70745
31.79397
31.75785
31.84369
31.80815
31.89364
31.85826
31.944
31.90861
31.99444
31.95858
32.0447
32.00871
32.09443
32.05853
32.1445
32.10871
32.19472
32.1592
32.2449
32.20952
32.29483
32.2598
32.34449
32.31025
32.3945
32.3602
32.44476
32.41031
32.49488
32.46032
32.54459
32.51037
32.59427
32.56052
32.64399
32.61059
32.69382
32.66036
32.74372
32.70998
32.79347
32.76027
32.8438
32.80994
32.89429
32.85957
32.9446
32.90933
32.99471
32.95971
33.04442
33.00977
33.09431
33.05978
33.14428
33.10944
33.19388
33.15975
33.24368
33.21022
33.29332
33.26038
33.34362
33.31037
33.39338
33.36019
33.44403
33.40992
33.49431
33.46028
33.54432
33.51046
33.59441
33.56011
33.64434
33.60985
33.69416
33.6601
33.74444
33.70996
33.79454
33.76021
33.83509
33.81041
33.88537
33.86027
33.93566
33.91023
33.98566
33.95991
34.03566
34.00951
34.08606
34.05989
34.13584
34.10973
34.18622
34.15938
34.23585
34.20924
34.28589
34.25888
34.33595
34.3087
34.38557
34.35837
34.4353
34.40848
34.48503
34.45861
34.53479
34.50904
34.58491
34.55917
34.63468
34.60915
34.68512
34.65922
34.73558
34.7095
34.78602
34.75922
34.83644
34.80896
34.88623
34.85874
34.93651
34.90915
34.98651
34.95943
35.03691
35.00915
35.08712
35.05882
35.13681
35.10847
35.18725
35.15896
35.23705
35.20889
35.2867
35.25887
35.33709
35.30856
35.38758
35.35889
35.43737
35.40868
35.48722
35.45834
35.53718
35.50822
35.58715
35.55832
35.63711
35.60861
35.68722
35.65905
35.73743
35.70894
35.78767
35.75867
35.83811
35.80846
35.88836
35.85875
35.93856
35.90914
35.98861
35.95961
36.03894
36.01006
36.08881
36.05977
36.13908
36.10948
36.18921
36.15941
36.23921
36.20919
36.28888
36.25958
36.33876
36.30996
36.38874
36.35984
36.43903
36.40994
36.48943
36.46019
36.53967
36.50999
36.58962
36.55981
36.63955
36.60953
36.68956
36.65971
36.73951
36.7099
36.7894
36.75952
36.83922
36.80627
36.88908
36.8566
36.93921
36.90644
36.98954
36.95665
37.03941
37.00636
37.08928
37.1061
37.13959
37.15639
37.18988
37.20613
37.23953
37.25616
37.28973
37.30651
37.34
37.35619
37.38968
37.40616
37.4396
37.45592
37.4893
37.50578
37.53917
37.55583
37.58938
37.60545
37.6393
37.65529
37.68966
37.70535
37.73986
37.75497
37.78964
37.80474
37.84005
37.85461
37.89004
37.90448
37.94026
37.95437
37.99002
38.00457
38.0397
38.05463
38.08934
38.10448
38.13979
38.15487
38.19014
38.20515
38.24057
38.25541
38.291
38.30585
38.3408
38.35543
38.39103
38.40518
38.44086
38.45504
38.49051
38.50509
38.54051
38.55528
38.59057
38.6056
38.64076
38.65583
38.69039
38.70588
38.74065
38.7558
38.79082
38.79268
38.83186
38.84306
38.87541
38.89213
38.90051
38.94223
38.95024
38.99228
39.00039
39.04246
39.05078
39.09266
39.10048
39.13312
39.14639
39.16058
39.18014
39.19712
39.20908
39.22647
39.24894
39.26334
39.28109
39.2978
39.30774
39.33683
39.33112
39.3632
39.35249
39.40147
39.39667
39.43196
39.42822
39.46454
39.47187
39.50209
39.50161
39.55187
39.55183
39.60078
39.57948
39.64613
39.62984
39.69633
39.67587
39.74595
39.72616
39.78566
39.77648
39.83611
39.82615
39.88615
39.87631
39.93615
39.92655
39.98621
39.97696
40.03601
40.02703
40.08654
40.07709
40.13688
40.12729
40.18718
40.17701
40.23686
40.227
40.28675
40.27866
40.33666
40.32723
40.3871
40.37701
40.43674
40.42689
40.48641
40.47703
40.53629
40.52696
40.58672
40.57696
40.63705
40.62716
40.68676
40.67714
40.73649
40.72679
40.78633
40.77668
40.83676
40.82629
40.887
40.87612
40.93732
40.92572
40.98285
40.97025
41.03273
41.02058
41.08312
41.07064
41.13338
41.12109
41.18317
41.17141
41.23283
41.22141
41.28278
41.27179
41.33298
41.32187
41.38315
41.37222
41.43316
41.42262
41.48329
41.47298
41.53299
41.52265
41.58265
41.57251
41.63303
41.62244
41.68305
41.67268
41.73278
41.72228
41.78297
41.77256
41.83327
41.82236
41.88356
41.87236
41.9337
41.92212
41.98388
41.97234
42.03349
42.0227
42.08335
42.07233
42.13374
42.1224
42.18402
42.17213
42.2339
42.22246
42.28377
42.27244
42.33342
42.32286
42.3833
42.37324
42.4332
42.42359
42.48347
42.4733
42.53315
42.5739
42.58322
42.62425
42.63301
42.67453
42.68322
42.72426
42.73336
42.77452
42.78347
42.82482
42.8339
42.87443
42.88352
42.92476
42.9335
42.97502
42.98394
43.02481
43.02585
43.07494
43.07568
43.12017
43.12546
43.1699
43.17595
43.21965
43.22633
43.26991
43.27653
43.32009
43.32619
43.37025
43.37814
43.42044
43.42643
43.47077
43.47629
43.52061
43.52602
43.57048
43.57581
43.62022
43.62573
43.67041
43.67622
43.72031
43.72602
43.77042
43.77592
43.81974
43.82586
43.86955
43.87614
43.91975
43.92592
43.97016
43.97575
44.02002
44.02554
44.06997
44.07534
44.11959
44.12535
44.16974
44.2256
44.22009
44.27585
44.2701
44.3255
44.32022
44.37247
44.36993
44.42243
44.41992
44.47224
44.46994
44.52185
44.51975
44.57161
44.56955
44.62179
44.61921
44.67213
44.66895
44.72194
44.71922
44.77227
44.76915
44.82206
44.81933
44.87177
44.86935
44.92174
44.91919
44.97136
44.96954
45.0211
45.01947
45.0712
45.06932
45.11725
45.1194
45.16724
45.16949
45.21717
45.21865
45.26704
45.26866
45.31738
45.31882
45.36743
45.36897
45.41715
45.4188
45.46745
45.46901
45.51722
45.51907
45.56745
45.56921
45.61785
45.61895
45.66749
45.66917
45.71718
45.71883
45.76756
45.76866
45.81755
45.81871
45.86752
45.8684
45.91738
45.91881
45.96705
45.9685
46.01694
46.0181
46.06701
46.06833
46.11677
46.11811
46.16722
46.16807
46.21715
46.21778
46.26736
46.26766
46.31781
46.31763
46.36803
46.36753
46.41803
46.41763
46.4678
46.46762
46.51803
46.51767
46.5682
46.56776
46.6182
46.61783
46.66863
46.66817
46.71864
46.71803
46.76855
46.76765
46.81836
46.81748
46.86823
46.86737
46.91821
46.91779
46.96842
46.96751
47.0184
47.01778
47.0688
47.06836
47.1192
47.11786
47.16961
47.16831
47.21936
47.21791
47.26949
47.26788
47.31992
47.31803
47.37006
47.36812
47.42025
47.41792
47.47042
47.46788
47.52052
47.51804
47.5704
47.56769
47.62054
47.61796
47.67102
47.66771
47.72069
47.71789
47.77109
47.76778
47.82127
47.81824
47.87168
47.86835
47.92148
47.9183
47.97174
47.96821
48.02147
48.01801
48.0713
48.06776
48.12119
48.1178
48.17118
48.16784
48.22107
48.21793
48.27098
48.268
48.32125
48.31789
48.37119
48.36833
48.42126
48.41801
48.47092
48.46774
48.52057
48.51747
48.57054
48.56786
48.62093
48.61827
48.67059
48.66879
48.72046
48.71835
48.77077
48.76815
48.82113
48.81813
48.8716
48.86793
48.92157
48.91793
48.9714
48.96788
49.0212
49.01834
49.07098
49.06847
49.12078
49.11835
49.17068
49.16811
49.22043
49.21822
49.2702
49.26829
49.32004
49.31867
49.3701
49.36828
49.41996
49.41792
49.4698
49.46772
49.52026
49.51754
49.57023
49.56794
49.62006
49.61768
49.66969
49.66732
49.71951
49.71763
49.76952
49.76728
49.81999
49.817
49.86999
49.86704
49.91962
49.9172
49.96998
49.96733
50.01951
50.01724
50.06929
50.06693
50.11962
50.11698
50.17004
50.16732
50.21976
50.21914
50.2699
50.26747
50.3203
50.3175
50.37008
50.36767
50.42
50.41697
50.47002
50.46693
50.51964
50.51696
50.56967
50.56689
50.61984
50.6169
50.67002
50.71686
50.72053
50.76711
50.77061
50.81691
50.82095
50.86739
50.87124
50.91726
50.92097
50.96699
50.97083
51.01679
51.02048
51.06664
51.07009
51.11639
51.11987
51.16616
51.17029
51.21584
51.21996
51.26624
51.26987
51.31599
51.31963
51.36585
51.36928
51.41572
51.41979
51.46558
51.46979
51.51521
51.51985
51.56503
51.56955
51.61514
51.61939
51.66536
51.66956
51.71556
51.71959
51.7659
51.76945
51.81581
51.81992
51.86564
51.86961
51.91531
51.96906
51.96548
52.01882
52.01547
52.06909
52.06554
52.11933
52.11541
52.16969
52.16503
52.22005
52.21521
52.26987
52.26484
52.31988
52.31448
52.37
52.36441
52.42021
52.41415
52.47026
52.4643
52.52024
52.5146
52.57005
52.56434
52.62003
52.61401
52.67005
52.66393
52.7199
52.71428
52.77024
52.76432
52.81994
52.81433
52.86977
52.86465
52.91992
52.91498
52.96962
52.96466
53.02134
53.01473
53.07036
53.06522
53.12002
53.11512
53.16967
53.16479
53.2195
53.21442
53.26953
53.26482
53.31937
53.31448
53.36906
53.36488
53.41906
53.41653
53.46879
53.46526
53.51879
53.51578
53.56884
53.56532
53.61895
53.66539
53.66872
53.71502
53.71849
53.76466
53.76841
53.81447
53.81809
53.86414
53.86826
53.91411
53.91866
53.96399
53.96909
54.01371
54.01917
54.06384
54.0689
54.11381
54.11934
54.16378
54.16914
54.21371
54.21955
54.26394
54.26922
54.31414
54.31896
54.36385
54.36876
54.41426
54.46827
54.46396
54.51842
54.51439
54.56813
54.56414
54.61828
54.61397
54.66802
54.66375
54.7182
54.71353
54.76791
54.7639
54.81835
54.81376
54.86842
54.86369
54.91868
54.91388
54.96869
54.96431
55.0187
55.01421
55.06875
55.06421
55.11881
55.11455
55.16925
55.16488
55.21964
55.21469
55.26949
55.26472
55.31927
55.31491
55.36956
55.36517
55.41985
55.41545
55.47009
55.46589
55.5199
55.51617
55.57003
55.56615
55.61972
55.61664
55.66969
55.66634
55.71942
55.71676
55.76981
55.76708
55.82026
55.81675
55.86985
55.8665
55.91995
55.91677
55.97001
55.96716
56.01991
56.01729
56.06998
56.06718
56.11961
56.1171
56.16987
56.16694
56.21953
56.2168
56.26993
56.26686
56.32055
56.31666
56.3702
56.36675
56.42041
56.4166
56.46994
56.46628
56.51958
56.51666
56.5696
56.56643
56.61964
56.61659
56.66606
56.66697
56.71631
56.71686
56.76604
56.76862
56.81564
56.81708
56.86591
56.86716
56.9156
56.91695
56.9656
56.96694
57.01578
57.01686
57.06603
57.06668
57.11633
57.11692
57.16603
57.16682
57.21638
57.21686
57.26609
57.26702
57.31643
57.31749
57.36616
57.36759
57.41596
57.41792
57.46578
57.46774
57.51591
57.51807
57.56588
57.56798
57.59469
57.61798
57.64492
57.66807
57.69492
57.71778
57.74525
57.76805
57.7955
57.81845
57.84511
57.86806
57.89524
57.91825
57.94536
57.96827
57.99572
58.01874
58.04546
58.06845
58.09558
58.11818
58.14529
58.16814
58.19551
58.21824
58.24577
58.26791
58.29544
58.31753
58.34563
58.3679
58.39595
58.41817
58.44595
58.46804
58.49597
58.51843
58.54561
58.5685
58.59549
58.61842
58.64569
58.66806
58.69589
58.71844
58.74569
58.7688
58.79549
58.81926
58.84591
58.86896
58.89554
58.91882
58.94516
58.96925
58.99526
59.01905
59.045
59.06891
59.09515
59.11904
59.14543
59.16903
59.1953
59.21903
59.29581
59.26879
59.34603
59.31915
59.39636
59.36909
59.44603
59.41934
59.49646
59.46896
59.54607
59.51945
59.59647
59.56979
59.64656
59.61976
59.69679
59.66976
59.74736
59.72025
59.79767
59.77071
59.84798
59.82043
59.89761
59.87014
59.94736
59.91998
59.99752
59.96982
60.04729
60.02143
60.09701
60.06987
60.14692
60.12031
60.19662
60.17038
60.24632
60.22057
60.29601
60.27095
60.34588
60.32101
60.39559
60.37074
60.44547
60.42114
60.49517
60.47127
60.54491
60.52176
60.59517
60.57183
60.64547
60.62206
60.69551
60.67214
60.74591
60.72254
60.79581
60.773
60.84541
60.82325
60.89584
60.8736
60.94591
60.92375
60.99611
60.97422
61.04629
61.02456
61.09647
61.07447
61.14669
61.12479
61.19699
61.17443
61.2473
61.22415
61.2977
61.27422
61.3475
61.32466
61.39799
61.37465
61.4482
61.42462
61.4978
61.47432
61.5475
61.52468
61.59711
61.575
61.64712
61.62518
61.69756
61.6748
61.74736
61.72465
61.79718
61.77468
61.84702
61.8244
61.89664
61.87484
61.94689
61.92533
61.99701
61.97507
62.04742
62.07487
62.09778
62.1248
62.14809
62.17524
62.19849
62.22504
62.24815
62.2754
62.29828
62.32566
62.34797
62.37565
62.39837
62.42566
62.44802
62.4754
62.49787
62.52567
62.54818
62.57538
62.59797
62.67553
62.6479
62.72591
62.69764
62.77624
62.74728
62.82604
62.79771
62.87639
62.84737
62.92677
62.89707
62.9766
62.94722
63.02659
62.99739
63.07639
63.04742
63.12683
63.0975
63.17705
63.14748
63.22703
63.19714
63.27843
63.24679
63.32691
63.29721
63.37712
63.34734
63.42709
63.39769
63.47712
63.49776
63.52732
63.54769
63.57734
63.59739
63.62695
63.64735
63.67735
63.69779
63.72752
63.74741
63.77768
63.79705
63.82785
63.8474
63.87761
63.89704
63.92738
63.94686
63.97731
63.997
64.02778
64.04735
64.07757
64.09754
64.12727
64.14769
64.17717
64.19732
64.22704
64.24774
64.27715
64.29781
64.3232
64.32431
64.3557
64.36354
64.40573
64.39952
64.41923
64.44961
64.46917
64.49992
64.51503
64.54985
64.56477
64.60012
64.6645
64.64986
64.71482
64.70033
64.76455
64.7507
64.8143
64.8006
64.86401
64.85061
64.9138
64.90072
64.96355
64.95067
65.01316
65.00073
65.06301
65.0507
65.11333
65.1009
65.16322
65.15092
65.21292
65.20112
65.24549
65.23412
65.28881
65.28397
65.33519
65.3319
65.37741
65.38177
65.42749
65.43227
65.47713
65.48206
65.52722
65.53173
65.57758
65.58176
65.62795
65.63171
65.67812
65.68197
65.72827
65.73225
65.77794
65.78238
65.82794
65.83202
65.87824
65.88251
65.92855
65.93262
65.97831
65.98258
66.02832
66.03224
66.07797
66.08236
66.1277
66.13238
66.17778
66.18217
66.22754
66.23244
66.27728
66.28289
66.32767
66.33295
66.37805
66.38322
66.42839
66.43316
66.47843
66.48341
66.52866
66.53387
66.5789
66.58415
66.62879
66.63409
66.6786
66.68087
66.72847
66.73066
66.77838
66.78101
66.82838
66.83123
66.8787
66.88149
66.92873
66.93182
66.97878
66.98209
67.02924
67.03236
67.07917
67.0826
67.12918
67.13253
67.17882
67.18259
67.22852
67.23235
67.27831
67.28228
67.37784
67.33275
67.42759
67.38319
67.47783
67.43293
67.52749
67.48259
67.57712
67.53226
67.62691
67.58232
67.67698
67.63212
67.72668
67.68185
67.77679
67.73159
67.82644
67.78194
67.87631
67.83208
67.926
67.88192
67.97628
67.93236
68.02657
67.98258
68.07621
68.03218
68.12631
68.08238
68.17622
68.13258
68.22662
68.18287
68.27673
68.23325
68.32642
68.28318
68.37616
68.33334
68.42647
68.38326
68.47666
68.43295
68.52643
68.48267
68.57623
68.53228
68.62589
68.58266
68.67629
68.63313
68.72662
68.68346
68.77687
68.73315
68.8272
68.78314
68.8772
68.83334
68.92733
68.88364
68.97726
68.93388
69.02213
68.98423
69.07249
69.02367
69.12214
69.07381
69.16361
69.11094
69.21334
69.1393
69.25272
69.18909
69.30235
69.23898
69.35261
69.28909
69.40261
69.33912
69.45267
69.43919
69.50261
69.48903
69.55233
69.53885
69.60235
69.58931
69.65208
69.63969
69.70222
69.68951
69.75252
69.73995
69.803
69.79002
69.85275
69.84042
69.90319
69.89011
69.9528
69.94031
70.00245
69.99026
70.05238
70.04015
70.10257
70.09021
70.15244
70.14053
70.20226
70.19075
70.25271
70.2425
70.30272
70.29099
70.35285
70.33199
70.40333
70.38223
70.45498
70.4323
70.50338
70.48248
70.55338
70.5329
70.60299
70.58257
70.65294
70.63236
70.70323
70.68281
70.75293
70.73315
70.80326
70.78362
70.85332
70.83331
70.90309
70.88296
70.95284
70.93329
71.00264
70.98296
71.05285
71.0332
71.10331
71.08286
71.15318
71.13327
71.20346
71.18336
71.25325
71.23376
71.30366
71.28349
71.35365
71.33373
71.40276
71.38373
71.45306
71.43027
71.50319
71.48002
71.55331
71.53046
71.60304
71.57415
71.64624
71.62376
71.67608
71.66412
71.71918
71.71401
71.76945
71.7641
71.8191
71.81445
71.86928
71.86436
71.91963
71.91447
71.96955
71.96478
72.01994
72.01521
72.07035
72.06532
72.12075
72.11554
72.17041
72.16578
72.22021
72.21589
72.27061
72.26614
72.32064
72.31647
72.3705
72.36694
72.42048
72.41735
72.47021
72.467
72.52062
72.51678
72.5706
72.56667
72.62044
72.61711
72.67036
72.66718
72.7208
72.71717
72.77048
72.76682
72.82079
72.81699
72.87122
72.86734
72.92163
72.91764
72.9715
72.96737
73.02119
73.01781
73.07159
73.06826
73.12122
73.11851
73.17101
73.16863
73.22082
73.2188
73.27108
73.26919
73.32095
73.31937
73.37073
73.36976
73.47108
73.41943
73.52141
73.46976
73.5714
73.52017
73.62145
73.56996
73.67172
73.61987
73.72168
73.66966
73.77191
73.72003
73.82185
73.77032
73.87221
73.82058
73.92242
73.87077
73.97268
73.92057
74.02281
73.97202
74.07334
74.02099
74.12301
74.07117
74.17278
74.12178
74.22321
74.17138
74.27294
74.22158
74.32268
74.27182
74.37312
74.32224
74.42294
74.37228
74.47264
74.42237
74.52251
74.47263
74.57294
74.57288
74.62263
74.62312
74.67299
74.67283
74.7232
74.72323
74.77296
74.77343
74.82279
74.82311
74.8725
74.87294
74.92285
74.92274
74.97263
74.97237
75.02256
75.02213
75.07232
75.07227
75.12226
75.12238
75.17273
75.17258
75.22306
75.22247
75.2727
75.2728
75.31956
75.32257
75.36926
75.37273
75.41962
75.42281
75.46957
75.47248
75.51952
75.52293
75.56951
75.57256
75.61989
75.6226
75.66985
75.67249
75.71978
75.72255
75.76989
75.77222
75.82034
75.82256
75.87075
75.87238
75.9206
75.92208
75.97102
75.97252
76.02147
76.02229
76.07122
76.07201
76.12144
76.12201
76.1717
76.22171
76.2215
76.27214
76.27135
76.32222
76.32133
76.37247
76.37111
76.42226
76.42102
76.47264
76.4709
76.52232
76.52064
76.57224
76.57067
76.62261
76.62086
76.67231
76.67067
76.72215
76.72074
76.77261
76.77036
76.82225
76.82056
76.87205
76.87096
76.92204
76.92126
76.97176
76.97089
77.02223
77.02097
77.07259
77.07087
77.12251
77.12101
77.17286
77.17176
77.22254
77.22182
77.27299
77.27175
77.32265
77.32123
77.37471
77.37135
77.42332
77.42147
77.4735
77.47147
77.52306
77.52166
77.57278
77.57205
77.62278
77.62228
77.6729
77.67258
77.72295
77.72279
77.77332
77.77291
77.82352
77.82331
77.87328
77.87355
77.92295
77.92332
77.97257
77.97298
78.02298
78.02328
78.07276
78.07374
78.1229
78.12408
78.17274
78.17372
78.22312
78.21912
78.27309
78.26952
78.32304
78.36984
78.37289
78.41998
78.42262
78.46964
78.47231
78.51978
78.52208
78.57014
78.57218
78.62013
78.62183
78.6703
78.67221
78.71265
78.72249
78.76287
78.77269
78.81252
78.82291
78.86267
78.87301
78.91256
78.92303
78.96243
78.97305
79.01249
79.02267
79.06256
79.07264
79.1129
79.12257
79.16279
79.17227
79.21284
79.22272
79.26311
79.27235
79.31322
79.32227
79.36365
79.3721
79.4133
79.42196
79.4633
79.47194
79.51323
79.52197
79.56322
79.57224
79.61351
79.62247
79.66359
79.67233
79.71402
79.72213
79.76405
79.77232
79.81451
79.8221
79.86425
79.87227
79.91411
79.92199
79.96395
79.97173
80.01394
80.02212
80.0638
80.12196
80.11387
80.17165
80.16348
80.22145
80.21511
80.27119
80.26389
80.32158
80.31428
80.37128
80.36411
80.42108
80.41449
80.47114
80.46482
80.52124
80.51501
80.5713
80.56522
80.62155
80.61501
80.67167
80.66484
80.72166
80.7149
80.77165
80.76507
80.82155
80.81497
80.8717
80.86502
80.92171
80.91496
80.97178
80.96495
81.02152
81.0148
81.07124
81.06458
81.12124
81.1144
81.17126
81.16429
81.22139
81.21448
81.27171
81.26461
81.32207
81.31475
81.37221
81.36488
81.41818
81.41485
81.4678
81.46472
81.5181
81.51479
81.5679
81.56488
81.61774
81.61481
81.66759
81.66448
81.71752
81.71417
81.76739
81.76433
81.81702
81.81412
81.86678
81.86442
81.91702
81.91475
81.96703
81.96441
82.01688
82.01418
82.06729
82.06399
82.11708
82.11434
82.16691
82.16408
82.21711
82.21424
82.26749
82.26398
82.31785
82.31391
82.36826
82.36377
82.41791
82.41379
82.4677
82.46363
82.51809
82.51336
82.5677
82.56331
82.61742
82.61344
82.66715
82.66321
82.71682
82.71362
82.76667
82.76337
82.81702
82.81329
82.86667
82.86365
82.91644
82.91383
82.96615
82.96371
83.01604
83.01403
83.06596
83.06369
83.11617
83.11378
83.16599
83.16367
83.21643
83.21372
83.26616
83.26363
83.31657
83.3138
83.36639
83.36357
83.41676
83.41373
83.46674
83.46377
83.51709
83.51376
83.56736
83.56396
83.61774
83.61385
83.6685
83.66383
83.7183
83.71371
83.76801
83.76342
83.81769
83.81379
83.86735
83.86423
83.91713
83.9139
83.96713
83.96382
84.01686
84.01409
84.06675
84.06382
84.11661
84.11358
84.16679
84.16331
84.21655
84.21302
84.26626
84.26304
84.31653
84.31282
84.36671
84.36264
84.41698
84.4125
84.46687
84.46229
84.51674
84.51197
84.56641
84.5621
84.61646
84.61201
84.66694
84.66175
84.7166
84.71161
84.7664
84.76157
84.81625
84.81161
84.86668
84.86157
84.91674
84.91129
84.96687
84.96136
85.01732
85.01169
85.06704
85.06215
85.11677
85.11192
85.16644
85.16228
85.21626
85.21217
85.26673
85.26181
85.31704
85.31229
85.36727
85.3625
85.41751
85.41223
85.46741
85.4619
85.51745
85.51173
85.56741
85.56145
85.98196
85.61102
86.04306
85.66118
86.07178
85.71135
86.12199
85.76169
86.20612
85.81181
86.22073
85.86208
86.24052
85.91209
86.25452
85.94568
86.26905
85.97846
86.28539
86.01997
86.33334
86.05502
86.41348
86.10479
86.42494
86.15192
86.43921
86.17748
86.44665
86.19221
86.4605
86.22061
86.4733
86.2396
86.48796
86.25948
86.50011
86.27493
86.51414
86.29121
86.52403
86.30579
86.53941
86.32039
86.55341
86.33775
86.56805
86.35327
86.58428
86.37139
86.5929
86.38625
86.60704
86.40141
86.62157
86.41954
86.63345
86.43842
86.64671
86.45311
86.66302
86.46872
86.6768
86.48461
86.69364
86.49953
86.70874
86.51764
86.72361
86.53201
86.74145
86.54644
86.756
86.56273
86.76848
86.57565
86.78578
86.59124
86.80816
86.60548
86.8215
86.61916
86.83818
86.63647
86.85245
86.65544
86.86882
86.6741
86.88763
86.69044
86.90228
86.70764
86.9186
86.72898
86.93038
86.7624
86.9464
86.7804
86.9646
86.80243
86.98615
86.8179
87.00008
86.83309
87.02361
86.84766
87.04604
86.86823
87.06443
86.89069
87.08724
86.92445
87.11417
86.95387
87.14035
86.97829
87.17248
87.01557
87.2029
87.04671
87.23497
87.07451
87.26191
87.10045
87.28356
87.13165
87.30219
87.15577
87.32392
87.18243
87.33964
87.2036
87.35348
87.24747
87.37267
87.25943
87.38724
87.27416
87.40024
87.31603
87.41335
87.32343
87.42213
87.33308
87.43786
87.34435
87.45097
87.4171
87.46383
87.42822
87.47644
87.44193
87.48915
87.45502
87.50143
87.46584
87.51224
87.47511
87.52583
87.48599
87.5394
87.49635
87.55981
87.50564
87.5752
87.51297
87.58463
87.52645
87.5978
87.53683
87.61017
87.55075
87.62167
87.56201
87.63597
87.57452
87.64613
87.58862
87.65903
87.5997
87.66967
87.61127
87.6851
87.62589
87.69593
87.63665
87.70969
87.66424
87.71934
87.67549
87.73428
87.68723
87.74903
87.70319
87.75879
87.71837
87.77268
87.73158
87.7826
87.74403
87.79339
87.75559
87.80666
87.77019
87.82013
87.78085
87.8331
87.79436
87.8435
87.80698
87.8553
87.81858
87.86461
87.82892
87.8764
87.83932
87.88886
87.85513
87.90239
87.86926
87.90975
87.87666
87.92236
87.89212
87.93633
87.90659
87.94357
87.91902
87.9539
87.93159
87.96492
87.94186
87.98759
87.95456
87.99686
87.96916
88.01952
87.9817
88.02695
87.99432
88.03622
88.00816
88.04348
88.01735
88.05386
88.03004
88.06721
88.04069
88.07462
88.05338
88.08386
88.06516
88.09576
88.07442
88.10301
88.0884
88.11025
88.09578
88.11953
88.10605
88.13129
88.11639
88.14056
88.13142
88.14982
88.13977
88.1591
88.15474
88.1664
88.16405
88.17567
88.17751
88.18601
88.19203
88.19633
88.2009
88.20816
88.22311
88.22448
88.23192
88.23283
88.24441
88.25199
88.25648
88.26081
88.2691
88.28284
88.28314
88.29258
88.29861
88.30682
88.31118
88.31409
88.32045
88.32762
88.32973
88.34415
88.34004
88.35444
88.34723
88.36362
88.35443
88.37082
88.36469
88.38251
88.37193
88.39175
88.3846
88.40099
88.39674
88.41135
88.40607
88.42764
88.4221
88.43809
88.43276
88.45745
88.44196
88.46858
88.45641
88.49061
88.47144
88.49982
88.4859
88.51919
88.49615
88.53188
88.51205
88.54818
88.52264
88.56104
88.54216
88.58646
88.559
88.59387
88.56818
88.61388
88.58224
88.62179
88.60311
88.63864
88.61061
88.65295
88.62803
88.66298
88.63956
88.67733
88.65301
88.68933
88.66647
88.70268
88.68103
88.71008
88.6921
88.72466
88.70461
88.73384
88.7164
88.74415
88.72566
88.75675
88.73313
88.76598
88.74239
88.77933
88.75271
88.78667
88.76311
88.79839
88.77924
88.80881
88.79032
88.82342
88.80961
88.83735
88.82391
88.85352
88.847
88.87041
88.85727
88.87718
88.87826
88.8916
88.88649
88.9061
88.90327
88.91755
88.91116
88.93021
88.92674
88.94521
88.93413
88.95853
88.9502
88.97047
88.96636
88.98918
88.99101
89.01508
89.0097
89.02422
89.02365
89.04967
89.0403
89.06305
89.05372
89.07558
89.06765
89.09386
89.0769
89.10564
89.09164
89.11301
89.10265
89.12634
89.11604
89.13554
89.12777
89.14579
89.138
89.15505
89.15057
89.16206
89.16083
89.17231
89.17003
89.18148
89.18256
89.19103
89.19168
89.20126
89.20602
89.2123
89.21336
89.2215
89.22253
89.23067
89.23173
89.24234
89.2389
89.24952
89.24615
89.25877
89.25948
89.26803
89.26685
89.28079
89.2795
89.29101
89.28982
89.30276
89.30425
89.31339
89.31456
89.32621
89.32169
89.33544
89.33556
89.34471
89.34277
89.35724
89.352
89.36898
89.3594
89.37638
89.36861
89.38287
89.37783
89.39217
89.38814
89.40389
89.4016
89.41127
89.41336
89.42054
89.42223
89.43223
89.43148
89.43945
89.4387
89.4512
89.45034
89.45847
89.45955
89.46767
89.46874
89.47505
89.47798
89.48225
89.48826
89.48951
89.49751
89.49657
89.50494
89.50346
89.51521
89.51267
89.52245
89.52012
89.53512
89.53038
89.54253
89.5376
89.55278
89.54887
89.56016
89.55814
89.56943
89.57074
89.58118
89.57793
89.5938
89.59061
89.60123
89.60394
89.61045
89.61832
89.61974
89.62997
89.63387
89.63723
89.64613
89.6499
89.65648
89.66258
89.67242
89.67525
89.68168
89.68913
89.69442
89.69827
89.7066
89.71106
89.72972
89.72445
89.74244
89.73634
89.75413
89.74733
89.7634
89.76072
89.77262
89.77313
89.78288
89.78583
89.79318
89.79504
89.80242
89.81018
89.81458
89.8223
89.82484
89.83283
89.83229
89.84446
89.84498
89.85627
89.8536
89.86813
89.86393
89.87673
89.87569
89.88943
89.88629
89.89677
89.89658
89.9094
89.90578
89.91678
89.91299
89.92706
89.92322
89.9384
89.93249
89.94863
89.94273
89.95589
89.95008
89.96291
89.95728
89.96993
89.9768
89.97699
89.98399
89.98419
89.9912
89.99146
90.00046
